0.020175,5,-0.944,-0.04,-0.18,-0.27,48.09,18.58,10.76,-0.06,-0.01,0.04,3.8,0,-0.92,-1.07,-0.37,0.22,0.94
0.02198
0.066503,2,-0.709,-0.06,-0.02,0.7,284.69,6.09,3.22,-0.03,-0,-0,3.87,0.61,0.76,-1.37,-0.11,0.03,0.99
0.067949,3,-0.877,0.09,-0.03,-0.47,70.04,7.43,-7.32,-0.03,0.01,0,3.73,-0.15,0.15,0.46,-0.15,-0.11,0.99
0.12052,4,-0.937,0.07,-0.23,0.25,340.62,23.29,-15.36,-0,-0.01,-0.01,3.72,1.83,-1.83,0.92,-0.4,-0.24,0.88
0.12204,7,-0.987,-0.08,0.08,-0.12,27.33,-9.61,7.75,-0.01,-0,-0,0,0.15,0.31,0.92,0.15,0.14,0.98
0.12614,0,0.042,-0.08,-0.03,-1,198.59,-9.68,3.04,-0.01,-0.01,0,3.85,0,0.15,0.15,0.17,0.04,0.98
0.12771,6,0.991,-0.01,-0.1,-0.09,3.53,-11.38,-0.44,-0,0,0,3.74,0.15,0,0.46,0.2,-0.01,0.98
0.13214,5,-0.944,-0.04,-0.18,-0.27,47.92,18.62,10.88,-0.05,0,0.02,3.8,1.83,1.22,0.61,-0.36,0.2,0.93
0.13361,1,0.08,-0.1,-0.01,0.99,184.6,11.52,-1.65,-0.04,0,0,3.85,0,-0.92,1.22,-0.17,-0.02,0.99
0.15458,2,-0.709,-0.06,-0.02,0.7,284.66,6.15,3.19,-0.02,-0,0,3.87,0.61,0,1.07,-0.11,0.04,1
0.15617,3,-0.878,0.09,-0.03,-0.47,69.97,7.43,-7.3,-0.02,0,-0,3.73,-0.15,0,-0.31,-0.14,-0.11,0.99
0.21374,4,-0.938,0.07,-0.23,0.25,340.86,23.14,-15.1,-0.01,-0,0.02,3.72,1.37,-2.14,1.83,-0.41,-0.25,0.9
0.21544,7,-0.987,-0.08,0.08,-0.12,27.28,-9.59,7.79,-0.02,-0.01,-0,0,0,0.15,-0.61,0.15,0.14,0.97
0.21919,0,0.042,-0.08,-0.03,-1,198.65,-9.65,3.06,-0.01,-0,0,3.85,0.61,0.76,1.07,0.18,0.05,0.98
0.22059,6,0.991,-0.01,-0.1,-0.09,3.51,-11.41,-0.42,0,0,0,3.74,-0.15,0,0,0.2,-0.01,0.98
0.22417,5,-0.944,-0.04,-0.18,-0.27,48.07,18.72,11.02,-0.04,0,0.01,3.8,0.61,0.92,1.07,-0.36,0.2,0.93
0.2257,1,0.08,-0.1,-0.01,0.99,184.72,11.4,-1.58,-0.04,-0.01,0,3.85,0.15,0,0.31,-0.16,-0.03,0.99
0.25356,2,-0.709,-0.06,-0.02,0.7,284.68,6.23,3.32,-0.02,0,0,3.87,0.46,0.46,-0.15,-0.1,0.04,1
0.2551,3,-0.878,0.09,-0.03,-0.47,69.99,7.41,-7.31,-0.03,0.01,0,3.73,-0.31,0,0,-0.15,-0.11,0.99
0.33002,4,-0.939,0.07,-0.23,0.25,341.09,23.08,-14.95,-0.02,0,0.01,3.72,0.46,-0.31,1.37,-0.41,-0.25,0.89
0.33162,7,-0.987,-0.08,0.07,-0.12,27.24,-9.49,7.82,-0.01,-0.01,0,0,-0.15,0,-0.61,0.15,0.14,0.98
0.3359,0,0.043,-0.08,-0.03,-1,198.77,-9.72,3.1,-0,0,0,3.85,0.31,0,1.07,0.18,0.06,0.99
0.33734,6,0.991,-0.01,-0.1,-0.09,3.49,-11.37,-0.43,-0,0,0,3.74,-0.31,0,-0.15,0.2,-0.01,0.98
0.34123,5,-0.943,-0.04,-0.18,-0.27,48.12,18.83,11.18,-0.03,0.01,0.01,3.8,-0.15,0,0,-0.35,0.2,0.93
0.34262,1,0.08,-0.1,-0.01,0.99,184.73,11.34,-1.57,-0.04,0,0,3.85,0.15,-1.07,-0.15,-0.16,-0.02,0.99
0.36665,2,-0.709,-0.06,-0.02,0.7,284.73,6.24,3.2,-0.01,0.01,0,3.87,-0.92,0.31,1.83,-0.11,0.04,1
0.36831,3,-0.878,0.09,-0.03,-0.47,69.92,7.4,-7.23,-0.02,0.01,0,3.73,0.61,0,0.92,-0.15,-0.11,0.99
0.41422,4,-0.939,0.07,-0.23,0.25,341.12,23.1,-14.85,-0.01,0.01,0.02,3.72,-0.61,0.92,0.15,-0.4,-0.25,0.9
0.41617,7,-0.987,-0.08,0.07,-0.12,27.12,-9.51,7.84,-0.01,0,-0,0,0,0.15,-0.31,0.15,0.14,0.98
0.4216,0,0.044,-0.08,-0.03,-1,198.85,-9.73,3.14,-0.01,-0.01,0,3.85,0,0,0.31,0.18,0.05,0.98
0.42303,6,0.991,-0.01,-0.1,-0.09,3.38,-11.33,-0.43,0,0,0,3.74,-0.15,0,-0.31,0.2,-0.01,0.98
0.42703,5,-0.944,-0.04,-0.18,-0.27,48.04,18.79,11.01,-0.04,0,0.02,3.8,-2.14,-1.07,0,-0.36,0.21,0.93
0.42862,1,0.08,-0.1,-0.01,0.99,184.64,11.23,-1.58,-0.03,0,0,3.85,0,-0.76,-0.15,-0.17,-0.02,0.99
0.45339,2,-0.709,-0.06,-0.02,0.7,284.8,6.24,3.07,-0.01,-0,-0,3.87,-0.76,0.46,0.92,-0.11,0.04,0.99
0.455,3,-0.878,0.09,-0.03,-0.47,69.98,7.43,-7.2,-0.03,0,0.01,3.73,0.76,0.15,0,-0.15,-0.1,0.99
0.53182,4,-0.939,0.07,-0.23,0.25,341.06,23.14,-15.04,-0,0,0,3.72,-2.44,1.37,-0.15,-0.4,-0.24,0.89
0.53339,7,-0.987,-0.08,0.07,-0.12,27.13,-9.51,7.82,-0.02,0,-0,0,0,0,-0.15,0.15,0.14,0.98
0.53699,0,0.044,-0.08,-0.03,-1,198.85,-9.8,3.13,-0,0,0,3.85,0.15,-0.31,-0.31,0.18,0.05,0.98
0.5384,6,0.991,-0.01,-0.1,-0.09,3.3,-11.31,-0.43,0,0,0,3.74,0,-0.15,-0.46,0.2,-0.01,0.98
0.54192,5,-0.944,-0.04,-0.18,-0.27,48.02,18.69,10.81,-0.05,-0.01,0.02,3.8,0,-0.76,-1.22,-0.37,0.21,0.93
0.54347,1,0.08,-0.1,-0.01,0.99,184.68,11.32,-1.55,-0.04,0,0,3.85,0.15,0,-0.15,-0.16,-0.02,0.99
0.56393,2,-0.709,-0.06,-0.02,0.7,284.79,6.2,3,-0.02,-0,0.01,3.87,-0.92,-0.31,0.46,-0.11,0.04,1
0.56596,3,-0.878,0.09,-0.03,-0.47,69.96,7.5,-7.11,-0.03,0,0.01,3.73,1.22,0.31,-0.31,-0.15,-0.11,0.99
0.62248,4,-0.939,0.07,-0.23,0.25,341.07,23.24,-15.16,0,-0,0.01,3.72,-0.31,0.15,0.31,-0.4,-0.24,0.9
0.62404,7,-0.987,-0.08,0.07,-0.12,27.13,-9.47,7.8,-0.01,0,-0,0,0,0,-0.15,0.16,0.14,0.98
0.62771,0,0.043,-0.08,-0.03,-0.99,198.78,-9.87,3.09,-0,0,0,3.85,-0.15,-0.31,-0.15,0.18,0.05,0.98
0.62968,6,0.991,-0.01,-0.1,-0.09,3.3,-11.36,-0.44,-0,-0,0,3.74,0,0.15,-0.15,0.19,-0.01,0.98
0.63402,5,-0.944,-0.04,-0.18,-0.27,48.04,18.78,10.88,-0.05,-0,0.02,3.8,1.22,0.46,-0.15,-0.37,0.21,0.93
0.63548,1,0.08,-0.1,-0.01,0.99,184.68,11.29,-1.51,-0.03,0,0,3.85,0,0,-0.46,-0.16,-0.02,0.99
0.65857,2,-0.71,-0.06,-0.02,0.7,284.84,6.17,2.96,-0.01,-0,0,3.87,0,0,-1.37,-0.11,0.04,1
0.66008,3,-0.878,0.08,-0.03,-0.47,69.91,7.58,-6.95,-0.02,0,0,3.73,0.76,0.31,-0.46,-0.15,-0.1,0.99
0.71647,4,-0.939,0.07,-0.23,0.25,341.11,23.24,-15.19,-0,-0,0,3.72,0.31,-0.15,0,-0.4,-0.24,0.89
0.718,7,-0.987,-0.08,0.07,-0.12,27.17,-9.48,7.77,-0.01,0,-0,0,-0.15,0.15,0.31,0.15,0.14,0.98
0.72146,0,0.043,-0.09,-0.03,-0.99,198.74,-9.94,3.05,-0.01,0,0,3.85,0,-0.61,0.15,0.18,0.05,0.99
0.72282,6,0.991,-0.01,-0.1,-0.09,3.29,-11.32,-0.46,-0.01,-0,0,3.74,-0.15,0.31,0.46,0.19,-0.01,0.98
0.72628,5,-0.944,-0.04,-0.18,-0.27,48.01,18.91,11.06,-0.04,-0,0.02,3.8,1.07,0.76,-0.61,-0.36,0.21,0.93
0.72771,1,0.08,-0.1,-0.01,0.99,184.68,11.16,-1.51,-0.02,-0,0.01,3.85,0,0,0.15,-0.17,-0.03,0.99
0.77852,2,-0.709,-0.06,-0.02,0.7,284.76,6.18,2.89,-0.02,-0,0,3.87,-0.15,0.15,-0.46,-0.11,0.04,1
0.78031,3,-0.879,0.08,-0.03,-0.47,69.74,7.62,-6.92,-0.02,0.01,0.01,3.73,0.61,0.61,-1.83,-0.14,-0.11,0.98
0.83238,4,-0.939,0.07,-0.23,0.25,341.17,23.19,-15.04,-0.01,0,0.01,3.72,1.07,-0.46,0.15,-0.41,-0.25,0.89
0.83406,7,-0.987,-0.08,0.07,-0.12,27.23,-9.42,7.76,-0.01,-0,0,0,0,0.61,0,0.15,0.14,0.98
0.83767,0,0.043,-0.09,-0.03,-0.99,198.69,-9.99,3.06,-0,0,0,3.85,0.31,-0.92,0,0.18,0.05,0.99
0.83908,6,0.991,-0.01,-0.1,-0.09,3.37,-11.28,-0.51,0,-0,0,3.74,-0.46,0.15,-0.46,0.19,-0,0.98
0.84257,5,-0.943,-0.04,-0.19,-0.27,47.98,19.09,11.18,-0.04,-0,0.02,3.8,0.76,0.61,-0.61,-0.36,0.2,0.93
0.84397,1,0.08,-0.1,-0.01,0.99,184.68,11,-1.48,-0.02,0,0.01,3.85,0.15,0.15,-0.46,-0.16,-0.02,0.99
0.86569,2,-0.709,-0.06,-0.02,0.7,284.67,6.23,2.91,-0.01,0.01,0.01,3.87,0,0.46,-1.53,-0.11,0.03,1
0.86731,3,-0.878,0.08,-0.03,-0.47,69.81,7.64,-6.91,-0.02,0.01,0,3.73,0,0,1.37,-0.15,-0.1,0.98
0.92356,4,-0.939,0.07,-0.23,0.25,341.16,23.27,-14.95,-0.01,0,0.01,3.72,0.76,0.61,0,-0.41,-0.25,0.89
0.92515,7,-0.987,-0.08,0.07,-0.12,27.2,-9.28,7.78,-0.01,0,-0,0,-0.15,0.15,-0.46,0.15,0.13,0.98
0.92994,0,0.042,-0.09,-0.03,-0.99,198.62,-10.15,3.07,-0.01,0.01,0,3.85,0.15,-1.37,-0.15,0.18,0.06,0.99
0.93163,6,0.991,-0.01,-0.1,-0.09,3.29,-11.23,-0.53,0,-0,0,3.74,-0.31,0,0,0.19,-0.01,0.98
0.93582,5,-0.944,-0.04,-0.19,-0.27,47.85,19.15,11.28,-0.04,0,0.02,3.8,1.07,0.15,-1.37,-0.36,0.2,0.93
0.93731,1,0.081,-0.1,-0.01,0.99,184.6,10.99,-1.5,-0.03,-0,0.01,3.85,0,0.61,-0.61,-0.16,-0.02,0.99
0.9626,2,-0.708,-0.06,-0.02,0.7,284.54,6.28,2.88,-0.03,0,0,3.87,-0.46,0.31,0,-0.11,0.03,1
0.96467,3,-0.878,0.08,-0.03,-0.47,69.84,7.69,-6.87,-0.02,0,0.01,3.73,0.15,0,0.31,-0.14,-0.11,0.99
1.0316,4,-0.939,0.07,-0.23,0.25,341.14,23.29,-14.93,-0.01,0.01,0.01,3.72,0,0.31,0.76,-0.4,-0.25,0.89
1.0348,7,-0.987,-0.08,0.07,-0.12,27.17,-9.24,7.77,-0.02,-0,0,0,0,0.46,0,0.15,0.14,0.98
1.0388,0,0.042,-0.09,-0.03,-0.99,198.6,-10.27,3.1,-0.01,-0,0,3.85,0,-0.76,1.07,0.19,0.04,0.98
1.0403,6,0.991,-0.01,-0.1,-0.09,3.22,-11.23,-0.53,-0,0,0,3.74,-0.15,0.15,-0.46,0.19,-0.01,0.98
1.0441,5,-0.944,-0.05,-0.19,-0.27,47.67,19.19,11.31,-0.03,0,0.02,3.8,0.46,0.46,0.31,-0.36,0.2,0.93
1.0463,1,0.081,-0.1,-0,0.99,184.55,10.87,-1.47,-0.03,0,0,3.85,0,-0.15,-0.31,-0.16,-0.02,0.99
1.0638,2,-0.708,-0.06,-0.02,0.7,284.53,6.31,2.83,-0.02,-0,0,3.87,0,0.15,2.44,-0.11,0.03,1
1.0657,3,-0.878,0.08,-0.03,-0.47,69.97,7.68,-6.89,-0.02,0,0.01,3.73,0,-0.15,1.68,-0.15,-0.1,0.99
1.1301,4,-0.939,0.07,-0.23,0.25,341.19,23.22,-14.88,-0.01,0,0,3.72,-1.37,-0.46,1.53,-0.4,-0.25,0.89
1.1322,7,-0.987,-0.08,0.07,-0.12,27.15,-9.06,7.8,-0.01,0,-0,0,0,0.46,0.31,0.15,0.13,0.98
1.1364,0,0.043,-0.09,-0.03,-0.99,198.75,-10.34,3.14,-0.01,0,0,3.85,0,-0.15,0.15,0.19,0.06,0.98
1.1379,6,0.991,-0.01,-0.1,-0.09,3.24,-11.29,-0.57,-0,0,0,3.74,-0.31,0,-0.15,0.19,-0.01,0.98
1.1421,5,-0.944,-0.04,-0.19,-0.27,47.73,19.24,11.29,-0.03,-0,0.01,3.8,-0.15,-0.15,-0.31,-0.36,0.21,0.92
1.1438,1,0.081,-0.1,-0,0.99,184.54,10.83,-1.45,-0.02,0,0.01,3.85,0,-0.46,0,-0.16,-0.02,0.99
1.1646,2,-0.708,-0.06,-0.02,0.7,284.59,6.33,2.74,-0.01,0,0,3.87,-0.46,-0.92,0.31,-0.11,0.04,1
1.1669,3,-0.877,0.08,-0.03,-0.47,70.11,7.7,-6.85,-0.02,0,0.01,3.73,0.46,-0.15,0.46,-0.15,-0.1,0.99
1.2375,4,-0.939,0.07,-0.23,0.25,341.31,23.21,-14.97,-0.01,-0,0.01,3.72,-0.46,0,0.15,-0.4,-0.24,0.89
1.239,7,-0.988,-0.08,0.07,-0.12,27.22,-8.95,7.76,-0.01,0,-0,0,0,0.46,0.31,0.14,0.14,0.98
1.2425,0,0.043,-0.09,-0.03,-0.99,198.74,-10.41,3.1,-0,0,0,3.85,0,-0.46,0.31,0.19,0.05,0.98
1.244,6,0.991,-0.01,-0.1,-0.09,3.24,-11.3,-0.6,-0.01,-0,0,3.74,-0.31,0.15,-0.15,0.19,-0.01,0.98
1.2482,5,-0.944,-0.04,-0.19,-0.27,47.69,19.26,11.23,-0.03,-0,0.02,3.8,-0.46,0,0,-0.36,0.21,0.93
1.2499,1,0.082,-0.09,-0,0.99,184.47,10.75,-1.44,-0.02,0,0,3.85,0.15,0,0,-0.17,-0.02,0.99
1.2716,2,-0.708,-0.06,-0.02,0.7,284.57,6.36,2.78,-0.02,0,0.01,3.87,0,0,0.15,-0.11,0.03,1
1.2734,3,-0.877,0.08,-0.03,-0.47,70.21,7.73,-6.77,-0.03,0,0,3.73,0.46,0.15,0.31,-0.15,-0.1,0.99
1.3365,4,-0.939,0.07,-0.23,0.25,341.36,23.15,-14.95,-0.01,-0.01,0.01,3.72,-0.61,-0.15,0.76,-0.41,-0.24,0.89
1.338,7,-0.988,-0.08,0.07,-0.12,27.3,-8.84,7.74,-0.01,-0,-0,0,0,0.46,0,0.14,0.13,0.98
1.3432,0,0.043,-0.09,-0.03,-0.99,198.74,-10.44,3.05,-0,0,0,3.85,-0.15,-0.46,0.76,0.19,0.05,0.98
1.3447,6,0.991,-0.02,-0.1,-0.09,3.35,-11.17,-0.69,0,0,0,3.74,-0.15,0.15,0.31,0.2,-0.01,0.98
1.3499,5,-0.944,-0.04,-0.19,-0.27,47.7,19.31,11.3,-0.04,-0,0.01,3.8,0.15,0,0.15,-0.37,0.21,0.92
1.3514,1,0.082,-0.09,-0,0.99,184.51,10.67,-1.42,-0.03,0,-0,3.85,0.15,-0.15,0.15,-0.15,-0.02,0.99
1.3706,2,-0.708,-0.06,-0.02,0.7,284.55,6.42,2.66,-0.02,0,0,3.87,-0.15,0.46,0.76,-0.11,0.03,0.99
1.3721,3,-0.877,0.08,-0.03,-0.47,70.14,7.74,-6.61,-0.02,0,0,3.73,0.92,0.61,-1.98,-0.15,-0.1,0.99
1.4424,4,-0.94,0.07,-0.23,0.25,341.53,23.27,-14.95,-0.01,-0.01,0.01,3.72,0.46,-0.15,1.68,-0.41,-0.24,0.89
1.4439,7,-0.988,-0.08,0.07,-0.12,27.25,-8.82,7.76,-0.02,0,-0,0,0,0.92,0,0.13,0.13,0.98
1.4485,0,0.044,-0.09,-0.03,-0.99,198.88,-10.5,3.09,-0.01,0,0,3.85,0,-0.61,1.07,0.19,0.06,0.98
1.4502,6,0.991,-0.02,-0.1,-0.09,3.33,-11.15,-0.72,-0.01,0,0,3.74,-0.15,0.15,-0.15,0.19,-0.02,0.98
1.4543,5,-0.944,-0.04,-0.19,-0.27,47.73,19.38,11.34,-0.04,-0,0.02,3.8,0.46,0.31,0.31,-0.37,0.21,0.93
1.4557,1,0.081,-0.09,-0,0.99,184.55,10.57,-1.39,-0.03,0,-0,3.85,0,-0.76,0,-0.15,-0.02,0.99
1.4748,2,-0.708,-0.06,-0.02,0.7,284.59,6.49,2.56,-0.02,0,0.01,3.87,-0.31,0.61,0.61,-0.11,0.03,1
1.4764,3,-0.877,0.08,-0.03,-0.47,70.18,7.82,-6.61,-0.02,0.01,0,3.73,0,0,0.76,-0.15,-0.1,0.98
1.5327,4,-0.94,0.07,-0.23,0.25,341.69,23.42,-14.83,-0.01,0.01,0.01,3.72,0.61,0.15,1.53,-0.41,-0.25,0.89
1.5342,7,-0.987,-0.08,0.07,-0.12,27.32,-8.83,7.75,0,0,-0,0,-0.15,-0.46,0.46,0.16,0.13,0.98
1.5384,0,0.045,-0.09,-0.03,-0.99,198.99,-10.61,3.13,-0.01,0,0,3.85,0,-0.92,0.76,0.19,0.05,0.98
1.54,6,0.991,-0.02,-0.1,-0.09,3.32,-11.04,-0.76,-0,0,0,3.74,0,-0.31,0.15,0.19,-0.02,0.99
1.5437,5,-0.943,-0.05,-0.19,-0.27,47.81,19.55,11.52,-0.04,0,0.01,3.8,0.92,0.92,0.31,-0.37,0.2,0.92
1.5451,1,0.081,-0.09,-0,0.99,184.59,10.36,-1.34,-0.02,0,0.01,3.85,-0.15,-0.31,-0.15,-0.16,-0.02,1
1.5834,2,-0.709,-0.06,-0.03,0.7,284.67,6.54,2.48,-0.01,0,0,3.87,-0.76,0.31,0.92,-0.11,0.03,1
1.5856,3,-0.877,0.08,-0.03,-0.47,70.17,7.79,-6.67,-0.03,0,0.01,3.73,0,-0.15,0,-0.15,-0.09,1
1.6365,4,-0.94,0.07,-0.23,0.24,341.75,23.55,-14.85,-0.01,0.01,0.01,3.72,-0.31,0.92,1.07,-0.41,-0.25,0.89
1.6381,7,-0.988,-0.08,0.07,-0.12,27.32,-8.76,7.74,-0.02,-0,0,0,0,0,0,0.14,0.14,0.98
1.6418,0,0.046,-0.09,-0.03,-0.99,199.05,-10.73,3.17,-0,-0,0,3.85,0,-0.76,0.76,0.19,0.05,0.98
1.6432,6,0.991,-0.02,-0.1,-0.09,3.48,-11.12,-0.82,-0,0,0,3.74,0,0,0.46,0.19,-0.01,0.98
1.6474,5,-0.943,-0.05,-0.19,-0.27,47.81,19.69,11.62,-0.02,0,0.02,3.8,0.76,0.76,0,-0.36,0.2,0.93
1.6503,1,0.08,-0.09,-0,0.99,184.67,10.36,-1.32,-0.03,0.01,-0,3.85,0,-0.92,0.15,-0.15,-0.01,0.99
1.6706,2,-0.709,-0.05,-0.03,0.7,284.64,6.54,2.4,-0.02,-0,0,3.87,-0.31,-0.46,0.76,-0.12,0.02,1
1.6722,3,-0.877,0.08,-0.03,-0.47,70.15,7.8,-6.74,-0.02,0.01,0.01,3.73,-0.76,0,0.76,-0.15,-0.1,0.99
1.7285,4,-0.939,0.07,-0.23,0.24,341.69,23.63,-14.96,-0.01,0.01,0,3.72,-1.22,0.15,0.15,-0.4,-0.25,0.89
1.7308,7,-0.987,-0.08,0.07,-0.12,27.39,-8.8,7.72,-0,-0,-0.01,0,0.15,-0.15,0,0.15,0.14,0.98
1.7353,0,0.047,-0.09,-0.03,-0.99,199.18,-10.8,3.21,-0.01,0.01,0,3.85,0,0,-0.31,0.2,0.06,0.98
1.7368,6,0.991,-0.02,-0.1,-0.09,3.41,-11.15,-0.77,-0,0,0,3.74,0,0.31,0.61,0.19,-0.02,0.98
1.7408,5,-0.943,-0.05,-0.19,-0.27,47.81,19.78,11.75,-0.03,-0,0.01,3.8,0.15,0,0.46,-0.36,0.21,0.92
1.7423,1,0.079,-0.09,-0,0.99,184.86,10.23,-1.26,-0.02,-0,0.01,3.85,0,-1.37,0,-0.16,-0.03,1
1.7905,2,-0.709,-0.05,-0.03,0.7,284.69,6.5,2.39,-0.01,0.01,-0,3.87,0,-1.53,-0.92,-0.1,0.03,0.99
1.792,3,-0.877,0.08,-0.03,-0.47,70.2,7.87,-6.7,-0.03,0,0.01,3.73,0,0,-0.15,-0.15,-0.09,0.99
1.8445,4,-0.939,0.07,-0.23,0.25,341.55,23.62,-15.06,-0,0,0,3.72,0.31,0.15,-2.14,-0.4,-0.24,0.89
1.846,7,-0.988,-0.08,0.07,-0.12,27.24,-8.85,7.8,-0.01,0,0,0,0,0,0.61,0.14,0.14,0.98
1.8507,0,0.046,-0.09,-0.03,-0.99,199.06,-10.76,3.22,-0.01,0,0,3.85,0.15,-0.31,-0.46,0.19,0.06,0.98
1.8522,6,0.991,-0.02,-0.1,-0.09,3.53,-11.14,-0.79,-0,-0.01,0,3.74,0,0,0.46,0.19,-0.01,0.98
1.8559,5,-0.943,-0.05,-0.19,-0.27,47.74,19.74,11.63,-0.03,0,0.02,3.8,-1.37,-0.61,0,-0.37,0.21,0.93
1.8573,1,0.079,-0.09,-0,0.99,184.87,10.11,-1.28,-0.02,-0,0.01,3.85,-0.15,-0.15,0.15,-0.16,-0.02,1
1.8785,2,-0.708,-0.05,-0.02,0.7,284.55,6.33,2.34,-0.01,-0,0.01,3.87,0.46,-1.07,-1.22,-0.11,0.03,1
1.8803,3,-0.877,0.08,-0.03,-0.47,70.14,7.92,-6.61,-0.01,0,0,3.73,0,0,0.46,-0.15,-0.1,0.98
1.9481,4,-0.939,0.07,-0.23,0.25,341.34,23.51,-15.07,-0.01,0,0.01,3.72,0,-0.31,-1.53,-0.41,-0.24,0.89
1.9502,7,-0.987,-0.08,0.07,-0.12,27.3,-8.87,7.78,-0.01,-0,-0,0,0,-0.15,-0.46,0.15,0.14,0.98
1.954,0,0.045,-0.09,-0.03,-0.99,198.96,-10.73,3.23,-0,0,0,3.85,0,0.92,-0.15,0.19,0.06,0.98
1.9555,6,0.991,-0.02,-0.1,-0.09,3.53,-11.13,-0.78,0,-0,0,3.74,-0.15,0,0,0.19,-0.01,0.98
1.9594,5,-0.943,-0.05,-0.19,-0.27,47.81,19.75,11.56,-0.03,0,0.01,3.8,-0.31,0.15,0.92,-0.37,0.21,0.92
1.9609,1,0.078,-0.09,-0,0.99,184.92,10.08,-1.28,-0.02,0,0.01,3.85,0,0,-0.61,-0.15,-0.02,0.99
1.9796,2,-0.708,-0.05,-0.02,0.7,284.45,6.28,2.4,-0.02,0,0,3.87,0.61,-0.31,0.15,-0.11,0.02,1
1.9819,3,-0.877,0.08,-0.03,-0.47,70.18,7.86,-6.58,-0.02,0,0,3.73,0.92,-0.31,-0.46,-0.15,-0.1,0.99
2.0386,4,-0.939,0.07,-0.23,0.25,341.31,23.42,-15.1,-0.01,-0,0.01,3.72,0.92,-0.92,0,-0.41,-0.24,0.89
2.0401,7,-0.987,-0.08,0.07,-0.12,27.35,-8.8,7.73,-0.01,0,-0,0,-0.15,-0.15,0.15,0.14,0.14,0.98
2.0437,0,0.044,-0.09,-0.03,-0.99,198.85,-10.62,3.17,-0.01,0,0.01,3.85,0,0.61,0,0.19,0.06,0.99
2.0451,6,0.991,-0.02,-0.1,-0.09,3.55,-11.06,-0.81,-0,0,0,3.74,-0.15,0,-0.15,0.19,-0.02,0.98
2.0504,5,-0.943,-0.04,-0.19,-0.27,47.87,19.74,11.51,-0.03,-0,0.02,3.8,-0.61,0,0.15,-0.37,0.21,0.93
2.0526,1,0.079,-0.09,-0,0.99,184.83,10.02,-1.29,-0.02,-0,0,3.85,0,-0.15,-0.15,-0.15,-0.02,0.99
2.0729,2,-0.707,-0.05,-0.02,0.71,284.32,6.32,2.48,-0.01,0,0.01,3.87,0.61,0,-0.15,-0.11,0.03,1
2.0748,3,-0.877,0.08,-0.03,-0.47,70.26,7.82,-6.52,-0.02,0,0,3.73,0,-0.92,0,-0.15,-0.1,0.99
2.1328,4,-0.939,0.07,-0.23,0.25,341.32,23.35,-15.03,-0.01,0,0.01,3.72,0.31,-0.15,-0.15,-0.41,-0.25,0.89
2.1353,7,-0.987,-0.08,0.07,-0.12,27.41,-8.83,7.7,-0.01,-0,-0,0,0,-0.15,0,0.15,0.14,0.98
2.1391,0,0.045,-0.09,-0.03,-0.99,198.92,-10.52,3.2,-0,-0,0,3.85,-0.31,0.46,0,0.19,0.05,0.98
2.1405,6,0.991,-0.02,-0.1,-0.09,3.53,-11.12,-0.79,0,-0,0,3.74,0,0,0,0.19,-0.01,0.98
2.1443,5,-0.943,-0.05,-0.19,-0.27,47.94,19.71,11.57,-0.03,-0,0.01,3.8,0.31,0.46,1.68,-0.36,0.21,0.92
2.1458,1,0.079,-0.09,-0,0.99,184.88,10.03,-1.3,-0.02,0,0.01,3.85,-0.15,0,-0.46,-0.15,-0.02,0.99
2.1847,2,-0.706,-0.05,-0.02,0.71,284.26,6.35,2.51,-0.02,-0,0,3.87,0.15,0,1.07,-0.11,0.02,1
2.1862,3,-0.877,0.08,-0.03,-0.47,70.24,7.72,-6.54,-0.01,0,0.01,3.73,0.61,-0.61,0.31,-0.14,-0.11,0.99
2.234,4,-0.939,0.07,-0.23,0.25,341.32,23.36,-14.96,-0.01,0.01,0.01,3.72,-0.31,-0.46,1.68,-0.41,-0.25,0.89
2.2358,7,-0.987,-0.08,0.07,-0.12,27.34,-8.86,7.7,-0.01,-0.01,-0,0,-0.15,-0.46,-0.76,0.14,0.14,0.98
2.2399,0,0.045,-0.09,-0.03,-0.99,198.93,-10.47,3.12,-0,0,0,3.85,-0.61,0.61,0.92,0.18,0.05,0.98
2.2414,6,0.991,-0.02,-0.1,-0.09,3.62,-11.16,-0.85,-0,-0,0,3.74,-0.15,-0.15,-0.46,0.19,-0.01,0.99
2.2456,5,-0.942,-0.05,-0.19,-0.27,48.08,19.71,11.65,-0.02,-0.01,0.02,3.8,0,-0.31,1.07,-0.36,0.21,0.93
2.2472,1,0.079,-0.09,-0,0.99,184.8,10.03,-1.32,-0.02,0,0,3.85,0,-0.92,-0.76,-0.15,-0.02,0.99
2.2999,2,-0.708,-0.05,-0.02,0.7,284.47,6.34,2.51,-0.01,-0,0.01,3.87,-0.15,0,0.92,-0.11,0.03,1
2.3016,3,-0.876,0.08,-0.03,-0.47,70.42,7.7,-6.48,-0.02,0,0.01,3.73,0.46,-0.92,3.2,-0.15,-0.09,0.99
2.3477,4,-0.94,0.07,-0.23,0.25,341.51,23.3,-14.88,-0.01,-0,0.01,3.72,-0.61,0.15,0,-0.41,-0.24,0.89
2.3498,7,-0.988,-0.08,0.07,-0.12,27.29,-8.9,7.69,-0.01,0.01,-0,0,0,0,0.46,0.14,0.13,0.98
2.3536,0,0.045,-0.09,-0.03,-0.99,198.95,-10.44,2.99,-0,0,0,3.85,-0.61,0.92,0.46,0.19,0.05,0.98
2.3551,6,0.991,-0.02,-0.1,-0.09,3.66,-11.15,-0.9,0,0,0,3.74,-0.15,0.15,0.15,0.19,-0.02,0.98
2.3592,5,-0.942,-0.05,-0.19,-0.27,48.26,19.69,11.77,-0.02,-0,0.01,3.8,0.46,-1.07,0.46,-0.36,0.21,0.92
2.3608,1,0.08,-0.09,-0,0.99,184.72,9.9,-1.36,-0.02,0,0,3.85,0,-1.53,0.61,-0.15,-0.02,0.99
2.3823,2,-0.708,-0.06,-0.02,0.7,284.49,6.39,2.58,-0.02,0,0,3.87,-0.46,-0.31,0,-0.11,0.03,1
2.384,3,-0.876,0.08,-0.03,-0.47,70.45,7.63,-6.36,-0.03,-0,0.01,3.73,-0.15,-0.15,-2.44,-0.15,-0.09,1
2.4405,4,-0.939,0.07,-0.23,0.25,341.53,23.39,-14.96,-0.01,-0,0,3.72,0.46,0,0.61,-0.41,-0.24,0.89
2.4421,7,-0.988,-0.08,0.07,-0.12,27.35,-8.83,7.68,-0.01,-0,-0,0,0,-0.15,0,0.14,0.13,0.98
2.446,0,0.045,-0.09,-0.03,-0.99,198.91,-10.41,2.88,-0,0,0,3.85,-0.15,-0.31,0.61,0.18,0.05,0.98
2.4474,6,0.991,-0.02,-0.1,-0.09,3.68,-11.19,-0.88,0,0,0,3.74,0,0.15,0.76,0.2,-0.01,0.98
2.4529,5,-0.942,-0.05,-0.19,-0.27,48.32,19.62,11.88,-0.03,0.01,0.01,3.8,0.92,0,2.44,-0.36,0.2,0.93
2.4545,1,0.08,-0.09,-0,0.99,184.69,9.94,-1.39,-0.03,0.01,0,3.85,0,-0.31,0,-0.15,-0.01,0.99
2.4786,2,-0.708,-0.05,-0.02,0.7,284.54,6.42,2.45,-0.01,0,0.01,3.87,0.46,0.76,0.61,-0.11,0.03,1
2.4802,3,-0.877,0.08,-0.03,-0.47,70.32,7.64,-6.34,-0.01,0,0,3.73,0,0,-0.15,-0.14,-0.1,0.99
2.551,4,-0.94,0.07,-0.23,0.24,341.77,23.37,-14.91,-0.01,0,0.01,3.72,-0.61,-0.76,3.81,-0.41,-0.24,0.89
2.5527,7,-0.988,-0.08,0.07,-0.12,27.3,-8.85,7.7,-0.01,-0,-0,0,0,-0.15,-0.31,0.15,0.13,0.98
2.5566,0,0.046,-0.09,-0.03,-0.99,199.05,-10.37,2.82,-0,0.01,0,3.85,-0.46,0,1.98,0.19,0.06,0.98
2.5581,6,0.991,-0.02,-0.1,-0.09,3.69,-11.22,-0.89,-0,0,0,3.74,0,0.31,-0.46,0.19,-0.02,0.98
2.5617,5,-0.941,-0.05,-0.19,-0.27,48.56,19.65,12.1,-0.02,0,0.01,3.8,0,-0.46,1.53,-0.36,0.21,0.92
2.5631,1,0.082,-0.09,-0,0.99,184.52,9.77,-1.37,-0.02,-0,0,3.85,0.15,-0.61,-0.76,-0.15,-0.02,1
2.5846,2,-0.709,-0.06,-0.03,0.7,284.7,6.5,2.48,0,0,0,3.87,-0.46,0.46,0.61,-0.11,0.05,0.99
2.5864,3,-0.877,0.08,-0.03,-0.47,70.33,7.66,-6.36,-0.02,0,0.01,3.73,0.31,0,-1.68,-0.15,-0.1,0.99
2.6486,4,-0.94,0.07,-0.23,0.24,342.01,23.52,-14.79,-0.01,0,0.01,3.72,0,0.76,0,-0.41,-0.25,0.89
2.6505,7,-0.988,-0.08,0.07,-0.12,27.29,-8.72,7.72,-0,0,-0,0,0,0,0.15,0.14,0.13,0.98
2.6544,0,0.047,-0.09,-0.03,-0.99,199.19,-10.34,2.82,-0.01,0,0.01,3.85,-0.61,-0.31,0,0.19,0.05,0.98
2.6559,6,0.991,-0.02,-0.1,-0.09,3.7,-11.17,-0.91,0,-0,0,3.74,0,0.15,-0.31,0.19,-0.01,0.98
2.6599,5,-0.942,-0.05,-0.19,-0.27,48.39,19.51,11.96,-0.03,0,0.03,3.8,-1.22,-1.22,-1.98,-0.37,0.21,0.93
2.6613,1,0.081,-0.09,-0,0.99,184.57,9.71,-1.36,-0.02,-0,0.01,3.85,0,0,-0.15,-0.15,-0.02,0.99
2.6811,2,-0.708,-0.06,-0.03,0.7,284.55,6.58,2.51,-0.02,-0,0,3.87,-0.76,-0.15,0,-0.12,0.03,1
2.6831,3,-0.877,0.08,-0.03,-0.47,70.23,7.64,-6.33,-0.02,0,0.01,3.73,0.15,-0.31,0.31,-0.15,-0.1,0.99
2.7385,4,-0.94,0.07,-0.23,0.24,341.89,23.67,-14.92,0,0,0.01,3.72,-0.31,0.31,-0.46,-0.4,-0.24,0.89
2.74,7,-0.988,-0.08,0.07,-0.12,27.27,-8.78,7.73,-0.01,-0.01,-0,0,0,-0.15,-0.46,0.15,0.14,0.98
2.7436,0,0.046,-0.09,-0.03,-0.99,199.13,-10.37,2.81,-0.01,0,0.01,3.85,0,-0.31,-0.76,0.19,0.05,0.99
2.745,6,0.991,-0.02,-0.1,-0.09,3.6,-11.28,-0.83,-0,-0,0,3.74,-0.15,0.15,-0.15,0.19,-0.01,0.98
2.749,5,-0.942,-0.05,-0.19,-0.27,48.4,19.6,11.86,-0.03,-0.01,0.02,3.8,0,0.31,0.31,-0.36,0.22,0.93
2.7508,1,0.081,-0.09,-0,0.99,184.62,9.7,-1.35,-0.02,0.01,0,3.85,0,0,-1.22,-0.15,-0.01,0.99
2.8014,2,-0.708,-0.06,-0.02,0.7,284.54,6.51,2.51,-0.02,-0,0.01,3.87,0.61,-0.46,0,-0.11,0.02,1
2.8029,3,-0.877,0.08,-0.03,-0.47,70.23,7.71,-6.35,0,0,0,3.73,0,0,1.07,-0.14,-0.11,0.99
2.8546,4,-0.94,0.07,-0.23,0.24,341.82,23.67,-14.97,-0,0,0.01,3.72,0,-0.61,0,-0.41,-0.24,0.89
2.8562,7,-0.988,-0.08,0.07,-0.12,27.13,-8.84,7.77,-0.01,0.01,-0,0,0,0,-1.07,0.15,0.13,0.98
2.8599,0,0.046,-0.09,-0.03,-0.99,199.09,-10.36,2.82,-0,0.01,0,3.85,0,0.46,0,0.18,0.05,0.98
2.8613,6,0.991,-0.02,-0.1,-0.09,3.5,-11.26,-0.8,-0.01,0,0,3.74,-0.15,0.31,-1.07,0.19,-0.02,0.98
2.8649,5,-0.941,-0.05,-0.19,-0.27,48.46,19.6,11.9,-0.02,-0,0.02,3.8,1.07,0,-0.31,-0.36,0.21,0.93
2.8667,1,0.083,-0.08,-0,0.99,184.35,9.51,-1.36,-0.02,-0.01,0.01,3.85,0,-0.76,-1.07,-0.14,-0.03,0.99
2.8887,2,-0.708,-0.06,-0.03,0.7,284.55,6.52,2.5,-0.02,-0,0.01,3.87,0.31,-0.31,-0.92,-0.12,0.03,1
2.8906,3,-0.876,0.08,-0.03,-0.47,70.44,7.69,-6.23,-0.02,0,0.01,3.73,-0.46,-0.61,1.37,-0.14,-0.09,0.99
2.9487,4,-0.94,0.07,-0.23,0.24,341.81,23.6,-14.96,-0.01,0,0.01,3.72,0.46,-0.15,-0.92,-0.41,-0.25,0.89
2.9508,7,-0.988,-0.08,0.07,-0.12,27.19,-8.9,7.7,-0,0,-0,0,0.15,0.31,0.61,0.15,0.13,0.98
2.955,0,0.047,-0.09,-0.03,-0.99,199.21,-10.32,2.89,-0.01,0.01,0,3.85,0,0.46,-0.31,0.19,0.06,0.98
2.9564,6,0.991,-0.02,-0.1,-0.09,3.35,-11.16,-0.77,-0.01,0,0,3.74,0,0.31,0.46,0.19,-0.02,0.98
2.9602,5,-0.941,-0.05,-0.19,-0.27,48.5,19.64,12.03,-0.02,0,0.01,3.8,1.07,-0.31,-0.46,-0.36,0.21,0.92
2.9617,1,0.082,-0.08,-0.01,0.99,184.5,9.37,-1.36,-0.02,-0,0.01,3.85,-0.31,-0.46,1.07,-0.14,-0.02,0.99
2.9828,2,-0.708,-0.06,-0.03,0.7,284.48,6.54,2.48,-0.02,0.01,0.01,3.87,0.15,-0.31,-0.15,-0.11,0.02,1
2.9847,3,-0.876,0.08,-0.03,-0.47,70.47,7.59,-6.24,-0.01,0,0.01,3.73,-0.76,-1.37,0.46,-0.14,-0.1,0.99
3.0575,4,-0.94,0.07,-0.23,0.24,341.75,23.61,-14.99,-0.01,0.01,0.01,3.72,0.46,-0.31,0.46,-0.41,-0.25,0.89
3.0591,7,-0.988,-0.08,0.07,-0.12,27.23,-8.82,7.74,-0.02,0,0,0,0.31,0.46,0.46,0.14,0.14,0.98
3.0627,0,0.047,-0.09,-0.03,-0.99,199.18,-10.31,2.84,-0,-0,0,3.85,-0.15,0.15,0.76,0.18,0.04,0.98
3.0641,6,0.991,-0.02,-0.1,-0.09,3.44,-11.23,-0.77,-0,-0,0,3.74,0.15,0.15,0.46,0.19,-0.01,0.99
3.07,5,-0.941,-0.05,-0.19,-0.27,48.55,19.66,12.12,-0.01,0.01,0.01,3.8,0,0.76,2.75,-0.35,0.2,0.93
3.0715,1,0.081,-0.08,-0.01,0.99,184.59,9.21,-1.37,-0.01,0.01,0.01,3.85,-0.31,-0.46,0.15,-0.14,-0.02,1
3.0916,2,-0.709,-0.06,-0.03,0.7,284.63,6.55,2.44,-0.01,-0,0,3.87,-0.31,0.61,3.36,-0.12,0.04,1
3.0932,3,-0.876,0.08,-0.03,-0.47,70.56,7.44,-6.31,-0.01,0,0.01,3.73,-0.46,-1.22,1.07,-0.14,-0.1,0.99
3.151,4,-0.94,0.07,-0.23,0.24,341.94,23.63,-14.95,-0,-0.01,0.02,3.72,0,-0.15,1.83,-0.42,-0.23,0.9
3.1527,7,-0.988,-0.08,0.07,-0.12,27.36,-8.76,7.71,-0,-0,-0,0,0.15,0,-0.46,0.15,0.13,0.98
3.1564,0,0.048,-0.09,-0.03,-0.99,199.28,-10.17,2.76,-0.01,0,0,3.85,-0.61,0.61,0.92,0.19,0.05,0.98
3.1578,6,0.991,-0.02,-0.1,-0.09,3.4,-11.27,-0.73,-0.01,0,0,3.74,0,0.15,-0.15,0.19,-0.02,0.98
3.1614,5,-0.941,-0.05,-0.19,-0.27,48.68,19.61,12.1,-0.02,-0,0.01,3.8,-1.83,-1.07,0,-0.35,0.21,0.92
3.1629,1,0.081,-0.08,-0.01,0.99,184.57,9.08,-1.35,-0.02,-0,0.01,3.85,0,-0.46,0,-0.14,-0.02,1
3.1847,2,-0.71,-0.06,-0.03,0.7,284.82,6.58,2.47,-0.02,-0,0,3.87,0,0.76,0.31,-0.12,0.03,0.99
3.1862,3,-0.875,0.08,-0.03,-0.48,70.73,7.4,-6.32,-0.04,-0,0.01,3.73,-0.15,-0.15,-1.07,-0.15,-0.08,1
3.2505,4,-0.94,0.07,-0.23,0.24,342.09,23.6,-14.83,-0,0,0,3.72,-0.15,0,0.76,-0.4,-0.24,0.89
3.2521,7,-0.988,-0.08,0.07,-0.12,27.29,-8.79,7.76,-0.01,0,-0,0,0.15,-0.15,0.15,0.14,0.13,0.98
3.256,0,0.048,-0.09,-0.03,-0.99,199.36,-10.13,2.68,-0,0,0,3.85,-0.76,0.46,0.76,0.18,0.05,0.98
3.2574,6,0.991,-0.02,-0.1,-0.09,3.5,-11.22,-0.77,-0.01,-0,0,3.74,0.31,0.15,1.07,0.18,-0.01,0.98
3.2611,5,-0.941,-0.05,-0.19,-0.27,48.69,19.5,12.01,-0.03,-0.01,0.02,3.8,-0.92,-1.22,0.46,-0.35,0.22,0.93
3.2624,1,0.082,-0.08,-0.01,0.99,184.56,8.99,-1.37,-0.02,0,0.01,3.85,0,-0.31,0.46,-0.14,-0.02,1
3.2878,2,-0.71,-0.06,-0.03,0.7,284.83,6.72,2.52,-0.02,0,0,3.87,0.31,0.92,1.07,-0.11,0.03,1
3.2894,3,-0.877,0.08,-0.03,-0.47,70.43,7.44,-6.29,-0.01,0.01,0.02,3.73,-0.15,0.61,0.46,-0.14,-0.11,1
3.3507,4,-0.941,0.07,-0.23,0.24,342.23,23.59,-14.81,-0.01,0,0.01,3.72,0,-0.46,1.22,-0.41,-0.24,0.89
3.3522,7,-0.988,-0.08,0.07,-0.12,27.37,-8.66,7.78,-0,-0,-0,0,0.15,0,0.15,0.15,0.14,0.98
3.3565,0,0.049,-0.09,-0.03,-0.99,199.5,-10.07,2.64,-0.01,0,0,3.85,-0.46,0.46,0.61,0.18,0.05,0.99
3.3579,6,0.991,-0.02,-0.1,-0.09,3.64,-11.22,-0.81,-0.01,0,0,3.74,0,0.31,0,0.19,-0.01,0.98
3.3624,5,-0.941,-0.05,-0.19,-0.28,48.77,19.41,12.06,-0.03,-0,0.02,3.8,0.61,-0.46,1.07,-0.37,0.22,0.93
3.3641,1,0.082,-0.08,-0.01,0.99,184.51,9.1,-1.41,-0.02,0.01,0,3.85,-0.31,-0.15,-0.15,-0.14,-0.01,1
3.3886,2,-0.71,-0.06,-0.03,0.7,284.91,6.76,2.44,-0,0,0,3.87,0,0.31,1.22,-0.11,0.04,0.99
3.3902,3,-0.877,0.08,-0.03,-0.47,70.29,7.49,-6.34,-0.01,0,0,3.73,0.15,0.92,-0.61,-0.13,-0.1,0.99
3.4561,4,-0.941,0.07,-0.23,0.24,342.33,23.56,-14.76,-0,0,0.01,3.72,-0.31,0.15,0.46,-0.41,-0.24,0.89
3.458,7,-0.988,-0.08,0.07,-0.12,27.32,-8.66,7.81,-0.01,0,-0,0,0,-0.15,-0.76,0.14,0.14,0.98
3.4627,0,0.049,-0.09,-0.03,-0.99,199.5,-10.01,2.62,-0.01,0.01,0.01,3.85,-0.15,0.61,-0.76,0.18,0.05,0.99
3.4642,6,0.991,-0.02,-0.1,-0.09,3.58,-11.13,-0.79,-0,-0,0,3.74,0,0.15,-0.92,0.19,-0.01,0.99
3.4708,5,-0.941,-0.05,-0.19,-0.28,48.74,19.46,12.11,-0.03,0,0.02,3.8,0,-0.46,-2.9,-0.36,0.21,0.93
3.4733,1,0.082,-0.08,-0.01,0.99,184.45,9.01,-1.39,-0.02,0,0,3.85,0,0,-0.92,-0.14,-0.02,0.99
3.4984,2,-0.71,-0.06,-0.03,0.7,284.86,6.8,2.46,-0.02,0,0.01,3.87,0,-0.15,-2.29,-0.12,0.03,1
3.5009,3,-0.878,0.08,-0.03,-0.47,70.08,7.51,-6.31,-0,0,0.01,3.73,0.15,0.76,-0.31,-0.14,-0.11,0.99
3.5576,4,-0.941,0.07,-0.23,0.24,342.23,23.63,-14.78,-0,0,0.01,3.72,0.15,-0.46,-0.31,-0.41,-0.24,0.9
3.5592,7,-0.988,-0.08,0.07,-0.12,27.13,-8.61,7.91,-0,0,-0,0,0.15,0,-0.15,0.15,0.13,0.98
3.5629,0,0.049,-0.09,-0.03,-0.99,199.44,-10.09,2.6,-0,0,0,3.85,0,0.46,-0.92,0.18,0.05,0.99
3.5643,6,0.991,-0.02,-0.1,-0.09,3.47,-11.03,-0.77,-0.01,0,0.01,3.74,-0.15,0.76,-0.31,0.19,-0.02,0.99
3.5702,5,-0.941,-0.05,-0.19,-0.27,48.6,19.51,12.01,-0.02,0,0.02,3.8,0.61,0.46,-0.76,-0.36,0.21,0.93
3.5718,1,0.085,-0.08,-0.01,0.99,184.21,8.98,-1.44,-0.02,-0,0,3.85,0,-0.61,-0.46,-0.14,-0.03,0.99
3.5916,2,-0.709,-0.06,-0.03,0.7,284.76,6.82,2.44,-0.01,0,0,3.87,0.46,0,-1.68,-0.11,0.03,1
3.5931,3,-0.878,0.08,-0.03,-0.47,70.14,7.55,-6.37,-0.01,-0,0.01,3.73,-0.31,0.15,0.76,-0.14,-0.1,0.99
3.6552,4,-0.941,0.07,-0.23,0.24,342.27,23.59,-14.9,-0.01,-0,0.01,3.72,0.46,-0.31,-0.46,-0.41,-0.24,0.89
3.6567,7,-0.988,-0.08,0.07,-0.12,27.1,-8.62,7.92,-0,0,-0,0,0.15,0,0.31,0.14,0.14,0.98
3.6604,0,0.047,-0.09,-0.03,-0.99,199.28,-10.13,2.59,-0.01,0,0.01,3.85,0,-0.61,-0.61,0.18,0.05,0.99
3.6619,6,0.991,-0.02,-0.09,-0.09,3.42,-10.97,-0.75,0,-0,0,3.74,0.15,0,0.31,0.19,-0.01,0.98
3.666,5,-0.941,-0.05,-0.19,-0.27,48.48,19.64,12.07,-0.01,0,0.01,3.8,0,0.61,-1.68,-0.35,0.2,0.93
3.6688,1,0.084,-0.08,-0.01,0.99,184.27,8.93,-1.47,-0.01,-0,0.01,3.85,-0.15,-0.15,0.76,-0.14,-0.02,1
3.6906,2,-0.709,-0.06,-0.03,0.7,284.69,6.83,2.54,-0.01,0,0,3.87,0.15,0.61,0.46,-0.11,0.03,0.99
3.6922,3,-0.877,0.08,-0.03,-0.47,70.34,7.57,-6.39,-0.01,0.01,0.01,3.73,-0.15,-0.46,2.59,-0.14,-0.11,1
3.7485,4,-0.941,0.07,-0.23,0.24,342.4,23.49,-14.88,-0.01,0,0.01,3.72,-0.15,-0.46,1.68,-0.41,-0.24,0.89
3.7506,7,-0.988,-0.08,0.07,-0.12,27.21,-8.68,7.93,-0.02,0,-0,0,0.31,0.61,0.92,0.14,0.14,0.98
3.7557,0,0.048,-0.09,-0.03,-0.99,199.36,-10.23,2.62,-0,-0.01,0.01,3.85,0,-0.61,0.46,0.18,0.04,0.99
3.7572,6,0.991,-0.02,-0.09,-0.09,3.55,-10.98,-0.75,-0.01,0,0,3.74,0.31,0.15,0.46,0.18,-0.01,0.98
3.761,5,-0.941,-0.05,-0.19,-0.27,48.44,19.73,12.05,-0.01,-0,0.02,3.8,-0.46,0.61,0,-0.35,0.21,0.93
3.7625,1,0.083,-0.08,-0.01,0.99,184.38,8.89,-1.47,-0.01,0,0,3.85,0,0,0.92,-0.14,-0.03,0.99
3.7907,2,-0.709,-0.06,-0.03,0.7,284.73,6.89,2.5,-0.02,-0,0,3.87,0,0.61,1.98,-0.12,0.03,0.99
3.7923,3,-0.876,0.08,-0.03,-0.47,70.52,7.53,-6.39,-0.01,-0,0,3.73,-0.46,-1.07,2.75,-0.13,-0.1,0.99
3.8537,4,-0.942,0.07,-0.23,0.24,342.63,23.53,-14.84,-0.01,-0,0.01,3.72,-0.31,-0.46,2.14,-0.41,-0.24,0.89
3.8553,7,-0.988,-0.08,0.07,-0.12,27.3,-8.61,7.96,-0.01,-0,0.01,0,0.46,1.07,0,0.13,0.14,0.99
3.8588,0,0.05,-0.09,-0.03,-0.99,199.57,-10.23,2.68,0,-0,0,3.85,0,0,0.61,0.18,0.04,0.99
3.8602,6,0.991,-0.01,-0.09,-0.09,3.6,-10.91,-0.72,-0,0,0,3.74,0.15,0.31,1.22,0.18,-0.01,0.99
3.8639,5,-0.941,-0.05,-0.19,-0.27,48.44,19.69,12.01,-0.01,-0.01,0.02,3.8,-0.92,0.15,-0.46,-0.35,0.22,0.93
3.8653,1,0.082,-0.08,-0.01,0.99,184.5,8.86,-1.46,-0.01,-0,0,3.85,0,-0.76,1.22,-0.15,-0.03,1
3.8946,2,-0.71,-0.06,-0.03,0.7,284.96,6.94,2.6,-0.01,0,0,3.87,0,0.46,1.07,-0.12,0.03,0.99
3.8964,3,-0.875,0.08,-0.03,-0.48,70.69,7.63,-6.37,-0.01,-0,0.01,3.73,-0.46,1.22,-2.75,-0.14,-0.1,1
3.9605,4,-0.942,0.07,-0.23,0.24,342.9,23.5,-14.81,-0,0,0.01,3.72,-0.31,-0.61,1.98,-0.4,-0.24,0.89
3.962,7,-0.988,-0.08,0.06,-0.12,27.23,-8.38,8.06,-0.01,-0.04,-0,0,1.53,3.05,-5.34,0.14,0.18,0.97
3.9657,0,0.051,-0.09,-0.03,-0.99,199.69,-10.2,2.66,-0.01,-0,0,3.85,0,-0.15,1.07,0.18,0.04,0.98
3.968,6,0.991,-0.01,-0.09,-0.09,3.75,-10.81,-0.74,-0.01,-0,0.01,3.74,-0.31,2.75,1.83,0.18,-0.01,0.99
3.9728,5,-0.942,-0.05,-0.19,-0.27,48.33,19.77,11.93,-0.01,-0.01,0.01,3.8,0.61,-0.92,0.61,-0.35,0.21,0.93
3.9742,1,0.081,-0.08,-0.01,0.99,184.64,8.87,-1.44,0.01,0,-0.02,3.85,-1.22,-2.29,-0.46,-0.16,-0.02,0.96
3.9997,2,-0.711,-0.06,-0.03,0.7,285.1,6.93,2.53,-0.01,0,0,3.87,0.15,0.15,1.98,-0.12,0.03,1
4.0019,3,-0.875,0.08,-0.03,-0.48,70.59,7.83,-6.52,-0,-0,0.03,3.73,-1.37,4.12,-4.12,-0.14,-0.13,1.03
4.0575,4,-0.943,0.07,-0.23,0.23,343.13,23.46,-14.77,-0.01,0,0.01,3.72,-0.46,-1.22,2.44,-0.41,-0.24,0.89
4.0591,7,-0.989,-0.08,0.06,-0.11,26.37,-7.66,8.44,-0.02,-0.02,0.03,0,2.29,9.61,-11.14,0.11,0.16,1.01
4.0627,0,0.052,-0.09,-0.03,-0.99,199.77,-10.23,2.61,-0,-0,0,3.85,0,0.31,1.07,0.18,0.04,0.98
4.0642,6,0.992,-0.01,-0.09,-0.09,3.62,-10.12,-0.76,0.01,-0.07,0.04,3.74,-5.8,17.7,-11.9,0.2,0.05,0.99
4.0689,5,-0.941,-0.05,-0.19,-0.27,48.63,19.8,12.05,-0.03,0,0.02,3.8,0,0.31,1.83,-0.37,0.22,0.93
4.0709,1,0.088,-0.08,-0.01,0.99,183.86,8.53,-1.4,0.08,-0.01,0.02,3.85,1.68,-6.87,-10.53,-0.22,-0.05,0.99
4.0957,2,-0.713,-0.06,-0.03,0.7,285.33,6.94,2.56,-0.01,0,0.01,3.87,0.15,0.15,3.36,-0.12,0.03,1
4.0975,3,-0.874,0.09,-0.03,-0.48,70.79,8.01,-7.03,-0.03,-0.01,-0,3.73,-7.78,0.61,0.15,-0.15,-0.09,0.97
4.1696,4,-0.943,0.07,-0.23,0.23,343.38,23.54,-14.77,-0,-0,0.01,3.72,-0.61,-1.22,2.44,-0.4,-0.23,0.9
4.1714,7,-0.99,-0.08,0.04,-0.11,25.86,-5.61,8.88,-0.03,0.04,0.03,0,10.38,31.74,-3.05,0.07,0.11,1.01
4.1753,0,0.052,-0.09,-0.03,-0.99,199.86,-10.23,2.56,-0.01,-0.01,0.01,3.85,0,0,1.37,0.19,0.04,1
4.1767,6,0.992,-0.02,-0.07,-0.1,2.27,-8.37,-0.93,0.01,0.08,0.02,3.74,-5.95,21.67,5.19,0.15,-0.09,1.01
4.1803,5,-0.94,-0.05,-0.19,-0.27,48.72,19.81,12.14,-0.01,-0.01,0.04,3.8,0.31,-0.31,-2.59,-0.35,0.21,0.95
4.1817,1,0.092,-0.07,-0.01,0.99,183.35,8.18,-1.62,0.07,-0.04,0.01,3.85,1.07,-4.43,5.34,-0.2,-0.09,0.99
4.2019,2,-0.714,-0.06,-0.03,0.7,285.58,6.99,2.68,-0.01,-0.01,0.01,3.87,0.92,0.92,4.58,-0.13,0.04,1
4.2082,3,-0.874,0.09,-0.03,-0.48,70.57,8.05,-7.96,0,-0.01,-0,3.73,-10.53,2.44,3.36,-0.13,-0.13,0.98
4.2666,4,-0.944,0.07,-0.23,0.23,343.65,23.44,-14.7,0,-0,-0.01,3.72,-2.9,-0.92,2.29,-0.39,-0.23,0.86
4.2691,7,-0.99,-0.09,0,-0.11,26.07,-1.24,10.28,-0.03,0.04,0.04,0,27.01,65,-5.65,-0.04,0.15,1.05
4.2754,0,0.052,-0.09,-0.03,-0.99,199.78,-10.21,2.48,0.03,0.01,0.03,3.85,-0.76,0.15,-6.87,0.15,0.05,1.02
4.2769,6,0.996,-0.02,-0.04,-0.08,4.48,-4.57,-1.99,-0.08,-0.02,0.05,3.74,-7.63,47.91,42.27,-0.04,-0.07,1.08
4.2841,5,-0.941,-0.05,-0.19,-0.27,48.48,19.74,11.96,0.02,0.01,0.05,3.8,-2.14,-0.76,1.68,-0.35,0.19,0.97
4.2866,1,0.081,-0.07,-0.01,0.99,184.64,8.36,-1.81,0.16,0.02,0.08,3.85,-4.27,12.21,16.78,-0.33,-0.05,1.07
4.2989,2,-0.715,-0.06,-0.03,0.7,285.85,7.33,2.88,-0.06,-0,0.01,3.87,-3.2,8.09,1.68,-0.14,-0.01,1
4.3009,3,-0.871,0.11,-0.02,-0.48,71.09,8.22,-9.32,-0.02,0.03,-0.13,3.73,-23.65,-3.36,6.87,-0.16,-0.15,0.83
4.3616,4,-0.949,0.07,-0.23,0.21,346.42,23.68,-13.91,-0.03,-0.12,0.02,3.72,-1.98,-4.58,39.67,-0.48,-0.16,0.92
4.3632,7,-0.984,-0.11,-0.09,-0.11,28.28,8.75,13.41,0.11,-0.1,-0.1,0,31.43,118.26,-7.93,-0.02,0.46,0.88
4.3714,0,0.045,-0.08,-0.03,-1,199,-9.67,2.65,-0.05,-0.01,0.02,3.85,3.36,8.09,1.83,0.19,0.03,1.01
4.3733,6,0.998,-0.02,0.04,-0.04,9.54,4.12,-2.84,0.22,0.19,-0.14,3.74,-11.14,75.53,4.73,0.15,-0.24,0.88
4.3791,5,-0.941,-0.05,-0.19,-0.28,48.8,19.49,11.83,-0.01,-0,0,3.8,-0.15,-1.37,-0.92,-0.34,0.2,0.93
4.3807,1,0.06,-0.1,-0.01,0.99,186.87,11.66,-2.06,-0.15,-0.02,-0.32,3.85,-11.6,36.16,29.14,0,-0.01,0.69
4.4056,2,-0.72,-0.07,-0.04,0.69,286.76,8.39,2.39,-0.02,-0,0.02,3.87,-3.66,8.09,10.99,-0.15,0.03,1.01
4.4071,3,-0.863,0.13,-0.01,-0.49,72.22,7.75,-12.34,0.02,0.1,-0.28,3.73,-32.35,-10.07,9,-0.16,-0.22,0.7
4.4652,4,-0.953,0.06,-0.23,0.19,348.73,24.2,-12.71,-0,0.04,0.04,3.72,-0.15,2.29,4.58,-0.4,-0.24,0.92
4.4672,7,-0.973,-0.12,-0.18,-0.08,26.12,19.13,16.25,0.19,0.11,-0.33,0,16.02,68.51,-7.17,-0.08,0.02,0.69
4.4764,0,0.054,-0.07,-0.03,-1,200.1,-7.74,2.64,-0.02,-0.03,0.03,3.85,2.14,32.65,14.95,0.16,0.01,1.02
4.4788,6,0.992,-0.03,0.11,0.04,18.43,13.28,-3.16,-0.25,-0.81,-0.16,3.74,2.75,113.37,14.65,-0.33,0.88,0.75
4.4838,5,-0.942,-0.04,-0.19,-0.27,48.45,19.35,11.31,0.02,0,-0.03,3.8,-7.78,-2.59,-0.15,-0.3,0.17,0.9
4.4871,1,0.052,-0.13,-0.02,0.99,187.63,14.77,-2.73,-0.35,0.13,-0.33,3.85,17.4,52.49,0,0.22,0.08,0.71
4.5068,2,-0.728,-0.07,-0.04,0.68,288.12,8.83,3.27,-0.09,-0.01,-0.06,3.87,16.02,3.2,23.19,-0.16,-0.03,0.93
4.5084,3,-0.868,0.16,0.02,-0.47,69.83,6.58,-17.3,0.78,0.48,0.06,3.73,-116.42,1.22,-50.35,-0.05,-1.27,0.76
4.5666,4,-0.953,0.07,-0.23,0.19,348.4,23.93,-13.48,0.04,0.08,-0.11,3.72,-12.97,-7.02,2.44,-0.3,-0.25,0.8
4.569,7,-0.969,-0.13,-0.2,-0.06,24.38,22.17,17.14,-1.79,-0.28,2.06,0,70.34,76.29,-161.74,-2.41,1.02,1.92
4.5735,0,0.072,-0.03,-0.02,-1,202.26,-3.45,2.56,-0.03,-0.01,-0.07,3.85,1.98,64.54,25.02,0.08,0.02,0.9
4.575,6,0.981,-0.05,0.18,-0.05,7.08,20.43,-6.59,0.18,0.69,0.16,3.74,-24.11,69.58,5.95,-0.15,-0.63,1.2
4.5786,5,-0.941,-0.04,-0.19,-0.28,48.95,19.41,10.58,0.03,0.12,-0.25,3.8,-5.04,5.49,19.68,-0.29,-0.01,0.7
4.5799,1,0.048,-0.14,-0.01,0.99,188.27,15.59,-1.6,-0.12,-0.87,0.44,3.85,-11.9,-4.27,13.58,-0.1,-0.91,1.55
4.6055,2,-0.748,-0.09,-0.02,0.66,291.94,9.07,6.38,-0.05,0.02,-0.31,3.87,41.05,8.7,53.41,-0.09,0.04,0.67
4.6071,3,-0.832,0.25,0.02,-0.49,72.42,12.31,-26.96,-0.39,-0.16,0.07,3.73,10.99,54.78,70.5,-0.33,-0.06,1.11
4.672,4,-0.956,0.08,-0.22,0.17,350.32,23.14,-14.85,-0.01,0.08,-0.3,3.72,-40.28,-12.21,27.01,-0.24,-0.25,0.6
4.6735,7,-0.949,-0.15,-0.25,-0.12,34.24,25.73,22.8,0.03,-0.87,0.38,0,14.04,35.25,4.88,-0.38,1.23,0.94
4.677,0,0.094,0.03,-0.02,-0.99,204.93,3.08,2.63,0.07,0.15,-0.24,3.85,4.43,70.34,24.57,-0.11,0.19,0.76
4.6784,6,0.971,-0.05,0.23,-0.01,10.78,26.66,-6.69,-0.02,-0.44,-0.09,3.74,-11.6,36.62,-19.53,-0.46,0.24,0.78
4.6826,5,-0.93,-0.05,-0.19,-0.31,52.95,19.41,12.9,-0.09,-0.15,-0.01,3.8,30.21,-2.75,17.55,-0.35,0.47,0.97
4.6846,1,0.038,-0.13,-0.02,0.99,189.3,14.65,-2.38,-0.16,-0.02,0.27,3.85,4.12,-27.77,5.19,-0.21,-0.02,1.28
4.7049,2,-0.769,-0.13,-0.01,0.62,296.94,10.62,11.21,0.05,0.13,-0.13,3.87,20.9,26.86,51.42,-0.04,0.24,0.85
4.7076,3,-0.834,0.2,-0.11,-0.5,73.26,22.53,-14.19,-0.26,-0.18,0.24,3.73,235.29,108.34,42.27,-0.45,0.02,1.2
4.7666,4,-0.96,0.12,-0.22,0.13,354.95,23.04,-17.61,-0.42,0.41,0.77,3.72,-80.41,27.62,114.14,-0.97,-1.06,1.42
4.7687,7,-0.943,-0.16,-0.28,-0.1,32.32,29.16,24.16,-0.04,0.1,-0.01,0,27.92,24.72,37.84,-0.53,0.37,0.82
4.7744,0,0.105,0.08,-0.02,-0.99,206.47,9.43,3.32,0.1,0.04,-0.25,3.85,10.38,54.02,12.05,-0.19,0.12,0.71
4.7759,6,0.961,-0.06,0.27,-0.03,8.16,30.87,-8.4,-0.02,0.06,0.01,3.74,6.56,50.35,3.36,-0.5,-0.21,0.8
4.7797,5,-0.905,-0.18,-0.29,-0.26,53.55,25.09,31.19,-0.44,0.08,1.69,3.8,311.13,153.35,25.63,-1.49,1.41,1.72
4.7812,1,0.044,-0.11,-0.01,0.99,188.72,12.97,-2.16,0,0.01,-0.13,3.85,5.19,-14.8,-7.93,-0.19,0.01,0.85
4.8037,2,-0.752,-0.19,-0,0.63,296.05,14.03,16.96,-0,-0.12,0.48,3.87,91.86,101.01,-137.18,-0.44,0.22,1.36
4.8058,3,-0.813,0.06,-0.3,-0.49,80.82,33.37,13.77,0.18,-0.04,-0.05,3.73,254.21,96.89,117.65,-0.43,0.07,0.82
4.8636,4,-0.892,0.27,-0.36,0.07,350.47,36.67,-41.36,0.06,-0.23,1.05,3.72,-322.57,245.82,-38.3,-1.09,-0.67,1.09
4.8651,7,-0.93,-0.18,-0.3,-0.09,33.73,32.01,28.03,0,0.07,-0.01,0,31.13,36.16,-35.86,-0.55,0.28,0.76
4.8698,0,0.118,0.11,-0.03,-0.99,208.18,12.43,4.51,0.24,-0.05,0.3,3.85,-1.98,-13.43,8.09,-0.4,0.09,1.2
4.872,6,0.948,-0.06,0.31,-0.04,5.95,35.76,-9.91,0.02,0.05,-0.04,3.74,-12.36,50.2,-35.25,-0.55,-0.2,0.77
4.8766,5,-0.765,-0.36,-0.5,-0.2,71.3,38.32,71.45,-0.08,0.08,0.15,3.8,317.69,222.17,-38.15,-0.79,0.79,0.21
4.8782,1,0.051,-0.1,-0.01,0.99,188.01,11.58,-1.34,-0.02,-0.07,-0.05,3.85,2.14,-9.46,-4.73,-0.17,-0.07,0.93
4.9156,2,-0.745,-0.25,-0.07,0.62,298.72,23.93,17.99,-0.2,0.15,0.22,3.87,-156.25,51.88,52.95,-0.48,0.19,1.19
4.9172,3,-0.755,-0.08,-0.45,-0.47,93.05,37.19,42.95,0.01,0.15,-0,3.73,186.77,89.72,-31.28,-0.7,0.41,0.53
4.9721,4,-0.712,0.45,-0.54,0.01,324.16,49.5,-88.68,-0.25,-0.35,0.13,3.72,-279.24,203.55,89.26,-1.23,-0.63,0.03
4.9738,7,-0.91,-0.2,-0.35,-0.1,37.23,36.39,33.05,0.01,-0.12,0.03,0,24.72,52.8,7.17,-0.55,0.55,0.68
4.9775,0,0.112,0.09,-0.02,-0.99,207.29,10.34,3.75,-0.01,0.02,0.05,3.85,-0.92,-36.16,-11.14,-0.17,0.08,1.02
4.9789,6,0.929,-0.07,0.36,-0.05,2.79,41.37,-13.04,0.04,-0.03,-0,3.74,-14.04,62.71,-1.68,-0.65,-0.15,0.75
4.9825,5,-0.552,-0.47,-0.69,-0.08,100.35,42.64,120.85,0.36,0.12,-0.23,3.8,279.08,225.98,-186.31,-0.57,0.56,0.03
4.9841,1,0.054,-0.09,-0,0.99,187.78,10.67,-0.8,0,0.01,-0.07,3.85,8.09,-3.81,0.46,-0.17,0.01,0.9
5.0058,2,-0.74,-0.13,-0.25,0.61,292.92,32.54,-7.61,-0.03,0.09,0.18,3.87,-271.91,83.01,-101.32,-0.55,-0.18,1.02
5.0074,3,-0.704,-0.1,-0.6,-0.37,102.85,49.49,65.48,0.24,-0.03,-0.48,3.73,89.57,129.39,-56.46,-0.35,0.23,0.28
5.0775,4,-0.468,0.56,-0.67,-0.14,289.87,51.45,-147.07,0.24,0.06,-0.34,3.72,-271.15,122.22,167.39,-0.45,-0.41,-0.25
5.0789,7,-0.887,-0.23,-0.39,-0.08,39.99,41.21,38.59,0.02,0.05,-0.07,0,39.52,50.05,-6.56,-0.61,0.39,0.58
5.0824,0,0.113,0.07,-0.03,-0.99,207.35,7.46,3.96,-0.12,0,-0.15,3.85,0.15,-19.23,10.53,0,0.04,0.86
5.0838,6,0.905,-0.09,0.41,-0.06,358.67,47.43,-18.05,0.09,0.01,-0,3.74,-27.77,69.27,3.05,-0.67,-0.17,0.67
5.089,5,-0.328,-0.45,-0.83,0.02,131.37,34.21,161.5,-0.07,-0.03,-0.54,3.8,117.95,167.85,-139.47,-0.21,0.05,-0.41
5.0906,1,0.056,-0.09,0,0.99,187.55,10.3,-0.28,0,-0.04,0.07,3.85,-3.36,5.49,-4.27,-0.2,-0.07,1.01
5.1116,2,-0.702,0.01,-0.43,0.57,283.06,36.44,-38.8,0.17,0.04,-0.19,3.87,-219.73,54.63,-62.1,-0.46,-0.31,0.63
5.1131,3,-0.641,-0.1,-0.69,-0.33,120.2,55.06,86.58,-0.08,0.03,0.06,3.73,73.85,128.33,2.9,-0.94,0.63,0.07
5.1804,4,-0.286,0.5,-0.78,-0.26,256.11,44.52,170.91,-0.09,0.01,-0.6,3.72,-56.76,75.99,290.83,-0.24,0.14,-0.31
5.1819,7,-0.86,-0.25,-0.44,-0.08,44.28,45.63,45.44,0.05,0.1,0.04,0,31.28,56.46,-18.77,-0.77,0.4,0.59
5.1878,0,0.115,0.06,-0.03,-0.99,207.52,6.82,3.85,-0.08,0.01,-0.1,3.85,-6.56,0.76,-3.81,-0.03,0.05,0.9
5.1898,6,0.878,-0.1,0.47,-0.05,356.29,53.98,-21.94,-0.04,-0.15,-0.01,3.74,-13.73,73.24,-8.39,-0.87,-0.07,0.47
5.1935,5,-0.206,-0.4,-0.89,0.06,144.82,24.76,176.79,0.04,0.08,-0.2,3.8,57.83,35.86,-112,-0.43,0.13,-0.57
5.1949,1,0.056,-0.09,-0,0.99,187.54,10.45,-0.69,-0.05,0.01,-0.01,3.85,0,-1.83,4.12,-0.12,0.04,1.06
5.2145,2,-0.667,0.1,-0.54,0.51,277.35,38.44,-59.05,0.09,-0.04,-0.11,3.87,-122.07,38.91,27.77,-0.6,-0.55,0.38
5.2162,3,-0.565,-0.06,-0.78,-0.25,146.65,58.49,116.33,0.02,-0.14,-0.29,3.73,69.43,63.78,-58.9,-0.56,0.44,-0.13
5.2725,4,-0.224,0.39,-0.85,-0.27,236.54,36.14,159.76,0.02,-0.12,-0.48,3.72,51.73,-9.16,19.68,-0.39,0.16,-0.32
5.274,7,-0.833,-0.26,-0.48,-0.07,49.47,49.98,51.76,-0.05,0.12,-0.03,0,19.84,48.37,-3.2,-0.81,0.35,0.38
5.2782,0,0.115,0.08,-0.01,-0.99,207.45,8.53,2.74,-0.03,0.02,-0.11,3.85,-7.78,21.06,-13.43,-0.1,0.06,0.9
5.2798,6,0.846,-0.11,0.52,-0.06,349.67,60.09,-28.5,-0.13,-0.04,0.03,3.74,-4.73,57.98,-6.41,-0.95,-0.21,0.37
5.2843,5,-0.164,-0.31,-0.93,0.11,159.06,21.98,-173.27,-0.15,0.14,-0.4,3.8,6.87,-6.56,-108.34,-0.14,-0.28,-0.57
5.2858,1,0.052,-0.09,-0,0.99,188,9.92,-0.88,-0.07,-0.06,0.07,3.85,-4.88,-12.05,4.88,-0.11,-0.02,1.12
5.3087,2,-0.655,0.08,-0.62,0.43,273.13,47.62,-70.79,0.15,0.07,-0.25,3.87,-61.34,106.35,75.07,-0.55,-0.5,0.31
5.3102,3,-0.538,-0.08,-0.81,-0.22,152.78,56.94,126.74,-0.02,-0.02,0.13,3.73,15.72,3.2,-2.59,-0.94,0.54,-0.39
5.3655,4,-0.247,0.32,-0.88,-0.26,227.14,36.72,158.7,0.03,0.01,-0.08,3.72,57.22,-51.73,117.8,-0.63,0.24,-0.7
5.3672,7,-0.811,-0.27,-0.51,-0.08,55.45,52.13,57.52,0.09,0.02,0.06,0,-0.92,50.51,5.49,-0.84,0.56,0.32
5.3709,0,0.112,0.09,-0.01,-0.99,207.19,10.16,2.59,-0.02,0.01,-0.01,3.85,-0.76,25.18,0,-0.14,0.08,0.96
5.3723,6,0.817,-0.11,0.56,-0.06,342.45,65.01,-35.53,0.01,-0.04,0.02,3.74,-0.15,43.49,-0.76,-0.91,-0.24,0.4
5.3759,5,-0.161,-0.19,-0.96,0.14,174.46,21.17,-166.87,0,-0.02,0.01,3.8,-1.83,-70.5,-166.02,-0.43,-0.28,-0.81
5.3773,1,0.052,-0.08,-0.01,1,188.01,8.8,-1.47,-0.01,0.02,0.08,3.85,-5.8,-17.4,-0.31,-0.16,0.02,1.04
5.4276,2,-0.609,0.08,-0.69,0.38,260.57,51.85,-87.2,0.13,0.2,0,3.87,-65.92,85.75,1.07,-0.75,-0.77,0.18
5.4292,3,-0.528,-0.06,-0.82,-0.2,157.9,57.49,131.77,0.07,-0.16,0.16,3.73,-5.34,40.59,-24.26,-0.94,0.64,-0.32
5.4816,4,-0.279,0.24,-0.9,-0.22,216.96,37.55,160.32,-0.09,-0.27,-0.1,3.72,107.73,-14.95,-83.31,-0.47,0.16,-0.62
5.483,7,-0.788,-0.27,-0.55,-0.09,62.03,54.51,63.63,0.14,-0.06,0.08,0,18.01,36.77,-15.87,-0.79,0.61,0.45
5.4867,0,0.102,0.11,-0.01,-0.99,206.09,12.81,2.15,0.05,-0.08,0.11,3.85,-5.04,29.45,-9,-0.37,-0.09,1.08
5.4881,6,0.795,-0.11,0.59,-0.06,336.02,68.68,-41.82,0.2,-0.02,0.06,3.74,-2.9,45.01,6.71,-0.95,-0.24,0.45
5.4917,5,-0.177,-0.04,-0.98,0.12,191.4,20.86,-165.9,0.27,0.21,-0.41,3.8,-77.82,-42.42,4.12,-0.49,-0.31,-0.39
5.4932,1,0.057,-0.06,-0.01,1,187.37,7.34,-2.01,0.1,0.02,-0.01,3.85,-1.83,-23.8,-7.17,-0.21,-0.03,0.98
5.5156,2,-0.565,0.06,-0.76,0.32,245.98,55.01,-105.79,-0.16,-0.15,-0.2,3.87,-65,40.89,1.83,-0.67,-0.3,-0.32
5.5172,3,-0.504,-0.03,-0.85,-0.17,170.2,57.6,144.11,0.07,-0.09,0.02,3.73,54.47,18.62,1.37,-0.97,0.38,-0.35
5.5706,4,-0.305,0.22,-0.92,-0.14,218.34,38.21,171.74,0.15,-0.12,-0.32,3.72,91.71,20.14,-24.26,-0.59,0.11,-0.34
5.5722,7,-0.763,-0.27,-0.58,-0.08,68.79,57.59,70.71,-0.14,0,0.09,0,-0.92,34.18,-9.92,-0.97,0.52,0.08
5.5759,0,0.104,0.13,-0,-0.99,206.44,15.1,2.14,0.04,0.08,0.1,3.85,3.05,2.9,-1.22,-0.31,0.12,1.05
5.5773,6,0.772,-0.11,0.62,-0.06,327.55,71.81,-50.05,-0.12,-0.02,0.11,3.74,5.19,32.81,16.78,-1.09,-0.24,0.09
5.581,5,-0.185,-0.06,-0.98,0.09,188.7,21.93,-170.39,0.21,-0.08,-0.08,3.8,4.58,5.04,-47.3,-0.53,-0.09,-0.81
5.5825,1,0.073,-0.04,-0.02,1,185.6,4.34,-2.56,-0.15,0.06,0.41,3.85,0.31,-30.82,-9.16,0.04,0.03,1.44
5.6125,2,-0.543,0.1,-0.78,0.31,245.22,51.49,-110.99,0.07,0.03,0.14,3.87,-5.49,2.75,-11.75,-0.91,-0.69,-0.18
5.6142,3,-0.491,-0.06,-0.86,-0.13,169.47,55.84,149.33,0.04,0.19,0.25,3.73,38.76,-20.6,28.38,-1.1,0.14,-0.49
5.6701,4,-0.292,0.23,-0.92,-0.07,222.37,35.08,-179.93,0.24,0.54,0.12,3.72,1.83,19.68,55.39,-0.62,-0.43,-0.9
5.6716,7,-0.752,-0.26,-0.6,-0.09,73.23,58.68,73.64,-0.04,-0.04,-0.02,0,-12.82,12.97,7.02,-0.82,0.52,0.09
5.6771,0,0.099,0.13,-0,-0.99,205.76,15.34,1.93,-0.01,-0.03,0.11,3.85,-1.53,-0.61,-6.87,-0.29,0.01,1.07
5.6785,6,0.762,-0.09,0.64,-0.07,323.03,73.63,-52.72,-0.08,0.05,-0.07,3.74,23.8,13.73,0.15,-0.89,-0.27,0.09
5.6824,5,-0.176,-0.01,-0.98,0.1,194.7,20.33,-168.52,-0.27,0.21,0.13,3.8,-31.59,-31.28,5.04,-0.2,-0.13,-1.12
5.6839,1,0.082,-0.03,-0.02,1,184.59,2.81,-2.6,-0.14,-0.07,-0.28,3.85,4.12,-7.93,1.68,0.11,-0.09,0.67
5.7147,2,-0.528,0.08,-0.79,0.29,239.15,52.52,-116.65,0.1,0.34,0.16,3.87,-6.56,50.96,56.61,-0.78,-0.92,-0.15
5.7163,3,-0.482,-0.08,-0.87,-0.11,169.33,54.73,151.94,0.07,-0.09,-0.05,3.73,16.02,17.24,-45.47,-0.8,0.32,-0.44
5.7707,4,-0.301,0.12,-0.94,-0.11,205.28,36.36,169.93,0.58,-0.1,0.01,3.72,18.16,-32.65,191.8,-1.06,0.04,-0.46
5.7722,7,-0.739,-0.26,-0.62,-0.09,77.34,60.06,77.36,0.28,-0.08,0.53,0,27.16,44.4,-12.05,-1.2,0.82,0.42
5.7756,0,0.081,0.15,0,-0.99,203.65,16.8,1.39,0.15,0.01,0.15,3.85,1.53,25.02,-32.96,-0.51,0.06,1.08
5.7769,6,0.755,-0.07,0.65,-0.07,321.34,75.61,-52.49,0.06,0.1,0.07,3.74,8.24,7.93,27.77,-1.04,-0.27,0.23
5.7805,5,-0.162,0.04,-0.98,0.06,200.24,18.23,-171.48,0.16,-0.03,-0.03,3.8,-64.54,-10.68,-2.44,-0.45,-0.19,-0.82
5.7819,1,0.084,-0,-0.03,1,184.44,0.32,-2.97,0.12,-0,0.05,3.85,-5.34,-19.53,13.12,-0.12,-0.06,1.05
5.8127,2,-0.511,0.08,-0.82,0.25,233.85,52.72,-125.3,-0,0.15,0.32,3.87,-79.5,-51.88,-51.42,-1.04,-0.77,-0.43
5.8142,3,-0.467,-0.04,-0.88,-0.09,178.48,54.44,159.68,-0.15,0.02,-0.03,3.73,-6.56,6.41,-53.25,-0.71,0.17,-0.66
5.8866,4,-0.311,0.06,-0.95,-0.08,198.23,36.69,171.62,0.09,0.13,0.26,3.72,67.75,-18.77,18.31,-0.89,0.1,-1.04
5.8883,7,-0.706,-0.26,-0.65,-0.07,87.49,62.16,89.07,-0,0.1,-0.56,0,15.41,27.16,-13.58,-0.46,0.14,0.01
5.8921,0,0.054,0.15,0,-0.99,200.43,17.65,0.61,-0.05,-0.09,0.47,3.85,4.88,-10.22,-18.92,-0.37,-0.06,1.39
5.8935,6,0.751,-0.07,0.65,-0.07,318.33,75.86,-55.23,0.05,0.04,-0.02,3.74,0.92,5.19,-12.21,-0.96,-0.24,0.18
5.8971,5,-0.171,0.04,-0.98,0.02,199.45,19.53,-176.51,0.19,0.1,-0.06,3.8,-17.24,-45.32,18.46,-0.57,-0.14,-0.78
5.8987,1,0.076,0.01,-0.02,1,185.39,-1.26,-2.64,0.01,0.05,0.18,3.85,9,8.24,21.21,0.02,-0.02,1.13
5.9206,2,-0.518,0.14,-0.82,0.22,240.73,51.78,-126.51,0.23,-0,0.17,3.87,-32.35,-3.2,-6.26,-0.95,-0.56,-0.23
5.9221,3,-0.46,-0.02,-0.88,-0.08,183.73,54.09,163.76,-0.04,-0.11,-0.04,3.73,3.97,9.46,-36.32,-0.75,0.25,-0.55
5.9777,4,-0.34,0.05,-0.94,-0.05,197.91,39.96,175.33,0.06,-0.09,-0.13,3.72,9.61,-45.62,16.94,-0.6,0.11,-0.62
5.9793,7,-0.704,-0.24,-0.66,-0.07,89.4,64.22,89.8,-0.37,0.19,0.15,0,-36.93,-2.9,13.43,-1.31,0.37,-0.16
5.983,0,0.046,0.14,0,-0.99,199.53,15.65,0.73,0.02,0.04,-0.22,3.85,6.1,-28.84,3.36,-0.23,0.07,0.78
5.9844,6,0.745,-0.07,0.66,-0.07,315.25,76.74,-58.33,-0.09,-0.09,-0.03,3.74,-0.31,4.73,10.68,-0.97,-0.09,0.01
5.9883,5,-0.201,0.03,-0.98,-0,197.96,23.17,-179.24,0.22,-0.02,0.02,3.8,-16.78,-33.42,12.66,-0.55,-0.06,-0.83
5.9898,1,0.072,0.02,-0.02,1,185.78,-1.98,-2.31,-0.12,0.11,0.03,3.85,0.46,-12.66,-1.83,0.13,0.03,1.06
6.0134,2,-0.506,0.13,-0.83,0.2,236.16,52.09,-132.04,-0.16,-0.02,-0.16,3.87,-22.13,-12.97,-36.47,-0.64,-0.42,-0.48
6.015,3,-0.449,-0,-0.89,-0.08,187.54,53.12,167.02,0.01,-0.06,0.01,3.73,3.2,2.14,-15.41,-0.81,0.18,-0.57
6.0806,4,-0.362,0.04,-0.93,-0.04,197,42.55,175.87,-0.21,0.09,-0.02,3.72,14.8,-12.97,-8.54,-0.54,-0.01,-0.88
6.0822,7,-0.703,-0.24,-0.66,-0.09,90.54,62.23,89.22,0.05,-0,-0.23,0,-6.56,-0.76,8.54,-0.76,0.36,0.12
6.0857,0,0.046,0.12,-0.01,-0.99,199.49,13.17,1.57,-0.11,0.04,0.09,3.85,11.44,-19.23,6.1,-0.12,0.03,1.12
6.0872,6,0.743,-0.06,0.66,-0.07,315.71,77.69,-57.53,0.06,-0.03,-0.04,3.74,7.02,-4.12,12.51,-0.95,-0.13,0.18
6.0909,5,-0.213,0.01,-0.98,-0.02,194.73,24.66,178.34,0.16,-0.2,-0.02,3.8,-11.44,-15.11,21.21,-0.55,0.23,-0.81
6.0923,1,0.08,0.04,-0.02,1,184.89,-4.62,-2.01,0.07,-0.01,-0.04,3.85,2.29,-13.73,-0.92,0.01,-0.06,0.96
6.1145,2,-0.497,0.16,-0.83,0.19,238.92,50,-132.46,-0.05,0.07,-0.01,3.87,-14.95,4.73,-7.02,-0.7,-0.53,-0.46
6.1162,3,-0.444,0.01,-0.89,-0.07,189.26,52.56,168.3,0.06,-0.05,-0.05,3.73,0.92,2.9,-18.46,-0.78,0.13,-0.53
6.1925,4,-0.366,0.04,-0.93,-0.03,198.4,43.12,177.97,-0.05,-0.09,0.07,3.72,9.16,2.75,-10.99,-0.66,0.08,-0.74
6.1942,7,-0.695,-0.25,-0.67,-0.08,92.74,63.27,92.72,-0.11,0.03,-0.45,0,12.21,19.99,-2.44,-0.39,0.12,-0.2
6.1978,0,0.058,0.11,-0.02,-0.99,201.09,12.35,2.67,-0.07,0.06,0,3.85,5.19,7.48,17.24,-0.16,0.1,0.96
6.1992,6,0.744,-0.05,0.66,-0.06,319.1,78.56,-54.36,0.13,-0.02,0.03,3.74,-9,0.61,-9,-0.99,-0.16,0.25
6.204,5,-0.213,0.02,-0.98,-0.02,195.31,24.69,177.67,0.14,-0.03,-0.11,3.8,-5.95,-5.95,8.24,-0.51,0.08,-0.75
6.2055,1,0.081,0.05,-0.02,1,184.87,-5.44,-2.18,0.06,0.01,0.04,3.85,6.41,2.9,2.59,0.04,-0.03,1.01
6.2254,2,-0.483,0.17,-0.84,0.18,237.7,48.59,-134.96,0.06,0.05,-0.06,3.87,-6.41,1.98,-4.88,-0.72,-0.47,-0.35
6.2273,3,-0.438,0.01,-0.9,-0.07,189.3,51.86,168.42,0.18,-0.09,-0.01,3.73,-0.15,-4.73,5.34,-0.89,0.19,-0.45
6.2837,4,-0.361,0.05,-0.93,-0.02,200.46,42.35,-179.96,-0.1,-0.1,-0.12,3.72,3.05,8.39,-37.84,-0.6,0.01,-0.74
6.2853,7,-0.694,-0.26,-0.67,-0.08,92.25,62.3,92.8,0.08,-0.04,0.37,0,-13.73,-8.54,-17.55,-1.07,0.55,-0.09
6.2914,0,0.065,0.12,-0.02,-0.99,201.91,13.12,3.58,0.02,0.09,0.06,3.85,6.26,10.22,-2.9,-0.25,0.16,1.03
6.2928,6,0.741,-0.06,0.67,-0.06,315.94,78.51,-58.53,-0.21,-0.16,-0.05,3.74,-2.44,-3.05,1.07,-0.98,-0.03,-0.06
6.2983,5,-0.213,0.01,-0.98,-0.03,194.44,24.56,177.11,0.21,-0.02,-0.05,3.8,-1.83,-0.31,16.94,-0.58,0.09,-0.76
6.2997,1,0.09,0.05,-0.02,0.99,183.79,-5.94,-1.87,-0.06,0.01,0.11,3.85,2.29,-2.29,-9.31,0.17,-0.03,1.09
6.3277,2,-0.481,0.18,-0.84,0.18,239.06,47.82,-134.3,0.17,0.15,0.1,3.87,1.98,1.83,0.31,-0.8,-0.68,-0.35
6.3295,3,-0.436,-0.01,-0.9,-0.08,186.69,51.33,166.47,0.08,-0.05,0.11,3.73,10.07,-8.24,49.9,-0.92,0.21,-0.6
6.387,4,-0.356,0.07,-0.93,-0.01,203.85,41.69,-177.68,-0.03,0.08,0,3.72,-0.61,0.76,-8.7,-0.63,-0.1,-0.77
6.3893,7,-0.701,-0.24,-0.67,-0.08,91.25,63.96,90.74,-0.02,0.03,0.02,0,-0.76,-8.85,42.42,-0.88,0.53,-0.02
6.3943,0,0.061,0.13,-0.02,-0.99,201.57,14.46,3.77,-0.01,0.07,-0.08,3.85,-0.46,14.65,-7.78,-0.2,0.13,0.89
6.3958,6,0.741,-0.06,0.67,-0.05,317.84,79.06,-56.38,0.03,0.01,0.02,3.74,9.77,-8.09,10.68,-0.99,-0.15,0.14
6.3997,5,-0.211,0,-0.98,-0.03,193.4,24.36,176.59,0.24,0,-0.02,3.8,0.76,2.59,21.36,-0.63,0.06,-0.82
6.4011,1,0.099,0.05,-0.02,0.99,182.74,-6.38,-1.7,0.02,0.06,-0.06,3.85,-4.12,-5.8,-11.29,0.06,0.04,0.94
6.4208,2,-0.475,0.17,-0.84,0.18,236.57,47.85,-135.91,0.01,0.04,0.01,3.87,3.2,-3.97,-1.22,-0.73,-0.54,-0.5
6.4224,3,-0.433,-0.03,-0.9,-0.08,183.34,50.64,164.33,0.13,-0.04,-0.03,3.73,4.88,5.04,16.33,-0.82,0.21,-0.49
6.4786,4,-0.353,0.09,-0.93,-0.01,206.23,41.15,-176.04,-0.06,0.04,0.14,3.72,6.71,5.19,-17.85,-0.69,-0.1,-0.9
6.4801,7,-0.707,-0.24,-0.66,-0.08,89.3,63.97,88.19,0.16,0.05,0.06,0,-5.49,-11.44,1.98,-0.96,0.48,0.2
6.484,0,0.058,0.14,-0.02,-0.99,201.21,15.4,3.47,-0.06,-0.08,0.05,3.85,-8.09,19.23,14.8,-0.22,-0,1.02
6.4854,6,0.747,-0.05,0.66,-0.06,322.79,78.83,-50.07,0.15,-0.03,0.04,3.74,20.14,-10.53,-9.16,-1.02,-0.14,0.26
6.4909,5,-0.206,-0.01,-0.98,-0.03,191.81,23.67,176.18,0.3,-0.05,-0.07,3.8,4.12,1.98,0.46,-0.69,0.19,-0.75
6.4927,1,0.116,0.07,-0.02,0.99,180.79,-8.13,-1.68,0.14,0.06,-0.02,3.85,-2.29,-8.7,-16.17,-0.01,-0,0.99
6.5411,2,-0.479,0.18,-0.84,0.19,239.66,47.16,-133.28,0.11,0.06,0.02,3.87,33.87,-30.36,-28.23,-0.81,-0.49,-0.37
6.5427,3,-0.428,-0.04,-0.9,-0.09,181.17,49.74,163.08,0.18,-0.07,0.02,3.73,9.31,1.53,23.35,-0.89,0.28,-0.48
6.5936,4,-0.345,0.07,-0.94,-0.01,202.53,40.33,-178.55,0.03,0.1,-0.01,3.72,-19.53,9.31,65.92,-0.65,-0.09,-0.74
6.5951,7,-0.711,-0.24,-0.66,-0.08,88.02,63.94,87.07,0.16,-0,0.07,0,-0.61,-0.92,7.63,-0.93,0.51,0.2
6.5987,0,0.062,0.15,-0.01,-0.99,201.5,16.64,2.14,-0.02,0.11,0.09,3.85,-19.38,1.68,-9.61,-0.28,0.12,1.04
6.6001,6,0.749,-0.04,0.66,-0.08,319.85,77.6,-50.69,0.15,0.01,0.01,3.74,17.85,8.09,-21.06,-1,-0.18,0.29
6.6043,5,-0.201,-0.02,-0.98,-0.03,190.46,23.04,175.58,0.3,-0.09,-0.02,3.8,4.27,-2.14,6.26,-0.73,0.19,-0.76
6.6058,1,0.129,0.07,-0.02,0.99,179.29,-8.15,-1.63,0.13,0.05,-0.03,3.85,-0.31,15.11,-6.56,0,-0.01,0.99
6.6277,2,-0.5,0.18,-0.82,0.22,244.35,47.46,-126.47,0.29,0.08,-0.03,3.87,10.83,9.61,12.21,-0.73,-0.57,-0.17
6.6293,3,-0.42,-0.04,-0.9,-0.08,181.8,48.71,164.14,0.1,-0.21,-0.02,3.73,9.46,4.73,-14.95,-0.76,0.33,-0.51
6.6899,4,-0.341,0.03,-0.94,-0.05,195.42,39.95,174.54,0.02,0.04,0.04,3.72,-25.33,-0.46,53.56,-0.61,0.04,-0.78
6.6914,7,-0.707,-0.24,-0.66,-0.08,89.42,64.06,88.48,0.05,0.03,0.01,0,0.76,7.48,-0.61,-0.92,0.42,0.07
6.6952,0,0.055,0.14,0,-0.99,200.5,15.87,0.62,0.06,0.01,-0.04,3.85,-5.49,-8.39,-10.53,-0.33,0.03,0.91
6.6969,6,0.74,-0.04,0.66,-0.1,310.76,77.4,-58.82,0.06,-0.04,-0.03,3.74,5.34,12.66,-20.75,-0.96,-0.15,0.15
6.7012,5,-0.198,-0.02,-0.98,-0.03,190.42,22.74,175.86,0.24,-0.06,-0.04,3.8,3.51,-0.61,3.97,-0.59,0.13,-0.79
6.7035,1,0.14,0.05,-0.02,0.99,178.02,-6.02,-1.78,0.04,0.04,-0.07,3.85,-7.02,10.53,-3.2,0.05,0,0.91
6.7227,2,-0.478,0.18,-0.83,0.22,240.66,45.57,-129.22,-0.04,0.08,-0.11,3.87,-18.92,22.58,0.61,-0.58,-0.53,-0.41
6.7249,3,-0.414,-0.04,-0.91,-0.07,182.87,48.19,165.63,0.11,0.02,-0.19,3.73,-1.37,-7.02,-1.98,-0.7,0.13,-0.44
6.7817,4,-0.343,-0.01,-0.94,-0.07,188.5,39.8,168.86,-0.34,-0.17,-0.15,3.72,25.63,-43.64,171.2,-0.69,0.77,-0.79
6.7834,7,-0.702,-0.24,-0.67,-0.08,91.08,63.77,90.2,0.02,-0.03,-0.01,0,0.76,5.95,1.53,-0.87,0.46,0.01
6.7885,0,0.042,0.13,0.01,-0.99,198.95,14.81,0.05,0.04,-0,-0.02,3.85,3.97,-16.33,-10.83,-0.29,-0.01,0.93
6.7905,6,0.733,-0.04,0.67,-0.1,305.83,78.06,-63.39,-0.04,-0.05,-0.02,3.74,5.49,2.9,4.27,-0.97,-0.12,0.05
6.7946,5,-0.197,-0.06,-0.98,-0.03,185.52,22.43,174.27,0.29,-0.18,0.03,3.8,9.16,-1.37,52.19,-0.6,0.3,-0.83
6.7962,1,0.145,0.05,-0.03,0.99,177.46,-6.63,-2.05,0.02,0,0.02,3.85,-3.05,-11.9,0.92,0.1,-0.04,1.03
6.8437,2,-0.466,0.2,-0.83,0.22,241.77,43.75,-130.97,0.21,0.25,0.29,3.87,-21.06,-0.92,-13.89,-0.84,-0.9,-0.38
6.8453,3,-0.415,-0.03,-0.91,-0.07,184.72,48.49,166.4,0.16,-0.11,0.12,3.73,-5.34,5.49,-18.62,-0.91,0.29,-0.58
6.8976,4,-0.349,-0.05,-0.93,-0.06,183.41,40.21,168.15,0.01,-0.06,0.11,3.72,8.54,-4.43,-9.31,-0.73,0.09,-0.82
6.8992,7,-0.699,-0.24,-0.67,-0.08,92.41,63.58,91.29,0.02,0.02,0.01,0,-3.81,5.8,5.04,-0.9,0.44,0.02
6.9031,0,0.037,0.12,0.01,-0.99,198.29,14.01,-0.24,-0.02,0.07,0.1,3.85,0.61,1.07,-4.88,-0.24,0.06,1.07
6.905,6,0.73,-0.03,0.68,-0.1,303.99,78.57,-64.7,-0.02,-0.02,-0.05,3.74,10.38,-4.12,3.2,-0.94,-0.15,0.06
6.9095,5,-0.191,-0.09,-0.98,-0.04,182.87,21.56,173.74,0.26,-0.1,-0.13,3.8,3.66,0.15,26.4,-0.49,0.26,-0.7
6.911,1,0.146,0.06,-0.03,0.99,177.4,-7.39,-2.26,0.03,0.03,-0,3.85,0,-2.9,9.77,0.08,-0.02,0.99
6.9319,2,-0.46,0.2,-0.84,0.21,240.89,43.49,-132.48,0.04,-0.01,-0.17,3.87,-7.17,5.04,26.09,-0.59,-0.38,-0.41
6.9336,3,-0.415,-0.02,-0.91,-0.07,185.87,48.62,166.85,0.11,-0.05,-0.01,3.73,-1.68,-8.39,-1.98,-0.81,0.19,-0.54
6.9906,4,-0.352,-0.06,-0.93,-0.07,182.32,40.44,167.63,-0.25,-0.15,-0.34,3.72,-9.16,-3.51,-20.14,-0.18,0.28,-0.63
6.9921,7,-0.696,-0.24,-0.67,-0.09,93.73,63.14,91.81,0.06,0,0.03,0,-8.39,4.58,5.49,-0.91,0.48,0.04
6.9957,0,0.032,0.13,0.01,-0.99,197.7,14.77,-0.16,0.03,0.02,-0.05,3.85,2.29,4.58,-4.12,-0.27,0.01,0.91
6.9971,6,0.732,-0.03,0.67,-0.1,305.67,78.49,-62.74,0.09,0.03,0.04,3.74,0.92,-3.97,7.02,-0.97,-0.19,0.19
7.0006,5,-0.186,-0.06,-0.98,-0.02,186.74,21.19,176.1,0.3,0.25,-0.14,3.8,0.61,-1.22,-24.87,-0.67,-0.1,-0.72
7.002,1,0.144,0.07,-0.03,0.99,177.61,-8.05,-2.25,0.09,0.06,-0.01,3.85,-1.83,-2.59,3.97,0.04,-0,0.98
7.0267,2,-0.461,0.19,-0.84,0.21,238.76,44.55,-133.55,0.03,-0.06,-0.06,3.87,7.17,-4.58,-3.51,-0.79,-0.45,-0.41
7.0283,3,-0.419,-0.02,-0.9,-0.08,185.06,49.01,165.82,0.17,-0.07,-0.01,3.73,-0.15,-1.83,-4.73,-0.85,0.21,-0.48
7.0844,4,-0.351,-0.01,-0.94,-0.05,190.73,41,173.06,0.13,0.17,0.46,3.72,-7.02,16.78,-46.39,-1,0.02,-1.02
7.0859,7,-0.695,-0.23,-0.67,-0.1,94.61,62.55,91.75,0.07,-0.02,0.02,0,-5.04,4.27,7.17,-0.89,0.5,0.05
7.0919,0,0.033,0.13,0,-0.99,197.93,15.14,0.3,-0.04,0.01,0.08,3.85,6.26,9.92,16.17,-0.26,0.03,1.06
7.0936,6,0.734,-0.03,0.67,-0.1,307.34,78.52,-61.11,0.05,0.01,0.02,3.74,-2.29,1.83,1.53,-0.99,-0.18,0.15
7.0975,5,-0.181,-0.05,-0.98,-0.02,187.93,20.75,176.77,0.28,-0.11,-0.05,3.8,0.61,1.68,3.81,-0.54,0.16,-0.77
7.099,1,0.147,0.07,-0.03,0.99,177.26,-8.07,-2.04,0.07,0.04,-0,3.85,-1.22,-0.76,-0.31,0.07,-0.02,1.01
7.1446,2,-0.452,0.19,-0.85,0.2,237.84,43.69,-134.65,0.24,0.2,0.09,3.87,-2.44,11.29,23.5,-0.78,-0.7,-0.33
7.1462,3,-0.419,-0.02,-0.9,-0.08,184.11,48.84,164.77,0.16,-0.1,0.02,3.73,0,0.31,7.02,-0.86,0.28,-0.52
7.1987,4,-0.345,0.03,-0.94,-0.03,196.51,40.46,176.96,0.07,0.16,0.07,3.72,5.19,1.68,-19.38,-0.74,-0.05,-0.76
7.2002,7,-0.693,-0.23,-0.67,-0.11,95.62,62.08,92.02,0.05,-0.02,0.02,0,-4.58,2.9,1.98,-0.88,0.5,0.03
7.2038,0,0.044,0.14,-0,-0.99,199.23,16.01,0.96,0.05,0.03,0,3.85,0.92,7.48,7.93,-0.32,0.05,0.94
7.206,6,0.734,-0.03,0.67,-0.09,307.93,78.75,-60.76,0.01,-0.04,-0.01,3.74,-3.51,0,-0.46,-0.98,-0.13,0.1
7.211,5,-0.178,-0.05,-0.98,-0.02,187.87,20.42,176.62,0.32,-0.02,-0.04,3.8,-7.32,-0.31,14.95,-0.61,0.13,-0.76
7.2125,1,0.151,0.07,-0.03,0.99,176.79,-8.24,-1.94,0.06,0.02,0.02,3.85,0.76,-0.31,1.37,0.09,-0.03,1.02
7.2409,2,-0.449,0.18,-0.85,0.19,235.96,44.3,-136.72,0.22,0.03,0.06,3.87,-7.17,-1.83,-6.71,-0.85,-0.58,-0.35
7.2426,3,-0.418,-0.03,-0.9,-0.09,183.08,48.58,163.76,0.16,-0.07,0.01,3.73,-2.75,0.15,0.92,-0.85,0.25,-0.51
7.2987,4,-0.344,0.05,-0.94,-0.02,199.68,40.32,179.61,0.04,-0.13,0.09,3.72,3.81,1.83,-28.53,-0.72,0.12,-0.79
7.3004,7,-0.691,-0.23,-0.68,-0.11,96.55,61.98,92.28,0.06,-0.03,0.03,0,-2.9,1.53,0.31,-0.89,0.52,0.04
7.3073,0,0.044,0.14,-0,-0.99,199.37,16.61,1.29,-0.01,0,-0.02,3.85,1.37,1.37,-1.53,-0.26,0.04,0.93
7.309,6,0.734,-0.03,0.67,-0.09,308.44,78.91,-60.67,0.06,-0.02,0.01,3.74,-1.83,-1.53,-0.61,-0.99,-0.14,0.16
7.3145,5,-0.181,-0.05,-0.98,-0.03,187.87,20.67,175.36,0.32,-0,-0.05,3.8,-5.8,0.61,-5.65,-0.63,0.1,-0.77
7.3159,1,0.153,0.07,-0.03,0.99,176.5,-8.4,-1.73,0.08,0.06,-0,3.85,0.46,-0.31,0.92,0.06,0.01,1
7.3327,2,-0.445,0.17,-0.86,0.19,234.63,44.33,-138.03,0.13,0.03,-0.04,3.87,-0.31,3.51,7.63,-0.72,-0.51,-0.4
7.3345,3,-0.417,-0.02,-0.9,-0.09,183.52,48.58,163.33,0.16,-0.1,0.01,3.73,-1.68,0.15,-4.58,-0.85,0.28,-0.49
7.4051,4,-0.344,0.06,-0.94,-0.01,202.54,40.23,-178.38,-0.01,0,0.05,3.72,-1.68,-1.53,-2.14,-0.7,0.02,-0.83
7.4075,7,-0.691,-0.23,-0.68,-0.11,96.7,62.01,92.22,0.07,-0.01,0.01,0,1.68,-0.31,0.61,-0.89,0.5,0.05
7.4138,0,0.039,0.14,-0.01,-0.99,198.71,16.38,1.35,-0.02,-0.02,0.01,3.85,0.76,-3.66,-7.02,-0.26,-0.01,0.98
7.4156,6,0.734,-0.03,0.67,-0.09,308.75,78.92,-60.42,0.05,-0.01,0.01,3.74,1.83,1.22,-1.07,-0.99,-0.15,0.14
7.4208,5,-0.181,-0.04,-0.98,-0.04,187.82,20.55,174.49,0.32,-0.02,-0.04,3.8,-5.19,3.36,6.87,-0.64,0.14,-0.78
7.4235,1,0.157,0.07,-0.02,0.98,176.01,-8.28,-1.35,0.08,0.03,-0.01,3.85,-0.15,0.61,-1.37,0.06,-0.02,0.99
7.4282,2,-0.442,0.17,-0.86,0.19,234,44.01,-138.51,0.1,0.07,-0.04,3.87,-5.49,3.05,3.05,-0.69,-0.53,-0.42
7.4297,3,-0.418,-0.02,-0.9,-0.09,184.3,48.73,163.59,0.15,-0.02,-0,3.73,-2.75,1.07,-3.36,-0.84,0.2,-0.52
7.4955,4,-0.345,0.07,-0.94,-0.01,203.27,40.29,-177.9,-0.07,-0.02,-0.03,3.72,2.14,-3.05,-0.15,-0.57,0,-0.78
7.4971,7,-0.692,-0.23,-0.68,-0.11,96.69,62.17,92.17,0.05,-0,0.01,0,0.31,-0.31,-0.92,-0.9,0.48,0.03
7.501,0,0.036,0.14,-0.01,-0.99,198.45,16.16,1.25,-0.01,-0.02,0.02,3.85,0,-2.59,1.68,-0.27,-0,0.98
7.5024,6,0.733,-0.03,0.67,-0.09,307.57,78.96,-61.49,0.02,-0,0,3.74,0.76,0.15,-0.15,-0.98,-0.16,0.12
7.5075,5,-0.18,-0.05,-0.98,-0.04,187.65,20.45,173.76,0.32,-0.02,-0.04,3.8,-5.49,3.2,-17.4,-0.61,0.13,-0.78
7.509,1,0.162,0.07,-0.02,0.98,175.47,-8.34,-1.22,0.07,0.02,0.01,3.85,1.22,0.76,0,0.08,-0.03,1
7.53,2,-0.439,0.17,-0.86,0.19,233.91,43.81,-139.04,0.07,0.01,-0.02,3.87,-5.34,-9.61,-7.93,-0.71,-0.47,-0.44
7.5317,3,-0.417,-0.01,-0.9,-0.1,185.18,48.77,163.6,0.15,-0.07,-0.01,3.73,-2.9,0.92,-4.58,-0.83,0.24,-0.5
7.5899,4,-0.343,0.08,-0.94,-0,205.01,40.04,-176.56,0.01,-0.01,0.02,3.72,3.05,-1.68,-18.01,-0.69,-0.04,-0.78
7.5916,7,-0.692,-0.23,-0.68,-0.11,96.75,62.27,92.1,0.06,-0,0.02,0,-1.07,0,-0.92,-0.9,0.49,0.04
7.5954,0,0.037,0.14,-0.01,-0.99,198.57,16.08,1.49,0,0.01,0.01,3.85,1.83,1.07,-1.37,-0.28,0.03,0.97
7.5968,6,0.733,-0.03,0.67,-0.09,307.21,78.92,-61.93,0.05,0.01,0,3.74,-1.37,-0.46,0,-0.98,-0.17,0.14
7.6005,5,-0.18,-0.03,-0.98,-0.05,189.53,20.55,173.72,0.34,-0.06,-0.01,3.8,-5.19,0.76,-8.09,-0.66,0.15,-0.79
7.602,1,0.164,0.07,-0.02,0.98,175.14,-8.32,-0.97,0.08,0.03,-0.01,3.85,1.22,2.14,0.92,0.06,-0.01,0.99
7.6318,2,-0.443,0.18,-0.86,0.19,235.22,43.88,-138.42,0.18,0.03,-0.04,3.87,-2.29,-1.53,-9.31,-0.74,-0.53,-0.37
7.6334,3,-0.415,-0.01,-0.9,-0.1,185.82,48.54,163.65,0.15,-0.05,-0.01,3.73,-1.68,1.98,1.53,-0.83,0.22,-0.51
7.7073,4,-0.342,0.09,-0.94,-0,206.8,39.78,-175.6,-0.02,-0.02,-0.02,3.72,-2.75,2.29,-5.65,-0.62,-0.02,-0.76
7.7094,7,-0.692,-0.22,-0.68,-0.11,96.83,62.36,91.99,0.05,-0,0.01,0,0,0,0,-0.89,0.48,0.03
7.7135,0,0.037,0.14,-0.01,-0.99,198.64,16.35,2.01,0.01,0.01,0,3.85,3.97,1.83,1.22,-0.29,0.03,0.96
7.715,6,0.733,-0.03,0.67,-0.09,307.8,78.88,-61.44,0.04,-0,0,3.74,-0.31,-0.31,0.15,-0.98,-0.16,0.14
7.7218,5,-0.182,-0.03,-0.98,-0.05,189.93,20.77,173.47,0.29,-0.01,-0.04,3.8,-1.37,0.15,-3.2,-0.61,0.13,-0.8
7.7246,1,0.167,0.07,-0.02,0.98,174.84,-8.07,-0.77,0.07,0.04,-0.01,3.85,-0.15,2.14,0.46,0.06,-0.01,0.99
7.7392,2,-0.442,0.19,-0.86,0.19,236.53,43.25,-137.71,0.14,0.04,-0.01,3.87,-6.56,-3.97,-18.31,-0.74,-0.56,-0.41
7.7413,3,-0.414,-0,-0.9,-0.1,186.23,48.43,163.59,0.17,-0.04,-0.02,3.73,-1.37,1.22,0.15,-0.84,0.22,-0.5
7.8028,4,-0.339,0.1,-0.94,-0,207.82,39.33,-175.12,-0.08,0.01,-0.06,3.72,-1.37,0.92,-1.68,-0.54,-0.06,-0.79
7.8045,7,-0.693,-0.22,-0.68,-0.11,96.78,62.36,91.82,0.07,-0,0.02,0,0,0,0.31,-0.9,0.49,0.05
7.8094,0,0.039,0.14,-0.02,-0.99,198.94,16.4,2.5,0.01,0.03,0.01,3.85,2.75,0.76,3.66,-0.28,0.08,0.96
7.8114,6,0.734,-0.03,0.67,-0.09,308.06,78.93,-61.26,0.05,-0.01,0.01,3.74,0,0,0.61,-0.99,-0.15,0.15
7.8154,5,-0.184,-0.02,-0.98,-0.05,190.26,21,173.12,0.31,-0.04,-0.04,3.8,-0.31,-1.22,4.12,-0.62,0.14,-0.76
7.8169,1,0.17,0.07,-0.02,0.98,174.48,-7.88,-0.7,0.08,0.02,-0.01,3.85,0,0.61,-0.46,0.05,-0.02,0.99
7.8367,2,-0.442,0.2,-0.85,0.19,237.3,42.94,-137.18,0.16,0.02,-0,3.87,0,-3.2,0,-0.76,-0.54,-0.4
7.8385,3,-0.414,-0,-0.9,-0.1,186.63,48.45,163.61,0.18,-0.05,-0.01,3.73,-0.76,-0.61,-5.95,-0.85,0.22,-0.49
7.9069,4,-0.337,0.1,-0.94,-0,208.05,39.19,-175.24,-0.06,-0.02,-0.03,3.72,-0.76,-4.27,0.92,-0.58,-0.05,-0.79
7.9085,7,-0.693,-0.22,-0.68,-0.12,96.77,62.34,91.6,0.05,-0.01,0.02,0,-0.61,0.61,0,-0.9,0.48,0.04
7.9122,0,0.042,0.14,-0.02,-0.99,199.28,16.39,2.84,0.01,0.02,0,3.85,1.37,0.31,4.58,-0.29,0.07,0.96
7.9136,6,0.733,-0.03,0.67,-0.09,308.08,79.01,-61.23,0.04,-0.01,0,3.74,0,0,0.15,-0.98,-0.16,0.13
7.9171,5,-0.185,-0.02,-0.98,-0.05,190.56,21.17,172.95,0.29,-0.05,-0.04,3.8,0,1.37,-4.27,-0.61,0.16,-0.78
7.9186,1,0.171,0.07,-0.02,0.98,174.36,-7.78,-0.63,0.07,0.02,-0,3.85,0,0.31,0.15,0.05,-0.01,1
7.9426,2,-0.444,0.19,-0.85,0.19,237.52,43.09,-136.87,0.18,0.03,-0.02,3.87,-2.14,1.98,3.81,-0.75,-0.55,-0.37
7.9442,3,-0.413,0,-0.9,-0.1,187.14,48.43,163.74,0.16,-0.03,-0,3.73,-0.76,2.44,-1.83,-0.85,0.22,-0.51
8.0007,4,-0.343,0.1,-0.93,-0,208.15,39.83,-175.26,-0.03,0,-0.02,3.72,0,-4.58,4.43,-0.61,-0.06,-0.76
8.0023,7,-0.693,-0.22,-0.68,-0.12,97,62.36,91.61,0.05,-0.01,0.02,0,-0.15,0,0.76,-0.89,0.49,0.04
8.0068,0,0.042,0.14,-0.02,-0.99,199.41,16.28,3.16,0.04,0.04,0,3.85,1.53,0.46,-0.31,-0.31,0.1,0.95
8.0087,6,0.733,-0.03,0.67,-0.09,308.09,79.05,-61.24,0.04,-0.01,0,3.74,0.15,0.15,-0.15,-0.98,-0.16,0.13
8.0132,5,-0.185,-0.02,-0.98,-0.06,190.87,21.14,172.98,0.26,-0.02,-0.04,3.8,-0.15,0.46,1.98,-0.58,0.13,-0.79
8.0147,1,0.173,0.07,-0.02,0.98,174.17,-7.71,-0.55,0.08,0.02,0,3.85,0,0.61,0,0.06,-0.02,1
8.0347,2,-0.443,0.19,-0.85,0.19,236.8,43.21,-137.08,0.14,0.05,-0.02,3.87,1.07,1.22,2.29,-0.71,-0.56,-0.4
8.0363,3,-0.411,0.01,-0.91,-0.11,187.39,48.21,163.57,0.13,-0.05,-0.01,3.73,-0.76,2.29,-1.22,-0.82,0.23,-0.53
8.1059,4,-0.343,0.1,-0.93,-0.01,207.46,39.95,-175.96,-0.01,0.04,0,3.72,-1.53,-1.07,10.07,-0.63,-0.06,-0.78
8.1086,7,-0.693,-0.22,-0.68,-0.12,97.03,62.3,91.52,0.05,-0.01,0.02,0,0,0,0,-0.89,0.49,0.04
8.1129,0,0.041,0.14,-0.02,-0.99,199.28,16.38,3.27,0.02,0.01,-0,3.85,0.76,0.61,-0.46,-0.3,0.06,0.95
8.1144,6,0.733,-0.03,0.67,-0.09,308.01,79.07,-61.37,0.05,-0,0.01,3.74,-0.31,-0.31,0.31,-0.99,-0.16,0.14
8.1184,5,-0.186,-0.01,-0.98,-0.06,191.09,21.26,172.99,0.33,0.03,-0,3.8,0,0,-0.76,-0.67,0.09,-0.81
8.1198,1,0.174,0.07,-0.02,0.98,174.01,-7.66,-0.48,0.08,0.02,-0,3.85,-0.31,-0.15,0,0.05,-0.01,0.99
8.1399,2,-0.442,0.19,-0.85,0.19,236.98,42.94,-136.88,0.15,0.05,-0.01,3.87,-3.2,-0.61,-2.59,-0.73,-0.55,-0.4
8.1415,3,-0.411,0.01,-0.91,-0.11,187.66,48.21,163.53,0.13,-0.05,-0.01,3.73,1.07,-1.53,1.07,-0.82,0.22,-0.52
8.1995,4,-0.343,0.1,-0.93,-0.01,207.83,39.89,-175.73,-0.04,-0.02,-0.02,3.72,0.76,0.61,-3.36,-0.6,-0.03,-0.77
8.2011,7,-0.693,-0.22,-0.68,-0.12,97.1,62.3,91.48,0.05,-0,0.02,0,0.31,0,0.31,-0.9,0.48,0.04
8.2046,0,0.041,0.15,-0.02,-0.99,199.34,16.55,3.38,0.02,0.01,0.01,3.85,-0.31,1.53,0.46,-0.3,0.07,0.96
8.2065,6,0.734,-0.03,0.67,-0.09,308.63,79.1,-60.65,0.04,0,0,3.74,0.15,0,0.31,-0.98,-0.16,0.13
8.2109,5,-0.187,-0.01,-0.98,-0.06,191.39,21.39,173.05,0.32,-0.01,-0.02,3.8,3.97,2.9,-0.76,-0.65,0.13,-0.79
8.2124,1,0.176,0.06,-0.02,0.98,173.8,-7.6,-0.45,0.07,0.02,-0,3.85,-0.61,0,0.15,0.06,-0.01,1
8.2364,2,-0.442,0.19,-0.85,0.19,237,42.95,-136.76,0.15,0.03,-0,3.87,1.98,-1.83,0,-0.75,-0.55,-0.42
8.238,3,-0.411,0.01,-0.9,-0.11,187.64,48.27,163.25,0.15,-0.07,0,3.73,0,-0.31,0,-0.85,0.24,-0.5
8.3079,4,-0.342,0.1,-0.93,-0.01,208.22,39.81,-175.72,-0,-0.04,0.03,3.72,-0.76,1.98,-12.97,-0.66,-0.02,-0.79
8.31,7,-0.692,-0.22,-0.68,-0.12,97.24,62.21,91.59,0.05,-0.01,0.02,0,-0.61,0,0.61,-0.89,0.49,0.04
8.3138,0,0.043,0.15,-0.02,-0.99,199.51,16.75,3.41,0.02,0.01,0,3.85,-0.76,0,2.75,-0.3,0.07,0.96
8.3152,6,0.734,-0.03,0.67,-0.09,308.78,79.17,-60.51,0.05,-0.01,0,3.74,0,0,0.46,-0.99,-0.16,0.14
8.3191,5,-0.186,-0.01,-0.98,-0.05,191.45,21.29,173.12,0.24,-0.02,-0.06,3.8,2.44,1.07,0,-0.57,0.18,-0.79
8.3205,1,0.177,0.06,-0.02,0.98,173.62,-7.51,-0.47,0.08,0.01,-0,3.85,-0.15,0.61,0,0.05,-0.02,1
8.3401,2,-0.446,0.2,-0.85,0.2,238.24,42.91,-135.68,0.13,0.05,-0.03,3.87,0.76,-6.1,-8.85,-0.71,-0.55,-0.38
8.342,3,-0.412,0.01,-0.9,-0.11,187.67,48.32,162.96,0.16,-0.05,0.01,3.73,-0.15,-0.31,-0.46,-0.85,0.23,-0.51
8.3986,4,-0.34,0.12,-0.93,-0,210.17,39.41,-174.46,-0.04,-0.03,-0.02,3.72,0.61,3.66,-14.34,-0.6,-0.04,-0.78
8.4002,7,-0.692,-0.22,-0.68,-0.12,97.31,62.15,91.44,0.06,-0.02,0.02,0,-0.46,0.31,-0.15,-0.89,0.5,0.04
8.4038,0,0.045,0.15,-0.02,-0.99,199.77,16.81,3.48,0.01,0.01,0,3.85,-0.92,0.76,-0.15,-0.29,0.06,0.95
8.4054,6,0.734,-0.03,0.67,-0.09,308.73,79.19,-60.72,0.05,-0.01,0,3.74,-0.46,0,-0.46,-0.98,-0.15,0.14
8.4116,5,-0.185,-0.01,-0.98,-0.05,191.54,21.21,173.19,0.27,-0.01,-0.04,3.8,0.31,0.92,0.76,-0.6,0.11,-0.79
8.4131,1,0.179,0.06,-0.02,0.98,173.36,-7.43,-0.44,0.08,0.02,-0,3.85,0.46,0.15,0,0.05,-0.02,1
8.4387,2,-0.448,0.2,-0.85,0.2,238.64,42.88,-135.03,0.18,0.03,-0,3.87,1.07,2.44,3.66,-0.75,-0.56,-0.36
8.4407,3,-0.412,0.01,-0.9,-0.11,187.7,48.37,162.78,0.15,-0.04,-0,3.73,-0.92,-0.31,-2.14,-0.84,0.22,-0.51
8.511,4,-0.337,0.12,-0.93,0,211.3,38.99,-173.82,0.03,-0.02,0.03,3.72,-1.07,3.36,-6.87,-0.65,-0.06,-0.77
8.5125,7,-0.693,-0.22,-0.68,-0.12,97.27,62.2,91.19,0.05,-0.01,0.01,0,0.15,0,-0.46,-0.89,0.49,0.04
8.516,0,0.044,0.15,-0.02,-0.99,199.64,17,3.41,0.01,0.01,0.01,3.85,0,0.76,-1.53,-0.3,0.06,0.96
8.5174,6,0.733,-0.03,0.67,-0.09,308.54,79.16,-61.01,0.05,-0,0,3.74,0.31,0.15,-0.76,-0.98,-0.16,0.14
8.5211,5,-0.185,-0.01,-0.98,-0.06,191.52,21.18,173.03,0.29,-0.03,-0.04,3.8,0,0.92,1.37,-0.61,0.13,-0.78
8.5226,1,0.182,0.06,-0.01,0.98,173.05,-7.43,-0.31,0.08,0.02,-0.01,3.85,0.31,-0.15,-0.31,0.05,-0.02,1
8.5406,2,-0.446,0.19,-0.85,0.2,237.98,42.83,-135.25,0.15,0.03,0.01,3.87,0.46,5.8,7.63,-0.74,-0.56,-0.4
8.5428,3,-0.413,0.01,-0.9,-0.12,187.8,48.54,162.45,0.14,-0.04,0,3.73,0,-0.92,-2.29,-0.84,0.22,-0.52
8.6036,4,-0.336,0.13,-0.93,-0,211.66,38.82,-173.76,-0.04,-0.02,-0.02,3.72,-0.76,0,2.9,-0.6,-0.06,-0.78
8.6052,7,-0.693,-0.22,-0.68,-0.12,97.19,62.22,91.12,0.05,-0,0.01,0,0,0,0.15,-0.89,0.48,0.04
8.6102,0,0.042,0.15,-0.02,-0.99,199.47,17.15,3.35,0.01,-0,0.01,3.85,-0.46,0.92,-0.76,-0.31,0.06,0.96
8.6118,6,0.734,-0.03,0.67,-0.09,308.68,79.14,-60.74,0.04,0,0,3.74,0.15,0,0,-0.98,-0.16,0.13
8.6163,5,-0.185,-0.01,-0.98,-0.06,191.48,21.24,172.85,0.28,-0.02,-0.04,3.8,0,0.61,0.76,-0.61,0.14,-0.79
8.6178,1,0.183,0.06,-0.01,0.98,172.95,-7.35,-0.21,0.07,0.01,-0,3.85,0,0,-0.15,0.05,-0.02,1
8.6425,2,-0.445,0.19,-0.85,0.2,237.4,42.92,-135.44,0.14,0.03,-0.01,3.87,0.92,0.76,2.9,-0.74,-0.56,-0.4
8.6447,3,-0.415,0.02,-0.9,-0.12,187.92,48.78,162.34,0.15,-0.03,-0,3.73,-0.31,0.31,-0.76,-0.84,0.21,-0.51
8.713,4,-0.336,0.13,-0.93,-0,211.61,38.9,-173.96,-0,-0.02,0.01,3.72,0,-0.46,2.75,-0.64,-0.06,-0.78
8.7167,7,-0.694,-0.22,-0.68,-0.12,97.09,62.19,90.94,0.05,-0.01,0.01,0,-0.46,0,0.15,-0.89,0.49,0.04
8.7219,0,0.042,0.15,-0.02,-0.99,199.41,17.26,3.25,0.01,0,0.01,3.85,-0.31,0.92,1.22,-0.31,0.06,0.95
8.734,6,0.734,-0.03,0.67,-0.09,309.22,79.12,-60.19,0.05,-0,0,3.74,-0.15,0,0.31,-0.98,-0.16,0.14
8.7442,5,-0.186,-0.01,-0.98,-0.06,191.39,21.27,172.69,0.27,-0.01,-0.04,3.8,-0.31,-0.15,1.53,-0.6,0.13,-0.78
8.7457,1,0.184,0.06,-0.01,0.98,172.78,-7.19,-0.21,0.07,0.02,-0,3.85,0,0.15,0.31,0.05,-0.02,1
8.7491,2,-0.445,0.19,-0.85,0.2,237.16,42.93,-135.39,0.16,0.04,-0.01,3.87,0,0.15,2.29,-0.74,-0.56,-0.39
8.7504,3,-0.416,0.02,-0.9,-0.12,188.01,48.88,162.17,0.15,-0.03,-0,3.73,-0.31,0.46,0,-0.85,0.21,-0.51
8.807,4,-0.336,0.13,-0.93,-0,211.68,38.91,-174.08,-0.03,-0.01,0.01,3.72,-0.61,-0.31,0.92,-0.61,-0.06,-0.8
8.8099,7,-0.693,-0.22,-0.68,-0.12,97.35,62.13,91.14,0.05,-0.01,0.02,0,0.15,0,0.15,-0.89,0.49,0.04
8.8159,0,0.043,0.15,-0.02,-0.99,199.54,17.37,3.35,0.01,0,0.02,3.85,0.15,1.37,0.15,-0.31,0.06,0.97
8.8179,6,0.735,-0.03,0.67,-0.09,309.6,79.07,-59.9,0.04,-0,0,3.74,-0.15,0,0.31,-0.98,-0.16,0.13
8.8218,5,-0.186,-0.01,-0.98,-0.06,191.4,21.34,172.47,0.28,-0.02,-0.03,3.8,0.15,-0.31,-2.44,-0.62,0.14,-0.79
8.8237,1,0.185,0.06,-0.01,0.98,172.67,-7.04,-0.19,0.07,0.01,0.01,3.85,0,1.68,0.31,0.06,-0.02,1.01
8.8507,2,-0.445,0.19,-0.85,0.2,237.08,42.97,-135.34,0.15,0.03,-0.01,3.87,-0.31,-0.61,0,-0.74,-0.56,-0.39
8.8524,3,-0.416,0.02,-0.9,-0.12,188.19,48.96,162.11,0.14,-0.03,0.01,3.73,-1.37,-0.76,0.76,-0.85,0.21,-0.52
8.9088,4,-0.336,0.13,-0.93,-0,211.95,38.91,-174.08,-0.01,-0.02,0.03,3.72,-0.46,0.92,-4.88,-0.63,-0.06,-0.79
8.9104,7,-0.693,-0.22,-0.68,-0.12,97.29,62.09,91.05,0.03,0,0.01,0,0.15,0,2.14,-0.89,0.48,0.03
8.9139,0,0.043,0.15,-0.02,-0.99,199.56,17.47,3.43,0,0.01,0,3.85,0.15,1.22,0.61,-0.31,0.07,0.95
8.9153,6,0.735,-0.03,0.67,-0.09,310.38,79.1,-59.15,0.04,0,-0,3.74,-0.15,-0.46,0.92,-0.98,-0.16,0.14
8.9188,2,-0.444,0.18,-0.85,0.21,236.92,42.93,-135.29,0.13,0.02,-0.01,3.87,0,0,1.68,-0.73,-0.54,-0.4
8.9204,1,0.184,0.06,-0.01,0.98,172.8,-6.77,-0.22,0.07,0.01,-0.01,3.85,-0.31,2.75,1.37,0.05,-0.02,1
8.9448,5,-0.188,-0.01,-0.98,-0.06,191.75,21.58,172.53,0.26,-0.01,-0.04,3.8,0.15,0,-0.92,-0.6,0.13,-0.79
8.9464,3,-0.418,0.02,-0.9,-0.12,188.34,49.19,161.85,0.14,-0.03,0,3.73,-1.53,0.31,-3.2,-0.84,0.22,-0.51
9.0216,4,-0.335,0.13,-0.93,-0,212.23,38.81,-174.02,-0.03,-0.03,-0.01,3.72,-0.15,0.76,-1.37,-0.61,-0.05,-0.78
9.0232,7,-0.693,-0.22,-0.68,-0.13,97.33,61.97,90.89,0.06,-0.01,0.02,0,-2.9,0.92,1.68,-0.89,0.5,0.05
9.0287,0,0.044,0.15,-0.02,-0.99,199.67,17.57,3.52,0.01,0.01,0,3.85,0.31,1.07,0.46,-0.31,0.07,0.95
9.0302,6,0.736,-0.03,0.67,-0.09,311.54,79.21,-58.01,0.05,-0.01,0.01,3.74,-1.22,-0.92,0.61,-0.98,-0.14,0.15
9.0341,5,-0.188,-0,-0.98,-0.06,192.06,21.62,172.53,0.27,-0.02,-0.04,3.8,-0.15,0,-1.07,-0.61,0.13,-0.78
9.0355,1,0.184,0.06,-0.01,0.98,172.81,-6.62,-0.22,0.08,0.02,-0.02,3.85,0.15,0,1.22,0.03,-0.02,0.99
9.0538,2,-0.445,0.18,-0.85,0.21,236.91,42.94,-135.12,0.15,0.02,-0.01,3.87,0.61,-0.76,0.46,-0.74,-0.54,-0.39
9.0554,3,-0.418,0.02,-0.9,-0.12,188.8,49.34,161.88,0.14,-0.04,0,3.73,0,1.07,-5.95,-0.85,0.22,-0.51
9.1196,4,-0.334,0.13,-0.93,-0.01,212.31,38.7,-174.16,0.01,-0.02,0,3.72,-2.75,2.75,-1.37,-0.64,-0.05,-0.77
9.1212,7,-0.693,-0.22,-0.68,-0.13,97.5,61.77,90.75,0.05,-0.02,0.02,0,-0.31,0.76,-0.31,-0.88,0.51,0.04
9.1251,0,0.044,0.16,-0.02,-0.99,199.69,17.73,3.54,0.01,0.01,0.02,3.85,0,1.07,-1.22,-0.32,0.07,0.96
9.1268,6,0.737,-0.03,0.67,-0.08,312.3,79.14,-57.49,0.04,-0.01,0.01,3.74,-0.15,0.46,-0.46,-0.99,-0.14,0.14
9.1306,5,-0.189,-0,-0.98,-0.06,192.26,21.74,172.45,0.26,-0.01,-0.03,3.8,0.31,-0.31,-1.68,-0.6,0.13,-0.8
9.132,1,0.185,0.05,-0.01,0.98,172.76,-6.35,-0.19,0.07,0.01,-0,3.85,0.15,0.76,0,0.04,-0.02,1
9.1537,2,-0.447,0.19,-0.85,0.21,237.43,42.95,-134.59,0.14,0.01,-0.01,3.87,0.15,-3.66,-8.24,-0.75,-0.55,-0.39
9.1553,3,-0.419,0.03,-0.9,-0.12,189.71,49.51,162.21,0.08,-0.04,-0,3.73,-6.1,-3.66,-9,-0.81,0.22,-0.55
9.2187,4,-0.332,0.14,-0.93,-0.01,213.29,38.36,-173.92,-0.06,-0.02,-0.01,3.72,-0.76,0,-3.36,-0.58,-0.06,-0.8
9.2203,7,-0.692,-0.22,-0.68,-0.13,97.86,61.8,91.01,0.04,-0.01,0.02,0,0.46,-0.46,-0.46,-0.88,0.5,0.03
9.2243,0,0.044,0.15,-0.02,-0.99,199.68,17.51,3.6,0,-0,0,3.85,1.37,-2.14,4.27,-0.31,0.06,0.96
9.2267,6,0.737,-0.03,0.67,-0.08,311.82,79.21,-57.91,0.03,-0.01,0,3.74,0.61,0.15,-0.46,-0.98,-0.15,0.13
9.232,5,-0.191,0,-0.98,-0.06,192.75,21.95,172.56,0.26,-0.01,-0.04,3.8,0,-0.76,-3.36,-0.6,0.12,-0.78
9.2335,1,0.184,0.05,-0.01,0.98,172.76,-6.21,-0.09,0.06,0.01,-0.01,3.85,0.61,0.15,-0.76,0.05,-0.02,0.99
9.2507,2,-0.446,0.19,-0.85,0.21,237.74,42.73,-134.2,0.13,0.02,-0.03,3.87,-0.15,-0.92,-2.14,-0.72,-0.55,-0.39
9.2523,3,-0.422,0.03,-0.9,-0.13,189.94,49.93,161.81,0.16,-0.04,-0.01,3.73,-2.59,-0.31,0.31,-0.86,0.21,-0.48
9.3113,4,-0.331,0.14,-0.93,-0.01,213.15,38.34,-174.15,-0.02,-0.02,0,3.72,-0.31,0.76,0.15,-0.62,-0.06,-0.79
9.3129,7,-0.693,-0.21,-0.68,-0.13,97.79,61.86,90.89,0.05,-0.01,0.02,0,0.46,-0.61,-1.07,-0.89,0.49,0.04
9.3178,0,0.045,0.15,-0.02,-0.99,199.85,17.41,3.75,0.01,0.01,0,3.85,0.61,0.46,2.14,-0.31,0.07,0.95
9.3192,6,0.737,-0.03,0.67,-0.08,311.73,79.22,-57.91,0.04,0,0.01,3.74,0.61,0,-0.46,-0.98,-0.16,0.14
9.3269,5,-0.192,0.01,-0.98,-0.06,193.5,22.18,172.72,0.27,-0.01,-0.03,3.8,0.92,-0.61,-7.78,-0.62,0.11,-0.79
9.3291,1,0.185,0.05,-0.01,0.98,172.71,-6.1,0,0.07,0.01,-0.01,3.85,0.76,0,-0.15,0.04,-0.02,1
9.3531,2,-0.447,0.19,-0.85,0.21,238.07,42.58,-133.85,0.14,0.02,-0.02,3.87,-0.61,-0.61,-3.05,-0.74,-0.55,-0.38
9.3548,3,-0.422,0.04,-0.9,-0.13,190.29,50.02,161.77,0.12,-0.02,-0.01,3.73,-0.15,1.22,-1.22,-0.84,0.2,-0.51
9.4147,4,-0.33,0.14,-0.93,-0.01,213.47,38.14,-174.14,-0.02,-0.03,-0.01,3.72,-1.68,4.58,-8.39,-0.6,-0.06,-0.78
9.4164,7,-0.693,-0.21,-0.68,-0.13,97.78,61.96,90.9,0.05,0,0.02,0,0.15,0.15,-1.07,-0.9,0.48,0.04
9.4221,0,0.047,0.15,-0.03,-0.99,200.07,17.62,3.92,0.02,0.01,0.02,3.85,0.31,1.98,2.44,-0.33,0.08,0.96
9.4245,6,0.737,-0.03,0.67,-0.09,311.53,79.16,-58.06,0.04,0.01,0.01,3.74,0,0,-0.15,-0.98,-0.17,0.14
9.4309,5,-0.193,0.01,-0.98,-0.06,193.57,22.22,173.04,0.21,-0.07,-0.04,3.8,2.44,1.68,-4.58,-0.56,0.14,-0.8
9.4326,1,0.185,0.05,-0.01,0.98,172.73,-5.93,0.09,0.06,0.01,-0,3.85,0.46,0.46,0,0.04,-0.01,1
9.4572,2,-0.448,0.19,-0.85,0.22,238.65,42.46,-133.13,0.12,-0.02,-0.01,3.87,0.92,-3.2,-5.04,-0.74,-0.53,-0.4
9.4594,3,-0.422,0.04,-0.9,-0.13,190.7,50.03,161.88,0.13,-0.01,0,3.73,-1.37,-0.92,-6.71,-0.84,0.18,-0.52
9.5155,4,-0.326,0.15,-0.93,-0.01,213.84,37.76,-174.46,-0.04,-0.03,-0.02,3.72,-4.88,3.81,-1.98,-0.57,-0.04,-0.8
9.5171,7,-0.693,-0.21,-0.68,-0.13,97.72,61.94,90.94,0.04,0,0.01,0,-0.46,0.31,0.76,-0.89,0.48,0.04
9.521,0,0.047,0.16,-0.03,-0.99,200.15,17.94,4.03,0,0,-0,3.85,0.15,0,-3.51,-0.31,0.06,0.95
9.5225,6,0.736,-0.03,0.67,-0.09,311.22,79.12,-58.42,0.03,0,0,3.74,0,-0.15,0.61,-0.98,-0.16,0.13
9.5276,5,-0.192,0.02,-0.98,-0.06,194.57,22.25,173.03,0.28,-0.04,-0.02,3.8,-1.53,-0.31,-3.2,-0.63,0.14,-0.79
9.5291,1,0.184,0.05,-0.01,0.98,172.78,-5.84,0.13,0.06,0.01,0,3.85,-0.46,0.15,0.61,0.04,-0.01,1
9.5477,2,-0.449,0.19,-0.84,0.22,239.45,42.22,-132.28,0.13,0.02,-0.02,3.87,-1.83,-1.53,-2.29,-0.71,-0.57,-0.38
9.5493,3,-0.423,0.05,-0.9,-0.13,191.62,50.38,162.11,0.13,-0.05,-0.01,3.73,-0.92,0,-1.53,-0.83,0.21,-0.49
9.6216,4,-0.324,0.15,-0.93,-0.01,214.1,37.49,-174.59,-0.03,-0.01,-0.01,3.72,0.31,1.83,-1.83,-0.59,-0.05,-0.8
9.6233,7,-0.692,-0.21,-0.68,-0.13,97.91,61.8,91.02,0.05,-0.02,0.02,0,-0.76,0,1.22,-0.89,0.5,0.04
9.6287,0,0.048,0.16,-0.03,-0.99,200.22,17.98,4.07,0.01,0.01,0.01,3.85,0.46,0,1.22,-0.32,0.08,0.96
9.6302,6,0.737,-0.03,0.67,-0.08,311.67,79.2,-57.97,0.04,-0.01,0,3.74,-0.31,-0.15,0.31,-0.98,-0.15,0.14
9.634,5,-0.193,0.02,-0.98,-0.06,194.98,22.4,172.98,0.24,-0.02,-0.03,3.8,0,-0.31,-2.29,-0.6,0.11,-0.79
9.6354,1,0.184,0.05,-0.01,0.98,172.8,-5.63,0.02,0.06,0.01,-0.01,3.85,-0.46,-0.15,0.31,0.04,-0.02,0.99
9.6558,2,-0.45,0.2,-0.84,0.22,239.94,42.09,-131.99,0.13,0.01,-0.01,3.87,-0.46,0.46,1.22,-0.73,-0.57,-0.37
9.6574,3,-0.424,0.05,-0.89,-0.13,191.78,50.55,161.89,0.13,-0.01,0,3.73,-1.83,0,-4.58,-0.86,0.18,-0.5
9.7146,4,-0.322,0.15,-0.93,-0.01,214.35,37.22,-174.56,-0.02,-0.03,-0,3.72,-1.37,1.53,1.07,-0.6,-0.05,-0.8
9.7162,7,-0.692,-0.21,-0.68,-0.13,97.99,61.72,90.89,0.05,-0.01,0.02,0,0,0,-0.31,-0.89,0.5,0.04
9.7198,0,0.048,0.16,-0.03,-0.99,200.31,17.95,4.18,0.01,0.01,0.01,3.85,0.92,0.92,0.15,-0.32,0.08,0.95
9.7212,6,0.737,-0.03,0.67,-0.08,312.44,79.23,-57.22,0.04,-0.01,0,3.74,-0.31,0,-0.15,-0.98,-0.14,0.14
9.7267,5,-0.193,0.02,-0.98,-0.06,195.16,22.41,173.11,0.24,0,-0.04,3.8,3.2,0.15,-3.05,-0.58,0.1,-0.79
9.7296,1,0.184,0.05,-0.01,0.98,172.85,-5.58,0.02,0.06,0,-0.01,3.85,0.31,-0.61,0,0.04,-0.02,1
9.7547,2,-0.45,0.2,-0.84,0.22,240.08,42.05,-131.82,0.16,0.03,0.01,3.87,-1.37,-0.61,0.76,-0.74,-0.59,-0.36
9.7562,3,-0.424,0.05,-0.89,-0.14,192.07,50.59,161.86,0.13,-0.02,-0,3.73,-0.76,0.46,-0.15,-0.86,0.19,-0.5
9.821,4,-0.321,0.15,-0.93,-0.01,214.35,37.18,-174.71,-0.01,-0.02,0.01,3.72,-0.46,0.31,3.97,-0.6,-0.03,-0.81
9.8227,7,-0.693,-0.21,-0.68,-0.13,97.94,61.77,90.74,0.05,-0,0.02,0,0.15,-0.15,-0.92,-0.89,0.49,0.04
9.827,0,0.048,0.16,-0.03,-0.99,200.27,18.05,4.31,0,0.01,-0,3.85,1.22,-0.31,0.61,-0.3,0.08,0.95
9.8296,6,0.737,-0.03,0.67,-0.08,312.37,79.25,-57.3,0.04,-0,0.01,3.74,0.61,0.15,-0.15,-0.99,-0.15,0.14
9.8336,5,-0.194,0.03,-0.98,-0.06,195.74,22.51,173.24,0.23,-0.03,-0.04,3.8,-2.29,0.15,0.92,-0.58,0.12,-0.79
9.8351,1,0.183,0.05,-0.01,0.98,172.9,-5.46,0.06,0.05,0.01,-0,3.85,0.46,-0.15,-0.31,0.04,-0.01,1
9.855,2,-0.449,0.2,-0.84,0.22,239.88,41.98,-131.89,0.12,0.01,-0.02,3.87,-0.31,1.37,-2.29,-0.72,-0.58,-0.38
9.8566,3,-0.424,0.05,-0.89,-0.14,192.45,50.58,161.87,0.13,-0.03,0,3.73,-1.83,2.14,-8.39,-0.85,0.18,-0.5
9.9288,4,-0.321,0.15,-0.93,-0.02,214.16,37.23,-175.08,-0.04,-0,0.01,3.72,-1.22,1.83,-2.9,-0.58,-0.05,-0.83
9.9305,7,-0.693,-0.21,-0.68,-0.13,97.9,61.83,90.7,0.05,-0,0.02,0,0.15,0,-0.46,-0.9,0.49,0.04
9.9341,0,0.049,0.16,-0.03,-0.99,200.42,18.03,4.61,0.01,-0.01,0.01,3.85,2.14,0,0.76,-0.32,0.07,0.96
9.9356,6,0.737,-0.03,0.67,-0.08,312.41,79.17,-57.25,0.03,0.01,0,3.74,0.46,0.31,-0.15,-0.98,-0.16,0.13
9.9395,5,-0.194,0.03,-0.98,-0.06,196.16,22.53,173.2,0.26,-0.03,-0.02,3.8,-0.76,-0.31,-1.37,-0.61,0.1,-0.79
9.941,1,0.184,0.05,-0.01,0.98,172.82,-5.46,0.15,0.06,0,-0,3.85,0.46,0.15,0,0.04,-0.02,1
9.9511,2,-0.448,0.2,-0.84,0.22,240.35,41.54,-131.65,0.12,0.02,-0.01,3.87,-2.9,-2.29,-5.95,-0.71,-0.59,-0.39
9.9526,3,-0.423,0.06,-0.89,-0.14,192.78,50.56,162.06,0.13,-0.03,0.01,3.73,0.15,0.76,1.07,-0.85,0.2,-0.51
10.033,4,-0.319,0.16,-0.93,-0.01,214.7,36.92,-174.76,-0.04,-0.01,-0,3.72,0,1.53,0.15,-0.58,-0.05,-0.81
10.034,7,-0.693,-0.21,-0.68,-0.13,97.9,61.85,90.68,0.04,-0,0.02,0,-0.31,0.15,0,-0.89,0.49,0.04
10.038,0,0.049,0.16,-0.03,-0.99,200.52,18.05,4.79,0,-0,0,3.85,0.92,0.15,0.92,-0.32,0.08,0.95
10.039,6,0.737,-0.03,0.67,-0.08,312.25,79.13,-57.42,0.03,-0,0,3.74,-0.46,0,-0.15,-0.98,-0.16,0.13
10.045,5,-0.194,0.03,-0.98,-0.06,196.21,22.61,173.02,0.26,-0.02,-0.03,3.8,-1.98,0,0,-0.62,0.1,-0.79
10.046,1,0.185,0.05,-0.01,0.98,172.71,-5.43,0.19,0.06,0,0,3.85,0.15,0,0.15,0.04,-0.01,1
10.065,2,-0.448,0.21,-0.84,0.23,240.87,41.32,-131.39,0.13,0.02,-0.01,3.87,-1.68,-1.22,-1.37,-0.71,-0.59,-0.38
10.066,3,-0.424,0.06,-0.89,-0.14,192.71,50.6,161.87,0.13,-0,0.01,3.73,-0.46,0.46,3.51,-0.86,0.19,-0.51
10.122,4,-0.318,0.16,-0.94,-0.02,214.61,36.82,-174.95,-0.02,-0.01,-0,3.72,-0.92,0.61,0.15,-0.58,-0.05,-0.81
10.123,7,-0.693,-0.21,-0.68,-0.13,97.86,61.81,90.62,0.04,-0.01,0.02,0,0,0,0.31,-0.89,0.49,0.04
10.127,0,0.05,0.16,-0.03,-0.99,200.61,18.09,4.94,0.01,0.01,0.01,3.85,1.22,0.31,0,-0.32,0.09,0.96
10.129,6,0.737,-0.03,0.67,-0.08,312.05,79.14,-57.72,0.04,-0,0.01,3.74,0,0,0.15,-0.99,-0.15,0.14
10.133,5,-0.196,0.03,-0.98,-0.07,196.4,22.75,172.78,0.26,-0,-0.03,3.8,-1.22,0.15,0,-0.61,0.09,-0.78
10.135,1,0.185,0.05,-0.01,0.98,172.75,-5.38,0.22,0.06,0,-0,3.85,-0.15,0,0,0.04,-0.01,1
10.156,2,-0.448,0.21,-0.84,0.23,241.14,41.25,-131.24,0.12,0.02,0.01,3.87,-0.61,-0.61,0.31,-0.71,-0.6,-0.39
10.157,3,-0.424,0.06,-0.89,-0.14,192.3,50.63,161.49,0.12,-0.02,0,3.73,0.46,0.46,0.46,-0.86,0.2,-0.5
10.236,4,-0.318,0.16,-0.94,-0.02,214.52,36.82,-175.13,-0.01,-0.02,0.01,3.72,-0.61,0,0.61,-0.61,-0.05,-0.8
10.238,7,-0.694,-0.21,-0.68,-0.13,97.62,61.72,90.38,0.05,-0,0.02,0,0.15,0,0,-0.89,0.49,0.04
10.247,0,0.05,0.16,-0.03,-0.99,200.62,18.27,5.04,0.01,0.01,0,3.85,0,1.22,0.92,-0.32,0.1,0.95
10.249,6,0.737,-0.03,0.67,-0.08,312.48,79.17,-57.24,0.04,-0,0,3.74,0.15,0,0.31,-0.98,-0.16,0.14
10.253,5,-0.196,0.04,-0.98,-0.07,196.69,22.78,172.67,0.28,-0.02,-0.03,3.8,-1.07,0.76,0.61,-0.63,0.1,-0.79
10.254,1,0.185,0.05,-0.01,0.98,172.73,-5.37,0.2,0.06,0,-0,3.85,-0.46,0,0,0.04,-0.01,1
10.259,2,-0.449,0.21,-0.84,0.23,241.21,41.26,-131.14,0.14,0.02,0.01,3.87,-0.15,0.76,0.92,-0.72,-0.62,-0.38
10.262,3,-0.425,0.06,-0.89,-0.14,192.41,50.79,161.46,0.11,-0.02,-0,3.73,0,0.15,-0.76,-0.84,0.2,-0.51
10.32,4,-0.316,0.16,-0.94,-0.02,214.61,36.7,-175.26,-0.02,-0,0.01,3.72,-0.31,-0.61,1.53,-0.59,-0.06,-0.81
10.321,7,-0.694,-0.21,-0.68,-0.13,97.62,61.68,90.39,0.04,-0,0.02,0,0,0,0.46,-0.89,0.49,0.04
10.325,0,0.05,0.16,-0.03,-0.98,200.71,18.44,5.13,0,0,0.01,3.85,-0.46,0.76,0.92,-0.32,0.09,0.95
10.327,6,0.737,-0.03,0.67,-0.08,312.36,79.23,-57.33,0.04,-0,0,3.74,-0.15,0,0.15,-0.98,-0.15,0.14
10.331,5,-0.197,0.04,-0.98,-0.07,196.89,22.92,172.6,0.26,-0.01,-0.03,3.8,-0.15,-0.31,-0.92,-0.62,0.09,-0.78
10.333,1,0.184,0.05,-0.01,0.98,172.8,-5.39,0.18,0.06,0,-0,3.85,-0.31,-0.15,0,0.04,-0.02,1
10.358,2,-0.449,0.21,-0.84,0.23,241.06,41.27,-131.15,0.12,0.01,-0.02,3.87,-0.46,-0.31,-1.37,-0.71,-0.58,-0.38
10.36,3,-0.425,0.06,-0.89,-0.14,192.25,50.8,161.24,0.11,-0.01,-0,3.73,1.07,-0.46,3.36,-0.84,0.18,-0.51
10.433,4,-0.316,0.16,-0.94,-0.02,214.64,36.65,-175.29,-0.02,-0.01,0,3.72,0.31,0.46,0,-0.58,-0.05,-0.81
10.434,7,-0.693,-0.21,-0.68,-0.13,97.66,61.64,90.36,0.04,-0.01,0.01,0,-0.31,0,0.15,-0.88,0.49,0.04
10.438,0,0.052,0.16,-0.04,-0.98,200.9,18.42,5.22,0,0.01,0.01,3.85,0.15,-0.92,0.61,-0.32,0.09,0.95
10.439,6,0.737,-0.03,0.67,-0.08,312.65,79.22,-57.12,0.04,-0,0,3.74,0,0,0,-0.98,-0.15,0.14
10.443,5,-0.199,0.04,-0.98,-0.07,197.08,23.19,172.59,0.25,-0.01,-0.04,3.8,0.61,-0.61,-0.61,-0.6,0.1,-0.78
10.446,1,0.183,0.05,-0.01,0.98,172.92,-5.34,0.17,0.06,0,-0,3.85,0,-0.15,0,0.04,-0.02,1
10.467,2,-0.448,0.21,-0.84,0.23,241.25,41.11,-130.96,0.14,0.01,-0.01,3.87,0.46,-0.15,-1.68,-0.72,-0.59,-0.37
10.468,3,-0.425,0.05,-0.89,-0.14,191.83,50.72,160.85,0.11,-0.01,0,3.73,0.46,-0.31,2.75,-0.85,0.2,-0.51
10.524,4,-0.315,0.16,-0.94,-0.02,214.65,36.57,-175.38,-0.02,-0.02,0.02,3.72,0.31,0,1.07,-0.59,-0.04,-0.82
10.526,7,-0.694,-0.21,-0.67,-0.13,97.5,61.59,90.13,0.04,-0.01,0.01,0,0.15,-0.15,0,-0.89,0.49,0.04
10.53,0,0.052,0.16,-0.04,-0.98,200.95,18.24,5.31,0,-0.01,0.01,3.85,0.61,-1.53,1.22,-0.32,0.08,0.96
10.532,6,0.738,-0.03,0.67,-0.08,313.34,79.11,-56.51,0.03,-0.01,0,3.74,0.31,0.15,0,-0.98,-0.15,0.14
10.537,5,-0.199,0.04,-0.98,-0.07,197.16,23.23,172.59,0.24,-0.01,-0.03,3.8,0.15,0.15,1.68,-0.6,0.1,-0.79
10.538,1,0.183,0.05,-0.01,0.98,172.9,-5.23,0.14,0.05,0,0,3.85,0,0.15,-0.15,0.04,-0.02,1
10.561,2,-0.448,0.21,-0.84,0.23,241.29,40.99,-130.9,0.14,0.02,0,3.87,0.15,-0.15,-0.31,-0.71,-0.61,-0.38
10.563,3,-0.425,0.05,-0.89,-0.14,191.57,50.64,160.53,0.12,-0.01,0,3.73,0.76,-0.92,2.29,-0.85,0.2,-0.5
10.619,4,-0.315,0.16,-0.94,-0.02,214.57,36.59,-175.46,-0.02,0,-0,3.72,0.15,-0.92,1.53,-0.58,-0.06,-0.81
10.62,7,-0.694,-0.21,-0.67,-0.13,97.5,61.64,90.07,0.04,-0,0.02,0,0.15,-0.15,-0.31,-0.89,0.49,0.04
10.624,0,0.051,0.16,-0.04,-0.99,200.84,18.17,5.27,0,0.01,0.01,3.85,-0.46,0,0,-0.32,0.1,0.96
10.626,6,0.738,-0.03,0.67,-0.08,313.37,79.08,-56.53,0.03,-0,0.01,3.74,0,0,0,-0.98,-0.15,0.14
10.631,5,-0.199,0.04,-0.98,-0.07,197.04,23.22,172.45,0.25,-0.01,-0.03,3.8,0,0.92,2.9,-0.61,0.1,-0.78
10.632,1,0.185,0.04,-0.01,0.98,172.68,-5.17,0.1,0.05,0,-0,3.85,0.15,-0.15,0,0.04,-0.02,1
10.662,2,-0.448,0.21,-0.84,0.23,241.24,41.06,-130.76,0.13,0.01,-0.01,3.87,1.07,0.15,2.75,-0.71,-0.59,-0.37
10.663,3,-0.425,0.05,-0.89,-0.14,191.41,50.69,160.33,0.11,-0.02,0,3.73,-0.15,-0.31,0,-0.84,0.21,-0.51
10.736,4,-0.317,0.15,-0.94,-0.02,214.14,36.78,-175.68,0,-0.02,0.01,3.72,0,-0.61,6.1,-0.62,-0.03,-0.81
10.737,7,-0.694,-0.21,-0.67,-0.13,97.6,61.67,90.18,0.04,0,0.01,0,0,0,0,-0.89,0.48,0.04
10.741,0,0.05,0.16,-0.04,-0.99,200.72,18.18,5.15,0.01,-0,0.01,3.85,-0.92,0.46,-0.61,-0.32,0.08,0.95
10.742,6,0.738,-0.03,0.67,-0.08,313.32,79.09,-56.57,0.03,0,0,3.74,0,0,0,-0.98,-0.16,0.14
10.747,5,-0.199,0.04,-0.98,-0.07,196.96,23.24,172.34,0.26,-0.01,-0.02,3.8,0,0.46,1.83,-0.62,0.1,-0.79
10.749,1,0.185,0.04,-0.01,0.98,172.7,-5.17,0.13,0.05,0,-0,3.85,-0.15,0,0,0.04,-0.01,1
10.77,2,-0.449,0.2,-0.84,0.23,241.05,41.22,-130.72,0.12,0.01,-0,3.87,0.61,0.46,1.37,-0.71,-0.6,-0.39
10.771,3,-0.425,0.05,-0.89,-0.15,191.5,50.69,160.21,0.12,-0.02,0,3.73,0,0,-0.15,-0.85,0.21,-0.5
10.828,4,-0.317,0.15,-0.94,-0.02,213.79,36.85,-175.96,-0.02,-0,0.01,3.72,0.15,-0.76,2.29,-0.59,-0.04,-0.81
10.829,7,-0.694,-0.21,-0.67,-0.13,97.48,61.64,89.99,0.04,-0,0.02,0,0,0,0.31,-0.89,0.49,0.04
10.833,0,0.05,0.16,-0.03,-0.99,200.72,18.23,5.1,-0,-0,0.01,3.85,-0.61,0,0,-0.31,0.08,0.95
10.834,6,0.738,-0.03,0.67,-0.08,313.05,79.13,-56.83,0.03,-0,0.01,3.74,0,0,0,-0.98,-0.15,0.13
10.838,5,-0.199,0.04,-0.98,-0.07,196.96,23.2,172.11,0.25,-0.01,-0.03,3.8,-1.22,0.31,2.75,-0.61,0.11,-0.79
10.84,1,0.185,0.04,-0.01,0.98,172.67,-5.1,0.09,0.05,0,-0,3.85,-0.31,0,0,0.04,-0.02,1
10.863,2,-0.449,0.2,-0.84,0.23,240.95,41.31,-130.66,0.12,0.02,0,3.87,0,0,1.22,-0.71,-0.59,-0.38
10.864,3,-0.425,0.06,-0.89,-0.15,191.66,50.76,160.17,0.12,-0,0,3.73,-0.15,-0.15,0.46,-0.85,0.19,-0.51
10.928,4,-0.317,0.15,-0.94,-0.02,213.73,36.87,-176,-0.02,-0.01,-0,3.72,0,0.15,0.15,-0.58,-0.05,-0.8
10.93,7,-0.694,-0.21,-0.67,-0.13,97.56,61.62,89.99,0.04,-0.01,0.02,0,0,0,0,-0.89,0.49,0.04
10.934,0,0.05,0.16,-0.03,-0.99,200.7,18.22,5.05,0.01,0,0.01,3.85,-0.31,0,0.15,-0.32,0.09,0.95
10.935,6,0.738,-0.03,0.67,-0.08,313.27,79.13,-56.68,0.03,-0.01,0,3.74,0,0,0,-0.98,-0.15,0.14
10.939,5,-0.2,0.04,-0.98,-0.07,196.81,23.31,172,0.24,-0.01,-0.03,3.8,0.61,0,0.92,-0.61,0.12,-0.79
10.941,1,0.185,0.04,-0.01,0.98,172.68,-5.01,0.04,0.05,0,-0,3.85,0,0,0,0.04,-0.01,1
10.967,2,-0.45,0.2,-0.84,0.23,240.93,41.37,-130.57,0.11,0,-0.01,3.87,0.15,-0.46,-0.15,-0.71,-0.58,-0.38
10.968,3,-0.428,0.05,-0.89,-0.15,191.36,51.01,159.88,0.13,-0.03,0,3.73,1.07,-1.53,3.51,-0.86,0.21,-0.49
11.025,4,-0.317,0.15,-0.94,-0.02,213.6,36.93,-176.12,-0.02,-0.01,0,3.72,0,0.15,0.15,-0.59,-0.03,-0.81
11.027,7,-0.694,-0.21,-0.67,-0.13,97.57,61.6,89.94,0.04,-0,0.02,0,0,0,-0.15,-0.89,0.49,0.04
11.031,0,0.051,0.16,-0.03,-0.99,200.77,18.28,5.09,0,0,0.01,3.85,0,-0.15,-0.31,-0.31,0.08,0.95
11.033,6,0.739,-0.03,0.67,-0.08,313.83,79.08,-56.16,0.03,-0,0.01,3.74,0,0,-0.15,-0.99,-0.15,0.14
11.037,5,-0.201,0.04,-0.98,-0.07,196.85,23.43,171.96,0.25,-0.01,-0.03,3.8,0.31,0.15,1.07,-0.6,0.1,-0.79
11.038,1,0.186,0.04,-0.01,0.98,172.62,-5.02,0.06,0.05,0,-0,3.85,0.15,-0.46,-0.15,0.04,-0.01,1
11.063,2,-0.45,0.2,-0.84,0.23,240.98,41.39,-130.45,0.11,0.01,-0.01,3.87,0,0,-0.31,-0.71,-0.59,-0.38
11.065,3,-0.428,0.06,-0.89,-0.15,191.5,51.07,159.91,0.1,0.01,-0.01,3.73,-0.92,-0.15,-0.76,-0.84,0.19,-0.51
11.143,4,-0.317,0.15,-0.94,-0.02,213.55,36.93,-176.18,-0.01,0,0,3.72,0,0.15,0.46,-0.59,-0.05,-0.81
11.145,7,-0.694,-0.21,-0.67,-0.13,97.6,61.61,89.98,0.04,-0,0.02,0,0,-0.15,-0.15,-0.88,0.49,0.04
11.149,0,0.05,0.16,-0.03,-0.99,200.71,18.29,5.07,0,0,0.01,3.85,0,0.15,0.15,-0.32,0.08,0.95
11.15,6,0.739,-0.03,0.67,-0.08,313.91,79.07,-56.03,0.03,0,0,3.74,0,0,-0.15,-0.98,-0.16,0.13
11.153,5,-0.202,0.04,-0.98,-0.07,196.86,23.52,171.94,0.22,-0.01,-0.03,3.8,-0.31,0.31,1.22,-0.59,0.11,-0.8
11.155,1,0.186,0.04,-0.01,0.98,172.59,-4.96,0.06,0.04,-0,-0,3.85,0.15,-0.15,-0.15,0.04,-0.01,1
11.175,2,-0.45,0.2,-0.84,0.23,240.84,41.4,-130.46,0.11,0,-0,3.87,0,-0.15,-0.46,-0.71,-0.58,-0.39
11.177,3,-0.428,0.06,-0.89,-0.15,191.57,51.08,159.89,0.12,-0.01,-0,3.73,-0.15,-0.31,2.75,-0.85,0.2,-0.49
11.234,4,-0.317,0.15,-0.94,-0.02,213.38,36.93,-176.31,-0.01,-0,0,3.72,-0.61,0.61,0,-0.59,-0.04,-0.81
11.235,7,-0.694,-0.21,-0.67,-0.13,97.59,61.61,89.96,0.04,-0,0.02,0,0,0,-0.15,-0.89,0.49,0.04
11.239,0,0.051,0.16,-0.03,-0.98,200.8,18.37,5.1,0,0,0.01,3.85,0.46,0,0.92,-0.32,0.09,0.95
11.24,6,0.739,-0.03,0.67,-0.08,313.78,79.13,-56.11,0.03,0,0,3.74,0,0,0.15,-0.98,-0.16,0.14
11.245,5,-0.203,0.04,-0.98,-0.08,196.7,23.71,171.63,0.24,-0.01,-0.02,3.8,-1.22,-0.76,-0.31,-0.61,0.11,-0.79
11.246,1,0.186,0.04,-0.01,0.98,172.54,-4.99,0.08,0.05,0,-0,3.85,-0.15,0,0,0.04,-0.01,1
11.266,2,-0.451,0.2,-0.84,0.23,241.05,41.39,-130.25,0.13,0,-0,3.87,0,-0.76,-0.15,-0.72,-0.59,-0.37
11.268,3,-0.428,0.06,-0.89,-0.15,191.46,51.1,159.69,0.1,-0,0,3.73,0.61,0.15,0,-0.84,0.19,-0.51
11.346,4,-0.316,0.15,-0.94,-0.02,213.38,36.76,-176.39,-0,-0.01,0.01,3.72,0,0,3.51,-0.61,-0.04,-0.81
11.348,7,-0.695,-0.21,-0.67,-0.13,97.47,61.58,89.87,0.04,-0,0.01,0,0,0,0.15,-0.89,0.49,0.04
11.351,0,0.052,0.16,-0.04,-0.98,200.96,18.29,5.2,0,-0,0,3.85,0,-0.31,0,-0.32,0.08,0.95
11.353,6,0.739,-0.03,0.67,-0.08,314.13,79.13,-55.69,0.03,-0,0.01,3.74,0,0,-0.15,-0.99,-0.15,0.14
11.357,5,-0.205,0.04,-0.97,-0.08,196.84,23.94,171.63,0.22,-0.01,-0.03,3.8,-0.15,-0.15,-0.31,-0.59,0.12,-0.79
11.358,1,0.186,0.04,-0.01,0.98,172.59,-4.93,0.07,0.05,0,0,3.85,-0.15,-0.15,0,0.04,-0.02,1
11.379,2,-0.451,0.2,-0.84,0.23,241,41.41,-130.24,0.12,0.01,-0,3.87,0.46,0.46,1.07,-0.71,-0.6,-0.38
11.381,3,-0.43,0.05,-0.89,-0.15,191.08,51.25,159.28,0.13,-0.04,0.02,3.73,1.68,-0.31,4.88,-0.88,0.24,-0.49
11.44,4,-0.317,0.14,-0.94,-0.03,212.63,36.93,-176.91,-0.01,-0.01,0.01,3.72,-0.76,-0.46,3.81,-0.6,-0.03,-0.81
11.441,7,-0.695,-0.21,-0.67,-0.14,97.41,61.56,89.76,0.03,-0,0.02,0,0,0,0,-0.89,0.49,0.03
11.446,0,0.053,0.16,-0.04,-0.98,201.01,18.28,5.24,0,-0.01,0.01,3.85,0,-0.46,-0.46,-0.32,0.08,0.96
11.448,6,0.739,-0.03,0.67,-0.08,314.11,79.1,-55.78,0.03,0,0.01,3.74,0.15,0,0,-0.98,-0.16,0.14
11.452,5,-0.206,0.04,-0.97,-0.08,196.94,24.1,171.61,0.23,-0.01,-0.02,3.8,-0.31,0,0.46,-0.61,0.11,-0.79
11.453,1,0.187,0.04,-0.01,0.98,172.52,-4.88,0.04,0.04,0,0,3.85,0,-0.15,0,0.04,-0.01,1
11.474,2,-0.452,0.2,-0.84,0.23,241,41.5,-130.12,0.11,0.02,-0.01,3.87,-0.61,-0.61,-0.31,-0.71,-0.59,-0.38
11.475,3,-0.43,0.05,-0.89,-0.15,190.92,51.29,159.33,0.09,0.03,-0.02,3.73,-0.76,0.76,-1.53,-0.82,0.17,-0.52
11.536,4,-0.317,0.15,-0.94,-0.03,212.7,36.97,-176.94,-0.02,0,-0.01,3.72,0.46,-0.31,0.61,-0.59,-0.03,-0.81
11.538,7,-0.695,-0.21,-0.67,-0.14,97.47,61.55,89.77,0.04,-0.01,0.02,0,0.15,0,0,-0.89,0.5,0.05
11.544,0,0.053,0.16,-0.04,-0.98,201.07,18.23,5.27,0,-0.01,0.01,3.85,-0.15,0,-0.31,-0.32,0.08,0.96
11.546,6,0.739,-0.03,0.67,-0.08,314.02,79.15,-55.78,0.03,-0,0,3.74,0.15,0,-0.15,-0.99,-0.15,0.14
11.551,5,-0.206,0.04,-0.97,-0.08,196.85,24.09,171.54,0.22,-0.01,-0.03,3.8,0.15,0.61,1.68,-0.6,0.11,-0.79
11.552,1,0.187,0.04,-0.01,0.98,172.44,-4.92,0.02,0.05,0,-0,3.85,0,-1.07,0,0.04,-0.02,1
11.572,2,-0.452,0.2,-0.84,0.23,241.11,41.5,-130.1,0.12,0.02,-0,3.87,-1.98,-0.46,-3.66,-0.72,-0.6,-0.38
11.573,3,-0.43,0.05,-0.89,-0.15,190.65,51.29,159.06,0.1,-0.02,0.01,3.73,0.76,-0.76,2.59,-0.86,0.22,-0.51
11.629,4,-0.317,0.15,-0.94,-0.03,213.07,36.91,-176.73,-0.04,0,-0,3.72,1.98,-1.07,-5.34,-0.57,-0.04,-0.82
11.631,7,-0.695,-0.21,-0.67,-0.14,97.35,61.57,89.61,0.03,0,0.01,0,0,0,0,-0.89,0.49,0.04
11.635,0,0.053,0.16,-0.04,-0.98,201.09,18.3,5.24,0,0,0.01,3.85,0,0,0.31,-0.32,0.09,0.95
11.636,6,0.739,-0.03,0.67,-0.08,313.88,79.09,-55.96,0.03,0,0.01,3.74,0.15,0.15,-0.46,-0.99,-0.15,0.13
11.64,5,-0.208,0.04,-0.97,-0.08,196.61,24.25,171.05,0.23,-0.04,-0.02,3.8,-5.49,-2.75,0.92,-0.63,0.13,-0.79
11.641,1,0.188,0.04,-0.01,0.98,172.35,-4.97,0.02,0.04,0,0,3.85,0.15,0,-0.15,0.05,-0.01,1
11.67,2,-0.45,0.2,-0.84,0.23,241.22,41.23,-130.29,0.12,-0.01,-0.01,3.87,-6.41,-0.76,-0.76,-0.72,-0.57,-0.38
11.671,3,-0.431,0.05,-0.89,-0.15,190.47,51.3,158.96,0.11,-0.01,0,3.73,0.61,-0.31,0.46,-0.85,0.21,-0.51
11.745,4,-0.321,0.15,-0.94,-0.02,213.31,37.35,-176.01,0.02,-0.02,-0,3.72,5.34,-4.58,-2.29,-0.63,-0.04,-0.78
11.747,7,-0.695,-0.21,-0.67,-0.14,97.29,61.56,89.58,0.03,0,0.02,0,0,0,0.15,-0.89,0.49,0.04
11.75,0,0.053,0.16,-0.04,-0.98,201,18.24,5.22,0.01,-0,0.01,3.85,0.31,-1.68,-0.46,-0.32,0.09,0.95
11.752,6,0.739,-0.03,0.67,-0.08,314.05,79.05,-55.78,0.03,0.01,0,3.74,0,-0.15,0.46,-0.98,-0.16,0.14
11.755,5,-0.21,0.04,-0.97,-0.08,196.79,24.52,170.94,0.23,-0,-0.03,3.8,1.53,0.76,0.31,-0.6,0.11,-0.78
11.757,1,0.188,0.04,-0.01,0.98,172.41,-4.98,0.05,0.04,0,-0,3.85,-0.31,0.15,0.15,0.04,-0.02,1
11.779,2,-0.45,0.21,-0.84,0.23,241.54,41.23,-130.58,0.1,-0.01,-0.01,3.87,1.98,2.59,2.9,-0.71,-0.58,-0.4
11.781,3,-0.431,0.05,-0.89,-0.15,190.68,51.37,159.04,0.09,-0.01,0.01,3.73,-0.61,0.15,-3.05,-0.84,0.2,-0.52
11.841,4,-0.324,0.15,-0.93,-0.02,213.27,37.69,-176.14,-0.04,-0.01,0,3.72,-2.14,-1.98,5.04,-0.59,-0.04,-0.81
11.842,7,-0.695,-0.21,-0.67,-0.14,97.24,61.5,89.57,0.04,-0,0.02,0,-0.15,0,0.31,-0.89,0.49,0.04
11.847,0,0.052,0.16,-0.04,-0.99,200.89,18.08,5.2,-0,-0,0.01,3.85,-1.07,0.15,-0.76,-0.31,0.08,0.96
11.849,6,0.739,-0.03,0.67,-0.08,314.23,79.04,-55.66,0.03,-0,0,3.74,-0.15,0,0.46,-0.99,-0.15,0.14
11.853,5,-0.21,0.04,-0.97,-0.08,196.74,24.53,170.83,0.22,-0.01,-0.02,3.8,-0.15,-0.31,0.15,-0.61,0.12,-0.79
11.854,1,0.187,0.04,-0.01,0.98,172.43,-4.94,-0,0.04,-0,-0,3.85,-0.15,0.31,0.31,0.05,-0.02,1
11.875,2,-0.45,0.2,-0.84,0.23,240.68,41.46,-130.85,0.09,0.01,-0.01,3.87,-0.31,0.31,1.53,-0.7,-0.58,-0.4
11.877,3,-0.431,0.05,-0.89,-0.15,190.96,51.48,159.1,0.09,0.01,-0,3.73,-0.61,0,-0.76,-0.84,0.19,-0.51
11.935,4,-0.324,0.14,-0.93,-0.02,212.81,37.72,-176.41,-0.02,0,0,3.72,2.29,-0.46,-1.22,-0.6,-0.05,-0.8
11.936,7,-0.695,-0.21,-0.67,-0.14,97.4,61.51,89.59,0.03,-0.01,0.01,0,-0.31,0,0,-0.89,0.5,0.04
11.94,0,0.052,0.16,-0.03,-0.99,200.91,18.16,5.12,-0,-0,0,3.85,-0.46,0.15,0.15,-0.31,0.08,0.95
11.941,6,0.739,-0.03,0.67,-0.08,314.33,79.11,-55.6,0.03,-0.01,0,3.74,-0.15,-0.15,0,-0.99,-0.15,0.14
11.946,5,-0.211,0.04,-0.97,-0.08,196.86,24.72,170.8,0.22,0.01,-0.04,3.8,0.61,0.15,-0.15,-0.6,0.11,-0.78
11.948,1,0.187,0.04,-0.01,0.98,172.46,-4.88,-0.03,0.04,0,0,3.85,0,-0.15,0,0.05,-0.02,1
11.975,2,-0.449,0.2,-0.84,0.23,240.62,41.45,-130.98,0.12,-0.01,-0,3.87,1.07,1.37,2.44,-0.72,-0.57,-0.39
11.976,3,-0.432,0.06,-0.89,-0.15,191.17,51.59,159.14,0.11,-0.01,0,3.73,-0.31,0,0.61,-0.85,0.21,-0.5
12.051,4,-0.324,0.14,-0.93,-0.02,212.63,37.76,-176.52,0.01,0.02,0,3.72,-1.53,0.61,1.98,-0.61,-0.06,-0.79
12.052,7,-0.696,-0.21,-0.67,-0.14,97.32,61.54,89.37,0.03,-0.01,0.02,0,0.31,-0.31,-0.15,-0.89,0.49,0.04
12.056,0,0.053,0.16,-0.03,-0.99,201.01,18.12,5.15,0.01,0.01,0,3.85,0.31,0.61,0.61,-0.32,0.09,0.95
12.057,6,0.74,-0.03,0.67,-0.08,314.66,79.1,-55.28,0.03,-0,0,3.74,0.31,0,-0.31,-0.99,-0.15,0.14
12.061,2,-0.45,0.2,-0.84,0.23,240.58,41.49,-130.86,0.11,0.02,0,3.87,-0.61,0.31,-0.15,-0.71,-0.58,-0.4
12.064,1,0.187,0.04,-0.01,0.98,172.5,-4.86,0,0.05,0,-0,3.85,0.15,-0.15,-0.46,0.04,-0.01,1
12.083,5,-0.212,0.04,-0.97,-0.08,197.04,24.77,170.91,0.21,-0,-0.03,3.8,0.31,0.15,-0.61,-0.6,0.12,-0.79
12.085,3,-0.432,0.06,-0.89,-0.15,191.31,51.56,159.17,0.1,-0.01,0,3.73,1.53,-0.15,0.31,-0.84,0.2,-0.5
12.14,4,-0.323,0.14,-0.94,-0.02,212.58,37.71,-176.58,-0.03,-0,-0,3.72,0.61,0.31,-0.61,-0.59,-0.03,-0.8
12.141,7,-0.696,-0.21,-0.67,-0.14,97.03,61.51,89.21,0.04,0,0.02,0,0.46,-0.15,-0.15,-0.9,0.49,0.04
12.146,0,0.053,0.16,-0.04,-0.98,201.07,18.19,5.2,0.01,0,0.01,3.85,0.15,0.61,0,-0.32,0.09,0.96
12.149,6,0.74,-0.03,0.67,-0.08,314.85,79.09,-54.96,0.02,0,0,3.74,0.15,0.15,-0.31,-0.98,-0.16,0.13
12.153,5,-0.213,0.04,-0.97,-0.08,197.21,24.91,170.93,0.22,-0,-0.02,3.8,0.31,0,-0.61,-0.61,0.12,-0.79
12.155,1,0.187,0.04,-0.01,0.98,172.43,-4.79,0,0.05,-0,0,3.85,0.15,0,-0.15,0.05,-0.02,1
12.176,2,-0.45,0.2,-0.84,0.23,240.72,41.57,-130.78,0.12,-0.01,-0.01,3.87,0.31,-0.61,-0.92,-0.72,-0.57,-0.39
12.181,3,-0.433,0.06,-0.89,-0.15,191.21,51.67,159.1,0.11,-0.01,0.01,3.73,-0.92,0.15,-0.92,-0.86,0.21,-0.51
12.247,4,-0.324,0.14,-0.93,-0.02,212.59,37.76,-176.56,-0.01,-0.02,0,3.72,-0.92,1.37,-1.07,-0.62,-0.02,-0.8
12.249,7,-0.697,-0.21,-0.67,-0.14,96.93,61.58,89,0.03,-0,0.02,0,-0.31,0.15,-0.15,-0.89,0.49,0.04
12.253,0,0.053,0.16,-0.04,-0.98,201.03,18.21,5.19,0,0,0.01,3.85,0,0,-0.15,-0.32,0.09,0.95
12.254,6,0.74,-0.03,0.67,-0.08,314.75,79.07,-55.03,0.03,0,0.01,3.74,-0.31,0,-0.15,-0.98,-0.16,0.13
12.258,5,-0.214,0.04,-0.97,-0.08,197.31,25.03,170.91,0.21,0,-0.02,3.8,-0.76,0,1.68,-0.6,0.12,-0.79
12.26,1,0.189,0.04,-0.01,0.98,172.26,-4.81,-0.01,0.04,0,0,3.85,0,0,0.15,0.04,-0.01,1
12.28,2,-0.451,0.2,-0.84,0.23,240.76,41.57,-130.63,0.12,-0,-0.01,3.87,0.76,-0.31,-1.83,-0.72,-0.58,-0.38
12.281,3,-0.433,0.06,-0.89,-0.15,191.25,51.73,159.05,0.09,0.01,0,3.73,0,0,-1.98,-0.84,0.19,-0.51
12.354,4,-0.323,0.15,-0.93,-0.02,212.9,37.63,-176.48,-0.02,-0.01,0.01,3.72,-0.31,1.37,-3.05,-0.6,-0.03,-0.81
12.355,7,-0.696,-0.21,-0.67,-0.14,97.04,61.56,89.11,0.03,-0,0.02,0,0,0,0.15,-0.89,0.49,0.04
12.361,0,0.052,0.16,-0.04,-0.99,200.98,18.2,5.23,0,-0,0.01,3.85,0.46,0,-1.22,-0.32,0.08,0.95
12.363,6,0.74,-0.03,0.67,-0.08,314.95,79.06,-54.79,0.03,0,0,3.74,0,0,0.31,-0.98,-0.15,0.14
12.367,5,-0.215,0.04,-0.97,-0.09,196.95,25.12,170.55,0.23,0.01,-0.02,3.8,-0.31,0,0.31,-0.62,0.11,-0.78
12.369,1,0.189,0.04,-0.01,0.98,172.2,-4.8,-0.01,0.04,0,0,3.85,-0.15,0,0,0.04,-0.01,1
12.386,2,-0.45,0.2,-0.84,0.23,240.75,41.5,-130.53,0.1,0.01,-0,3.87,0,0.61,1.37,-0.7,-0.59,-0.39
12.388,3,-0.434,0.06,-0.89,-0.15,191.25,51.82,159.02,0.09,0,-0,3.73,0,0,0.76,-0.84,0.2,-0.51
12.447,4,-0.321,0.15,-0.94,-0.02,212.98,37.46,-176.43,-0.02,0,0,3.72,0,0.46,0,-0.59,-0.05,-0.8
12.449,7,-0.696,-0.21,-0.67,-0.14,97.1,61.55,89.13,0.03,-0,0.02,0,0,-0.15,0.15,-0.89,0.49,0.04
12.454,0,0.053,0.16,-0.04,-0.98,201.06,18.28,5.31,0.01,0,0,3.85,0.15,0.15,0,-0.32,0.09,0.95
12.456,6,0.74,-0.03,0.67,-0.08,314.74,79.07,-55.11,0.02,-0,0,3.74,-0.15,0,0,-0.98,-0.15,0.13
12.459,5,-0.215,0.04,-0.97,-0.09,197.18,25.22,170.64,0.2,-0.01,-0.03,3.8,-0.46,-0.31,-0.46,-0.6,0.13,-0.79
12.461,1,0.19,0.04,-0.01,0.98,172.17,-4.75,-0.04,0.04,-0,0,3.85,0.31,1.07,0,0.04,-0.02,1
12.48,2,-0.451,0.2,-0.84,0.23,240.8,41.47,-130.45,0.1,0.01,-0,3.87,-0.15,-0.31,1.37,-0.71,-0.58,-0.4
12.482,3,-0.434,0.06,-0.89,-0.15,191.19,51.88,158.91,0.08,-0.01,-0,3.73,0.61,0.92,4.12,-0.84,0.21,-0.52
12.558,4,-0.321,0.15,-0.94,-0.02,212.99,37.39,-176.42,-0.01,0,0,3.72,0,0.31,-0.15,-0.6,-0.04,-0.8
12.56,7,-0.697,-0.21,-0.67,-0.14,97.01,61.57,88.95,0.03,-0,0.01,0,0,0,0,-0.89,0.49,0.03
12.565,0,0.053,0.16,-0.04,-0.98,201.09,18.3,5.31,0,0,0.01,3.85,0.31,0,0.76,-0.31,0.09,0.95
12.566,6,0.74,-0.03,0.67,-0.08,315.07,79,-54.92,0.03,0,0,3.74,0,-0.31,-0.46,-0.98,-0.16,0.14
12.57,5,-0.216,0.05,-0.97,-0.09,197.24,25.36,170.6,0.21,-0,-0.02,3.8,0.31,0.15,-0.46,-0.61,0.12,-0.79
12.572,1,0.189,0.04,-0.01,0.98,172.24,-4.72,0.02,0.04,0.01,0,3.85,-0.15,-0.31,0,0.04,-0.01,1
12.59,2,-0.451,0.2,-0.84,0.23,240.88,41.5,-130.39,0.12,0.01,-0,3.87,0.15,0,0.76,-0.71,-0.59,-0.39
12.591,3,-0.434,0.05,-0.89,-0.16,190.28,51.7,158.28,0.13,-0.02,0.01,3.73,1.07,-0.61,4.58,-0.87,0.22,-0.48
12.65,4,-0.321,0.15,-0.94,-0.02,213.09,37.36,-176.4,-0,-0.01,0,3.72,-0.31,0,1.07,-0.61,-0.04,-0.8
12.651,7,-0.697,-0.21,-0.67,-0.14,96.71,61.47,88.79,0.04,0,0.02,0,0.31,0,0.15,-0.89,0.49,0.05
12.655,0,0.053,0.16,-0.04,-0.98,201.12,18.35,5.35,0,0.01,0.01,3.85,0,0.15,0,-0.32,0.1,0.95
12.657,6,0.741,-0.03,0.67,-0.08,315.62,79,-54.31,0.02,-0.01,0,3.74,0.15,0.15,0,-0.98,-0.15,0.13
12.66,5,-0.217,0.04,-0.97,-0.09,197.2,25.44,170.62,0.2,0.01,-0.02,3.8,0.61,0.61,1.68,-0.6,0.12,-0.79
12.662,1,0.19,0.04,-0.01,0.98,172.14,-4.66,-0.04,0.05,-0,-0,3.85,0,0.15,0,0.04,-0.02,1
12.684,2,-0.451,0.2,-0.84,0.23,240.91,41.44,-130.28,0.11,0.01,0,3.87,0.61,0,-0.46,-0.73,-0.6,-0.38
12.685,3,-0.433,0.05,-0.89,-0.16,190.17,51.67,158.22,0.1,-0.02,0.01,3.73,0.61,-0.15,-0.15,-0.86,0.23,-0.5
12.749,4,-0.321,0.15,-0.94,-0.02,212.88,37.36,-176.52,-0.01,0,0.01,3.72,0.92,-1.07,1.53,-0.61,-0.05,-0.81
12.751,7,-0.697,-0.21,-0.67,-0.14,96.7,61.43,88.74,0.02,0,0.02,0,-0.76,0.31,-0.15,-0.89,0.49,0.04
12.755,0,0.054,0.16,-0.04,-0.98,201.18,18.39,5.33,0,0,0.01,3.85,-1.37,1.22,0.31,-0.32,0.09,0.95
12.756,6,0.741,-0.03,0.67,-0.08,315.76,79.01,-54.18,0.02,0,0,3.74,-0.31,-0.31,-0.31,-0.98,-0.16,0.13
12.76,5,-0.217,0.04,-0.97,-0.09,196.91,25.37,170.49,0.2,-0.02,-0.02,3.8,-0.61,1.53,3.2,-0.6,0.13,-0.78
12.762,1,0.189,0.04,-0.01,0.98,172.23,-4.64,-0.07,0.04,0,0,3.85,0,-0.15,0.31,0.04,-0.01,1
12.781,2,-0.452,0.2,-0.84,0.23,240.73,41.61,-130.27,0.09,-0.02,-0.04,3.87,1.83,-0.61,4.73,-0.69,-0.54,-0.39
12.783,3,-0.434,0.05,-0.89,-0.16,190.37,51.76,158.32,0.08,-0.01,-0.01,3.73,0,0.61,0.92,-0.83,0.22,-0.51
12.852,4,-0.322,0.14,-0.94,-0.03,212.31,37.61,-176.8,-0.01,-0.03,-0.01,3.72,-1.53,-0.31,2.59,-0.59,-0.01,-0.8
12.853,7,-0.697,-0.21,-0.67,-0.14,96.87,61.41,88.81,0.02,-0,0.02,0,-0.31,-0.15,0.76,-0.89,0.49,0.03
12.857,0,0.052,0.16,-0.03,-0.98,200.99,18.58,5.15,0,-0.01,0.01,3.85,-1.37,0.15,-3.51,-0.32,0.07,0.95
12.858,6,0.741,-0.03,0.67,-0.08,315.89,78.99,-53.96,0.02,0,0.01,3.74,0.15,-0.61,-3.51,-0.99,-0.16,0.14
12.862,5,-0.216,0.04,-0.97,-0.09,196.6,25.32,170.25,0.21,-0,-0.01,3.8,0.46,0,0.61,-0.61,0.12,-0.79
12.864,1,0.189,0.04,-0.01,0.98,172.25,-4.65,-0.12,0.04,0.01,-0,3.85,-0.31,-1.53,0.15,0.04,-0.01,1
12.886,2,-0.452,0.19,-0.84,0.23,240.14,41.84,-130.44,0.08,0,-0.02,3.87,1.22,0.31,3.81,-0.7,-0.57,-0.4
12.887,3,-0.434,0.05,-0.89,-0.16,190.25,51.7,158.24,0.09,0,0.01,3.73,0.31,-1.07,1.37,-0.85,0.21,-0.52
12.953,4,-0.323,0.14,-0.94,-0.03,212.2,37.67,-177,-0.01,-0,0,3.72,0.61,0.31,-0.92,-0.6,-0.04,-0.8
12.954,7,-0.697,-0.21,-0.67,-0.14,96.84,61.35,88.76,0.04,-0,0.02,0,0.15,0,0,-0.9,0.49,0.04
12.958,0,0.052,0.16,-0.03,-0.98,200.86,18.64,4.92,0.01,-0.01,0.01,3.85,-0.46,0.15,1.07,-0.33,0.08,0.95
12.959,6,0.742,-0.03,0.66,-0.08,316.56,79.01,-53.21,0.03,-0.02,0.01,3.74,0.46,0,-1.22,-0.99,-0.13,0.14
12.963,5,-0.217,0.04,-0.97,-0.09,196.58,25.39,170.26,0.21,0,-0.02,3.8,0.31,-1.37,-1.37,-0.61,0.13,-0.78
12.965,1,0.189,0.04,-0.01,0.98,172.2,-4.63,-0.18,0.05,0,-0.01,3.85,0,0.61,-0.15,0.04,-0.02,0.99
12.987,2,-0.452,0.19,-0.84,0.23,240.09,41.85,-130.42,0.1,0,-0,3.87,0.15,-0.31,0,-0.72,-0.57,-0.39
12.988,3,-0.434,0.05,-0.89,-0.16,189.98,51.75,158.06,0.09,-0.03,0,3.73,0.15,-0.31,-0.46,-0.85,0.23,-0.5
13.062,4,-0.322,0.14,-0.94,-0.03,212.17,37.61,-176.94,0,-0,0,3.72,0,0.76,0.76,-0.61,-0.04,-0.79
13.064,7,-0.697,-0.21,-0.67,-0.14,96.88,61.39,88.72,0.03,0,0.02,0,0,0.31,-0.31,-0.89,0.49,0.04
13.068,0,0.052,0.16,-0.03,-0.98,200.9,18.6,4.88,0,0,0.01,3.85,0,-0.31,1.07,-0.32,0.08,0.95
13.069,6,0.741,-0.03,0.67,-0.08,315.84,78.94,-53.95,0.02,-0.01,0,3.74,-0.15,0,0.31,-0.98,-0.15,0.13
13.073,5,-0.218,0.04,-0.97,-0.09,196.54,25.47,170.28,0.2,-0.01,-0.02,3.8,0,0.31,0.76,-0.61,0.13,-0.79
13.074,1,0.189,0.04,-0.01,0.98,172.26,-4.55,-0.18,0.03,-0,0,3.85,0.15,0,0.15,0.05,-0.02,1
13.094,2,-0.452,0.2,-0.84,0.23,240.39,41.8,-130.23,0.12,-0.01,-0,3.87,0,-3.66,-7.17,-0.72,-0.59,-0.38
13.096,3,-0.434,0.05,-0.89,-0.16,190.03,51.74,157.99,0.1,-0.03,0.02,3.73,-0.15,-0.15,-1.53,-0.86,0.23,-0.5
13.155,4,-0.322,0.14,-0.94,-0.03,212.36,37.54,-176.82,-0.02,-0,0.01,3.72,1.07,-0.15,-0.92,-0.6,-0.04,-0.81
13.156,7,-0.697,-0.21,-0.67,-0.14,96.98,61.42,88.73,0.03,-0,0.02,0,0,-0.15,0.15,-0.89,0.49,0.04
13.163,0,0.052,0.16,-0.03,-0.98,200.9,18.54,4.94,0,0,0.01,3.85,0,-0.15,-0.46,-0.32,0.08,0.95
13.165,6,0.741,-0.03,0.67,-0.08,315.78,78.86,-54.11,0.02,0.01,0,3.74,-0.15,-0.15,0.31,-0.98,-0.16,0.14
13.17,5,-0.219,0.04,-0.97,-0.09,196.43,25.56,170.28,0.23,0,-0.02,3.8,0.46,0.31,0.76,-0.62,0.12,-0.78
13.172,1,0.19,0.04,-0.01,0.98,172.14,-4.61,-0.15,0.04,0,-0,3.85,0,0.31,0,0.04,-0.01,1
13.189,2,-0.454,0.2,-0.84,0.24,240.69,41.82,-129.87,0.1,0,-0,3.87,0.76,0.76,0.76,-0.72,-0.58,-0.39
13.19,3,-0.435,0.05,-0.89,-0.16,190.14,51.82,158,0.08,0,-0,3.73,-0.15,-0.15,-0.15,-0.83,0.21,-0.51
13.261,4,-0.323,0.14,-0.94,-0.03,212.27,37.67,-176.84,-0.01,0,-0,3.72,0,-0.61,1.37,-0.6,-0.04,-0.8
13.263,7,-0.697,-0.21,-0.67,-0.14,96.95,61.41,88.68,0.04,0,0.02,0,0,0,0.31,-0.89,0.49,0.05
13.268,0,0.051,0.16,-0.03,-0.98,200.78,18.5,4.85,-0.01,-0,0,3.85,-1.07,0,-0.92,-0.31,0.08,0.95
13.27,6,0.741,-0.03,0.67,-0.08,315.69,78.88,-54.3,0.03,-0,0,3.74,-0.15,0.15,-0.46,-0.98,-0.15,0.14
13.276,5,-0.219,0.04,-0.97,-0.09,196.46,25.65,170.33,0.2,-0,-0.02,3.8,0,0,-0.46,-0.61,0.13,-0.79
13.277,1,0.191,0.04,-0.01,0.98,172.05,-4.6,-0.19,0.04,0,-0,3.85,0,-0.31,0,0.04,-0.02,1
13.303,2,-0.453,0.19,-0.84,0.24,240.41,41.9,-129.97,0.09,-0.01,-0,3.87,-0.15,-0.15,-2.59,-0.72,-0.58,-0.4
13.305,3,-0.434,0.05,-0.89,-0.16,190.27,51.82,158.08,0.1,0,-0,3.73,0,1.07,1.98,-0.85,0.21,-0.5
13.362,4,-0.323,0.14,-0.94,-0.03,212.18,37.66,-176.9,-0.02,0.01,0,3.72,0.46,0.31,-0.61,-0.6,-0.04,-0.8
13.363,7,-0.697,-0.21,-0.67,-0.14,97.14,61.42,88.85,0.02,-0,0.02,0,-0.31,0.46,0,-0.89,0.49,0.03
13.368,0,0.051,0.16,-0.03,-0.98,200.7,18.5,4.71,-0.01,-0,0.01,3.85,-0.31,-0.76,0.61,-0.31,0.08,0.96
13.369,6,0.741,-0.03,0.67,-0.08,315.66,78.95,-54.25,0.03,-0,0.01,3.74,0,0.31,-0.15,-0.98,-0.15,0.14
13.373,5,-0.221,0.04,-0.97,-0.09,196.65,25.82,170.39,0.21,0,-0.02,3.8,0.31,-0.92,-2.29,-0.61,0.12,-0.78
13.374,1,0.189,0.04,-0.01,0.98,172.24,-4.66,-0.14,0.04,0,0,3.85,0.15,-0.15,-0.15,0.05,-0.02,1.01
13.396,2,-0.453,0.19,-0.84,0.24,240.5,41.88,-129.9,0.11,-0,0,3.87,-0.46,0.15,-0.15,-0.72,-0.58,-0.39
13.398,3,-0.433,0.05,-0.89,-0.16,190.38,51.71,158.1,0.1,-0.01,0.01,3.73,-0.15,0.31,-2.59,-0.85,0.21,-0.5
13.454,4,-0.322,0.14,-0.94,-0.03,211.97,37.65,-177.01,-0.01,0,0.01,3.72,0,-0.46,0.76,-0.61,-0.04,-0.8
13.455,7,-0.696,-0.21,-0.67,-0.14,97.34,61.42,88.98,0.03,-0.01,0.02,0,0,-0.15,0,-0.89,0.49,0.04
13.459,0,0.052,0.16,-0.03,-0.98,200.82,18.43,4.72,-0,0.01,0.01,3.85,0,-0.31,1.22,-0.33,0.08,0.95
13.46,6,0.741,-0.03,0.67,-0.08,315.35,79.01,-54.52,0.02,-0,0.01,3.74,0.15,0,0,-0.99,-0.15,0.13
13.465,5,-0.222,0.04,-0.97,-0.09,196.85,25.95,170.54,0.2,0,-0.02,3.8,0,0.15,-1.07,-0.61,0.12,-0.79
13.467,1,0.189,0.04,-0.01,0.98,172.19,-4.6,-0.17,0.04,0,0,3.85,0,-0.15,0,0.05,-0.02,1
13.488,2,-0.454,0.19,-0.84,0.24,240.33,41.99,-129.9,0.1,0.01,-0,3.87,-0.31,0,0.15,-0.71,-0.59,-0.38
13.489,3,-0.433,0.05,-0.89,-0.16,190.31,51.64,158.07,0.1,-0,0.01,3.73,-0.46,0,-0.15,-0.85,0.22,-0.5
13.56,4,-0.322,0.14,-0.94,-0.03,212.02,37.61,-177.02,0,-0,0.01,3.72,0,0.46,-1.37,-0.62,-0.04,-0.8
13.561,7,-0.696,-0.21,-0.67,-0.14,97.38,61.43,89.06,0.04,0,0.02,0,0.31,0,-0.15,-0.89,0.49,0.05
13.567,0,0.052,0.16,-0.03,-0.98,200.93,18.51,4.81,-0.01,0.01,0,3.85,0,1.37,-0.46,-0.31,0.08,0.94
13.569,6,0.741,-0.03,0.67,-0.08,315.5,78.99,-54.4,0.03,-0,0.01,3.74,-0.15,0,0,-0.98,-0.15,0.14
13.573,5,-0.223,0.04,-0.97,-0.09,196.89,26.05,170.55,0.18,0,-0.02,3.8,0.31,1.07,0,-0.59,0.12,-0.79
13.575,1,0.189,0.04,-0.01,0.98,172.28,-4.56,-0.16,0.04,0,-0,3.85,0,0,0.15,0.04,-0.02,1
13.594,2,-0.454,0.19,-0.84,0.24,240.3,42,-129.91,0.1,-0,0.01,3.87,0.31,-0.61,0,-0.73,-0.59,-0.39
13.596,3,-0.434,0.05,-0.89,-0.16,190.31,51.79,158,0.09,-0.01,0.01,3.73,-0.31,0.31,-2.75,-0.85,0.22,-0.51
13.653,4,-0.321,0.15,-0.94,-0.02,212.92,37.37,-176.56,-0.01,-0.01,0,3.72,0,1.53,-6.26,-0.6,-0.04,-0.8
13.654,7,-0.696,-0.21,-0.67,-0.14,97.26,61.43,88.96,0.03,0.01,0.02,0,-0.46,0.31,0,-0.89,0.48,0.04
13.658,0,0.051,0.16,-0.03,-0.98,200.77,18.54,4.75,0,-0,0,3.85,0.61,1.22,-1.37,-0.32,0.08,0.95
13.659,6,0.741,-0.03,0.67,-0.08,315.31,78.93,-54.69,0.03,0,0.01,3.74,0,0.15,0,-0.98,-0.16,0.14
13.663,5,-0.223,0.04,-0.97,-0.09,196.98,26.08,170.6,0.21,0,-0.02,3.8,-0.15,0.31,0.31,-0.62,0.12,-0.78
13.665,1,0.189,0.04,-0.01,0.98,172.21,-4.53,-0.16,0.04,-0,-0,3.85,0,0,-0.92,0.04,-0.02,1
13.691,2,-0.454,0.19,-0.84,0.24,240.3,42.05,-129.85,0.09,0,-0.01,3.87,0.46,0,-0.15,-0.71,-0.58,-0.4
13.692,3,-0.434,0.06,-0.89,-0.16,190.65,51.85,158.28,0.07,0.01,-0.01,3.73,-0.46,-0.46,-0.61,-0.83,0.21,-0.51
13.759,4,-0.32,0.15,-0.94,-0.02,213.45,37.26,-176.21,-0.04,-0.01,-0,3.72,0,0.46,-3.97,-0.58,-0.04,-0.81
13.76,7,-0.697,-0.21,-0.67,-0.14,97.39,61.53,88.8,0.03,0,0.02,0,-1.53,0.46,0.76,-0.9,0.49,0.04
13.764,0,0.051,0.16,-0.03,-0.98,200.72,18.62,4.78,0.01,-0,0.01,3.85,0.31,-0.31,0.31,-0.33,0.07,0.95
13.766,6,0.741,-0.03,0.67,-0.08,315.5,78.97,-54.42,0.02,-0,-0,3.74,1.53,0.15,0,-0.98,-0.16,0.13
13.77,5,-0.224,0.04,-0.97,-0.09,197.11,26.19,170.64,0.2,-0,-0.02,3.8,-0.31,-0.15,0,-0.61,0.12,-0.78
13.772,1,0.19,0.04,-0.01,0.98,172.14,-4.44,-0.16,0.03,-0.01,-0,3.85,0.15,0.31,0,0.05,-0.02,1
13.793,2,-0.455,0.19,-0.84,0.24,240.31,42.08,-129.74,0.1,0.01,0,3.87,-0.92,-0.61,-1.07,-0.71,-0.59,-0.39
13.794,3,-0.435,0.06,-0.88,-0.16,190.41,51.91,158.11,0.09,-0,0.01,3.73,0.46,0.31,-0.31,-0.85,0.22,-0.51
13.86,4,-0.319,0.15,-0.94,-0.02,213.66,37.08,-176.07,-0.02,0,-0,3.72,0.15,-0.15,-0.46,-0.58,-0.05,-0.81
13.861,7,-0.696,-0.21,-0.67,-0.14,97.54,61.39,88.75,0.03,-0.02,0.02,0,-0.61,0.31,-0.46,-0.89,0.51,0.04
13.866,0,0.052,0.16,-0.03,-0.98,200.9,18.65,4.9,0,-0,0.01,3.85,0,0.31,0.61,-0.32,0.08,0.95
13.868,6,0.741,-0.03,0.67,-0.08,315.5,78.91,-54.41,0.02,0.01,0,3.74,-0.31,0,-0.61,-0.98,-0.17,0.13
13.872,5,-0.225,0.05,-0.97,-0.09,197.18,26.4,170.63,0.19,-0,-0,3.8,-0.76,-0.61,-0.31,-0.61,0.12,-0.79
13.874,1,0.19,0.04,-0.01,0.98,172.09,-4.35,-0.19,0.04,0,0,3.85,0,0.31,-0.15,0.04,-0.01,1
13.894,2,-0.455,0.19,-0.84,0.24,240.32,42.11,-129.69,0.1,0.01,-0,3.87,0.76,0.15,2.59,-0.71,-0.59,-0.39
13.895,3,-0.436,0.05,-0.88,-0.16,190.26,51.98,158.02,0.09,-0.02,0.01,3.73,0.61,0.15,-1.22,-0.85,0.22,-0.51
13.965,4,-0.319,0.15,-0.94,-0.02,213.6,37.11,-176.06,-0.01,0.01,0,3.72,0.46,-0.46,5.95,-0.59,-0.06,-0.8
13.967,7,-0.696,-0.21,-0.67,-0.14,97.44,61.31,88.78,0.03,-0,0.02,0,1.22,-0.46,0,-0.89,0.49,0.04
13.971,0,0.052,0.16,-0.03,-0.98,200.89,18.67,4.88,0,0,0.01,3.85,-0.31,1.07,0.46,-0.32,0.09,0.95
13.973,6,0.741,-0.03,0.67,-0.08,315.64,78.83,-54.31,0.02,0,0,3.74,-0.61,0.15,0.31,-0.98,-0.15,0.14
13.976,5,-0.227,0.05,-0.97,-0.09,197.36,26.57,170.72,0.18,-0,-0.01,3.8,0,0.61,-0.46,-0.6,0.12,-0.79
13.978,1,0.191,0.04,-0.01,0.98,172.06,-4.35,-0.16,0.04,0,0,3.85,-0.15,0,0,0.04,-0.02,1
13.998,2,-0.457,0.19,-0.84,0.24,240.2,42.41,-129.54,0.11,0.03,0.02,3.87,2.9,-1.22,1.68,-0.73,-0.62,-0.38
14,3,-0.436,0.06,-0.88,-0.16,190.41,52.06,158.07,0.09,-0.01,0.01,3.73,-0.76,0.76,-2.29,-0.84,0.22,-0.51
14.07,4,-0.319,0.15,-0.94,-0.02,213.01,37.22,-176.51,-0,0.03,0,3.72,0.46,-3.36,7.17,-0.63,-0.1,-0.8
14.071,7,-0.696,-0.21,-0.67,-0.14,97.31,61.29,88.86,0.03,0.01,0.02,0,-0.31,0,0.15,-0.89,0.48,0.04
14.075,0,0.052,0.17,-0.03,-0.98,200.86,18.77,4.78,-0,0,0.01,3.85,-1.37,1.37,1.68,-0.32,0.09,0.95
14.076,6,0.741,-0.03,0.67,-0.08,315.71,78.91,-54.34,0.02,-0.01,0,3.74,-0.46,-0.31,0.15,-0.98,-0.14,0.13
14.081,5,-0.227,0.05,-0.97,-0.09,197.23,26.58,170.64,0.19,-0,-0.02,3.8,0.31,0.76,1.37,-0.61,0.11,-0.78
14.083,1,0.189,0.04,-0.01,0.98,172.29,-4.26,-0.17,0.04,-0.01,0.01,3.85,0,0,-0.46,0.05,-0.02,1
14.104,2,-0.459,0.19,-0.84,0.24,240.16,42.68,-129.36,0.09,-0.02,-0.02,3.87,-0.92,-2.14,-3.2,-0.73,-0.57,-0.38
14.105,3,-0.437,0.06,-0.88,-0.16,190.32,52.12,157.99,0.07,0.02,-0.01,3.73,0.46,-0.61,4.43,-0.82,0.19,-0.52
14.164,4,-0.321,0.15,-0.94,-0.02,212.88,37.37,-176.51,-0.01,-0.01,-0.01,3.72,-0.31,0.76,0,-0.59,-0.03,-0.79
14.166,7,-0.696,-0.21,-0.67,-0.14,97.48,61.36,88.67,0.04,0.01,0.01,0,-4.73,0.92,1.07,-0.9,0.48,0.06
14.169,0,0.052,0.17,-0.03,-0.98,200.86,18.82,4.72,0.01,0.01,0.01,3.85,-0.31,0.76,-0.15,-0.33,0.09,0.95
14.171,6,0.741,-0.03,0.67,-0.08,315.81,78.94,-54.28,0.02,-0.02,-0,3.74,1.07,0.31,-1.68,-0.98,-0.14,0.13
14.175,5,-0.227,0.05,-0.97,-0.09,197.17,26.58,170.67,0.2,0.01,-0.02,3.8,0.92,0.46,1.22,-0.62,0.11,-0.78
14.176,1,0.191,0.04,-0.01,0.98,172.02,-4.28,-0.12,0.03,0,0,3.85,0.61,0.61,-1.98,0.04,-0.01,1
14.198,2,-0.46,0.19,-0.84,0.24,240.14,42.82,-129.32,0.1,-0,-0.01,3.87,0.76,0.61,1.53,-0.72,-0.57,-0.38
14.2,3,-0.436,0.05,-0.88,-0.16,190.2,52.09,157.86,0.08,-0.01,-0.01,3.73,0,-1.37,6.87,-0.85,0.24,-0.49
14.257,4,-0.32,0.14,-0.94,-0.03,212.64,37.39,-176.81,-0.02,0,0,3.72,-0.15,0.31,0,-0.59,-0.04,-0.8
14.258,7,-0.696,-0.2,-0.67,-0.15,97.65,61.18,88.42,0.03,-0.02,0.02,0,-2.59,1.53,1.83,-0.88,0.51,0.04
14.262,0,0.052,0.17,-0.03,-0.98,200.87,18.94,4.72,0,-0.01,0.02,3.85,0,0.46,0.15,-0.33,0.07,0.96
14.263,6,0.741,-0.03,0.67,-0.08,315.76,78.87,-54.09,0.02,0.02,0,3.74,1.83,0.46,-0.46,-0.98,-0.17,0.13
14.268,5,-0.228,0.05,-0.97,-0.08,197.25,26.72,170.8,0.19,-0.01,-0.01,3.8,0.31,0,-0.31,-0.61,0.13,-0.79
14.269,1,0.192,0.04,-0.01,0.98,171.86,-4.14,-0.12,0.04,-0,-0,3.85,0.15,0.92,-0.15,0.05,-0.02,1
14.299,2,-0.46,0.19,-0.84,0.24,240.15,42.91,-129.3,0.1,-0.01,-0.01,3.87,0.15,-2.14,-2.44,-0.73,-0.56,-0.38
14.3,3,-0.437,0.05,-0.88,-0.16,189.53,52.12,157.31,0.12,0.01,0.01,3.73,-1.68,0.61,-1.53,-0.86,0.21,-0.48
14.373,4,-0.319,0.14,-0.94,-0.03,212.61,37.27,-176.84,-0.02,-0.01,-0,3.72,-0.61,0.31,3.2,-0.58,-0.02,-0.81
14.374,7,-0.696,-0.2,-0.67,-0.15,98,61.06,88.44,0.02,-0.02,0.02,0,0.76,-0.31,-0.46,-0.88,0.51,0.04
14.379,0,0.052,0.17,-0.03,-0.98,200.94,18.99,4.77,0,0,0,3.85,-0.31,-0.46,0,-0.33,0.08,0.95
14.381,6,0.741,-0.03,0.67,-0.08,315.18,78.74,-54.66,0.02,0.02,0.01,3.74,-1.68,-0.61,0.76,-0.98,-0.17,0.14
14.387,5,-0.228,0.05,-0.97,-0.08,197.22,26.75,170.79,0.12,0.02,-0.01,3.8,1.22,0.46,-1.83,-0.55,0.11,-0.82
14.389,1,0.192,0.03,-0.01,0.98,171.93,-4.05,-0.12,0.03,0,0,3.85,0.15,0,0.76,0.04,-0.01,1
14.407,2,-0.46,0.18,-0.84,0.24,239.91,42.97,-129.25,0.07,0.01,-0.01,3.87,1.07,0,4.12,-0.71,-0.57,-0.39
14.408,3,-0.438,0.05,-0.88,-0.16,189.9,52.24,157.4,0.07,0.02,0,3.73,-0.46,-0.31,-1.53,-0.84,0.2,-0.51
14.466,4,-0.321,0.14,-0.94,-0.03,211.9,37.43,-177.08,-0.01,-0,0,3.72,1.83,0,0.76,-0.59,-0.04,-0.81
14.467,7,-0.696,-0.2,-0.67,-0.15,97.73,61.1,88.33,0.03,0.01,0.02,0,1.83,-0.46,-0.76,-0.89,0.48,0.04
14.471,0,0.051,0.17,-0.03,-0.98,200.78,19.13,4.61,-0.01,0,0,3.85,-0.92,2.29,-3.05,-0.32,0.08,0.95
14.472,6,0.742,-0.03,0.66,-0.08,315.96,78.72,-53.97,0.02,-0.01,0,3.74,-1.07,0,0.31,-0.99,-0.14,0.14
14.477,5,-0.227,0.05,-0.97,-0.08,197.18,26.65,170.73,0.17,0.01,-0.02,3.8,-1.37,1.68,1.22,-0.59,0.12,-0.78
14.478,1,0.191,0.03,-0.01,0.98,171.99,-4.04,-0.11,0.03,-0,0,3.85,0,0.31,0.31,0.04,-0.01,1
14.501,2,-0.462,0.18,-0.84,0.24,239.88,43.28,-129.25,0.1,-0,-0.01,3.87,0.31,1.37,6.26,-0.73,-0.56,-0.37
14.503,3,-0.438,0.06,-0.88,-0.16,190.1,52.35,157.6,0.07,0.04,-0.01,3.73,0,-0.61,1.53,-0.83,0.18,-0.51
14.573,4,-0.322,0.14,-0.94,-0.03,211.81,37.56,-177.11,0.01,-0.02,-0,3.72,0,-0.92,0,-0.62,-0.03,-0.78
14.575,7,-0.697,-0.2,-0.67,-0.15,97.64,61.21,88.4,0.02,0.01,0.02,0,-0.46,0.15,0.31,-0.89,0.48,0.04
14.578,0,0.05,0.17,-0.03,-0.98,200.65,19.39,4.48,0.01,0,0.01,3.85,0,1.53,-0.46,-0.34,0.08,0.95
14.58,6,0.742,-0.03,0.66,-0.08,316.15,78.86,-53.8,0.02,-0.01,0,3.74,0.46,0,0,-0.98,-0.15,0.13
14.586,5,-0.228,0.05,-0.97,-0.08,197.43,26.74,170.89,0.18,-0.02,-0.01,3.8,0.76,-0.15,-1.53,-0.6,0.14,-0.79
14.588,1,0.191,0.03,-0.01,0.98,171.96,-4,-0.1,0.03,-0,0,3.85,0,0.92,-0.15,0.04,-0.01,1
14.605,2,-0.462,0.18,-0.84,0.24,239.63,43.46,-129.39,0.09,0.01,0,3.87,0.76,0,1.37,-0.73,-0.58,-0.38
14.607,3,-0.439,0.05,-0.88,-0.16,189.76,52.36,157.33,0.1,0.01,0.01,3.73,0,-5.19,10.53,-0.86,0.21,-0.49
14.677,4,-0.322,0.14,-0.94,-0.03,211.95,37.6,-177.13,-0.01,0.01,0.01,3.72,-0.31,0.15,-0.92,-0.61,-0.04,-0.81
14.678,7,-0.697,-0.2,-0.67,-0.15,97.71,61.21,88.33,0.02,-0.01,0.02,0,-0.31,0,0.46,-0.88,0.5,0.04
14.682,0,0.051,0.17,-0.03,-0.98,200.82,19.48,4.51,0,-0.01,0.01,3.85,0.61,0.46,2.75,-0.34,0.07,0.95
14.684,6,0.741,-0.03,0.67,-0.08,315.76,78.91,-54.17,0.02,0.01,0,3.74,0,-0.31,0.31,-0.98,-0.17,0.14
14.688,5,-0.229,0.05,-0.97,-0.08,197.49,26.83,170.93,0.18,0,-0.02,3.8,-0.15,-0.31,0,-0.6,0.11,-0.79
14.69,1,0.192,0.03,-0.01,0.98,171.92,-3.87,-0.16,0.03,0,0,3.85,-0.15,0.31,0,0.04,-0.01,1
14.709,2,-0.462,0.18,-0.84,0.24,239.83,43.32,-129.28,0.09,0.01,0,3.87,-0.31,-1.22,-2.44,-0.72,-0.59,-0.38
14.711,3,-0.44,0.05,-0.88,-0.16,188.77,52.44,156.54,0.08,0,0,3.73,-0.46,2.14,-0.46,-0.83,0.21,-0.51
14.766,4,-0.321,0.14,-0.94,-0.03,212.39,37.41,-176.89,-0.01,0.02,0.01,3.72,0,5.04,2.14,-0.58,-0.08,-0.81
14.767,7,-0.697,-0.2,-0.67,-0.15,97.46,61.15,88.05,0.03,-0,0.02,0,0.46,0,0,-0.9,0.49,0.04
14.771,0,0.052,0.17,-0.03,-0.98,200.96,19.57,4.66,-0.01,0.01,0.01,3.85,-0.61,3.51,1.83,-0.33,0.09,0.95
14.773,6,0.742,-0.03,0.66,-0.08,316.07,78.89,-53.82,0.02,0,0.01,3.74,-0.61,0,0.31,-0.98,-0.16,0.14
14.776,5,-0.229,0.05,-0.97,-0.08,197.34,26.81,170.96,0.16,0,-0.01,3.8,1.07,1.53,4.27,-0.59,0.11,-0.8
14.778,1,0.192,0.03,-0.01,0.98,171.88,-3.94,-0.17,0.04,0,-0.01,3.85,0,-0.15,0.31,0.03,-0.01,0.99
14.803,2,-0.463,0.18,-0.83,0.24,240.14,43.24,-128.91,0.08,0.03,0.01,3.87,-2.29,-3.66,-3.66,-0.72,-0.59,-0.39
14.805,3,-0.44,0.05,-0.88,-0.16,188.71,52.38,156.39,0.07,-0,-0.01,3.73,0.15,0.61,-0.15,-0.81,0.22,-0.51
14.863,4,-0.318,0.14,-0.94,-0.03,211.57,37.09,-177.17,0.01,0.04,0.01,3.72,3.81,2.75,-12.51,-0.61,-0.08,-0.8
14.865,7,-0.697,-0.2,-0.67,-0.15,97.48,61.14,88.13,0.02,0,0.02,0,0,0.31,0,-0.89,0.49,0.04
14.87,0,0.053,0.17,-0.03,-0.98,201.02,19.86,4.58,0.01,0.01,0,3.85,-0.46,0.46,1.07,-0.35,0.08,0.94
14.871,6,0.742,-0.03,0.66,-0.08,316.21,78.9,-53.75,0.02,-0.01,0.01,3.74,0,0.15,-0.15,-0.99,-0.15,0.13
14.875,5,-0.227,0.04,-0.97,-0.08,196.92,26.57,170.7,0.18,-0.05,0.01,3.8,-2.44,0.15,3.2,-0.62,0.16,-0.81
14.876,1,0.191,0.03,-0.01,0.98,172.04,-3.92,-0.14,0.04,-0,0,3.85,0,0.31,0,0.04,-0.02,1
14.903,2,-0.465,0.19,-0.83,0.24,241.14,43.2,-128.46,0.12,-0.02,0.01,3.87,-0.92,-1.98,-3.36,-0.76,-0.57,-0.36
14.904,3,-0.44,0.05,-0.88,-0.16,188.33,52.27,156.22,0.09,0,0.01,3.73,0.15,0.76,2.29,-0.86,0.23,-0.5
14.983,4,-0.318,0.15,-0.94,-0.02,213.12,36.95,-176.06,0.02,-0.04,0,3.72,-1.53,0.61,-5.8,-0.62,-0.03,-0.79
14.984,7,-0.698,-0.2,-0.67,-0.15,97.34,61.14,87.85,0.02,-0.01,0.02,0,0,0,0.31,-0.88,0.5,0.04
14.988,0,0.054,0.17,-0.03,-0.98,201.15,19.8,4.6,0.02,0,0.01,3.85,0,-1.07,2.14,-0.36,0.08,0.94
14.99,6,0.742,-0.03,0.66,-0.08,316.18,78.89,-53.84,0.02,0,0,3.74,0.15,0,0,-0.98,-0.16,0.14
14.993,5,-0.229,0.04,-0.97,-0.09,196.71,26.74,170.57,0.16,-0.01,-0.01,3.8,0.31,-0.46,1.07,-0.59,0.13,-0.8
14.995,1,0.192,0.03,-0.01,0.98,171.96,-3.7,-0.22,0.03,0,0,3.85,-0.46,0.92,-0.31,0.04,-0.01,1
15.014,2,-0.465,0.19,-0.83,0.24,240.95,43.27,-128.46,0.09,0.02,0.01,3.87,3.2,1.53,2.29,-0.72,-0.6,-0.38
15.016,3,-0.439,0.05,-0.88,-0.16,188.88,52.29,156.44,0.08,-0,0.03,3.73,-5.95,0.92,-9.92,-0.86,0.23,-0.52
15.072,4,-0.318,0.14,-0.94,-0.02,212.71,37.11,-176.61,-0,0.03,0.01,3.72,-1.22,-0.15,0.15,-0.6,-0.07,-0.81
15.073,7,-0.698,-0.2,-0.67,-0.15,97.25,61.08,87.88,0.02,-0,0.01,0,0.92,-0.92,0.15,-0.89,0.49,0.04
15.077,0,0.055,0.17,-0.03,-0.98,201.31,19.8,4.7,-0,0.01,0,3.85,-0.31,0.76,-0.46,-0.34,0.09,0.94
15.078,6,0.742,-0.03,0.66,-0.08,316.54,78.77,-53.55,0.02,0,0,3.74,0.15,0,0.31,-0.98,-0.16,0.13
15.083,5,-0.229,0.04,-0.97,-0.09,196.31,26.71,170.37,0.15,0.01,-0.02,3.8,-1.37,1.37,5.95,-0.58,0.12,-0.79
15.084,1,0.192,0.03,-0.01,0.98,171.93,-3.61,-0.23,0.03,-0.01,-0,3.85,0,0.92,-0.46,0.04,-0.02,1
15.106,2,-0.465,0.18,-0.83,0.24,240.66,43.37,-128.48,0.08,0,-0,3.87,1.07,-0.46,3.97,-0.72,-0.58,-0.38
15.107,3,-0.441,0.05,-0.88,-0.17,188.52,52.45,155.91,0.1,-0.03,0.04,3.73,0.31,-2.14,6.56,-0.89,0.27,-0.49
15.183,4,-0.319,0.14,-0.94,-0.02,212.82,37.13,-176.47,-0.02,-0.03,0.01,3.72,0,-1.07,2.59,-0.6,-0.01,-0.81
15.184,7,-0.698,-0.2,-0.67,-0.15,97.24,61.15,87.89,0.03,0,0.02,0,0,0,-0.31,-0.89,0.49,0.05
15.188,0,0.055,0.18,-0.03,-0.98,201.23,20.01,4.63,-0.01,0,0.01,3.85,-1.07,1.83,-2.59,-0.33,0.07,0.95
15.19,6,0.743,-0.03,0.66,-0.08,316.97,78.82,-53.02,0.02,-0.01,0.01,3.74,-0.76,-0.15,-0.46,-0.98,-0.15,0.14
15.193,5,-0.227,0.03,-0.97,-0.09,195.76,26.51,170.06,0.17,-0.01,-0,3.8,0.61,0.76,0,-0.6,0.13,-0.8
15.195,1,0.191,0.03,-0.01,0.98,171.99,-3.54,-0.2,0.04,-0,0,3.85,0.76,0.61,0.31,0.03,-0.02,1
15.214,2,-0.466,0.18,-0.83,0.24,240.51,43.49,-128.48,0.13,-0.01,0,3.87,1.07,4.43,-1.37,-0.77,-0.58,-0.35
15.216,3,-0.442,0.05,-0.88,-0.17,188.96,52.71,156.16,0.07,-0.02,0.02,3.73,-0.76,1.37,-4.88,-0.85,0.25,-0.51
15.273,4,-0.32,0.14,-0.94,-0.02,212.46,37.29,-176.69,0,0.03,-0.02,3.72,0,-0.92,3.97,-0.63,-0.09,-0.79
15.275,7,-0.699,-0.2,-0.67,-0.15,97.15,61.27,87.69,0.02,0.01,0.01,0,0,0.46,-0.76,-0.89,0.48,0.04
15.28,0,0.052,0.18,-0.03,-0.98,200.91,20.08,4.51,0.01,-0.01,0.01,3.85,1.53,0,-3.66,-0.35,0.07,0.95
15.282,6,0.743,-0.03,0.66,-0.08,317.07,78.75,-53,0.02,0,0,3.74,0,0,-0.46,-0.98,-0.16,0.14
15.289,5,-0.228,0.04,-0.97,-0.08,196.3,26.62,170.72,0.21,-0.02,0,3.8,0.61,-0.61,-6.41,-0.64,0.12,-0.79
15.291,1,0.191,0.03,-0.01,0.98,172.02,-3.34,-0.16,0.02,0.01,0.01,3.85,0,1.22,0,0.04,-0,1.01
15.317,2,-0.464,0.18,-0.83,0.24,240,43.42,-128.67,0.06,0,-0.01,3.87,1.37,0.61,0.15,-0.71,-0.58,-0.39
15.32,3,-0.442,0.06,-0.88,-0.16,189.56,52.81,156.6,0.07,0.01,0,3.73,-0.76,0,-2.9,-0.84,0.22,-0.51
15.38,4,-0.319,0.14,-0.94,-0.02,212.26,37.23,-176.84,-0.02,0.03,0.01,3.72,-1.68,0.31,-4.88,-0.59,-0.07,-0.82
15.382,7,-0.699,-0.2,-0.67,-0.15,96.98,61.2,87.64,0.02,0,0.02,0,0.15,-0.15,0.31,-0.89,0.49,0.04
15.387,0,0.049,0.18,-0.03,-0.98,200.5,20.09,4.46,-0,-0.02,0.01,3.85,0.92,-1.22,-0.31,-0.34,0.05,0.95
15.388,6,0.743,-0.03,0.66,-0.08,317.06,78.71,-53.01,0.01,0.01,0.01,3.74,0,-0.15,0.76,-0.99,-0.16,0.13
15.392,5,-0.229,0.04,-0.97,-0.08,196.38,26.74,170.57,0.22,0.01,-0.01,3.8,-0.15,-1.22,-2.14,-0.63,0.11,-0.78
15.393,1,0.191,0.03,-0.01,0.98,172.02,-3.11,-0.18,0.02,-0,0.01,3.85,-0.31,1.53,0.31,0.03,-0.02,1
15.414,2,-0.465,0.18,-0.83,0.24,240.37,43.33,-128.49,0.05,0,-0.01,3.87,-1.53,-4.88,-1.68,-0.71,-0.57,-0.4
15.416,3,-0.444,0.06,-0.88,-0.16,189.83,53.06,156.82,0.08,0.03,-0.02,3.73,0,-1.53,2.44,-0.83,0.19,-0.5
15.473,4,-0.318,0.15,-0.94,-0.02,213.22,37.02,-176.26,-0.01,-0.02,0.02,3.72,-0.31,0.76,-5.04,-0.62,-0.03,-0.82
15.474,7,-0.699,-0.2,-0.67,-0.15,96.84,61.11,87.6,0.01,-0,0.02,0,0.31,-0.46,0.76,-0.88,0.5,0.03
15.478,0,0.05,0.18,-0.03,-0.98,200.7,19.97,4.51,-0.01,-0.01,0.01,3.85,0,0.61,2.9,-0.33,0.07,0.95
15.479,6,0.743,-0.03,0.66,-0.08,317.3,78.75,-52.8,0.02,-0,0,3.74,-0.61,-0.31,1.07,-0.98,-0.15,0.14
15.484,5,-0.231,0.04,-0.97,-0.08,196.44,26.96,170.64,0.16,0.01,-0.02,3.8,0.15,-0.61,-0.76,-0.59,0.12,-0.79
15.485,1,0.191,0.03,-0.01,0.98,172.07,-2.97,-0.23,0.03,-0,-0,3.85,0,0.92,0.15,0.03,-0.02,1
15.509,2,-0.466,0.19,-0.83,0.24,241.03,43.29,-128.18,0.09,0.02,0.01,3.87,-0.15,-1.83,-0.31,-0.73,-0.59,-0.38
15.51,3,-0.444,0.06,-0.88,-0.17,189.52,53.08,156.42,0.09,-0.02,0.01,3.73,-0.46,-0.15,-6.26,-0.86,0.23,-0.48
15.58,4,-0.317,0.15,-0.94,-0.02,213.9,36.91,-175.99,-0.01,-0.01,0.01,3.72,-0.92,0.61,-3.97,-0.61,-0.04,-0.81
15.582,7,-0.7,-0.2,-0.67,-0.15,96.64,61.12,87.41,0.03,0,0.02,0,0.61,-0.46,-0.15,-0.89,0.49,0.05
15.586,0,0.052,0.18,-0.03,-0.98,200.98,19.96,4.68,-0,0.01,0.01,3.85,0.31,0.92,0.92,-0.34,0.09,0.95
15.588,6,0.743,-0.03,0.66,-0.08,317.7,78.82,-52.46,0.02,-0.01,0,3.74,0,-0.15,-0.31,-0.98,-0.14,0.14
15.592,5,-0.23,0.04,-0.97,-0.08,196.53,26.88,170.76,0.17,0.02,-0.02,3.8,1.53,0.61,-0.15,-0.6,0.11,-0.79
15.594,1,0.19,0.02,-0.01,0.98,172.14,-2.76,-0.25,0.03,-0,-0.01,3.85,0,0.76,0,0.02,-0.02,0.99
15.614,2,-0.468,0.18,-0.83,0.24,241.18,43.48,-127.92,0.1,0.04,0.04,3.87,1.37,-0.61,5.8,-0.74,-0.64,-0.37
15.616,3,-0.445,0.06,-0.88,-0.16,189.93,53.21,156.72,0.07,0,-0,3.73,-0.92,0.61,-1.98,-0.85,0.22,-0.49
15.684,4,-0.317,0.16,-0.94,-0.02,214.42,36.9,-175.76,-0.03,0.03,0.01,3.72,0.76,-1.83,2.9,-0.58,-0.09,-0.82
15.686,7,-0.7,-0.2,-0.67,-0.15,96.59,61.19,87.4,0.02,0.01,0.02,0,0,0.15,-0.46,-0.89,0.48,0.04
15.689,0,0.053,0.18,-0.03,-0.98,201.06,19.96,4.8,-0,0.01,0,3.85,-0.76,0.15,0.31,-0.34,0.09,0.94
15.691,6,0.744,-0.03,0.66,-0.08,317.82,78.79,-52.32,0.01,0,-0,3.74,0.31,0.31,-0.15,-0.98,-0.16,0.13
15.694,5,-0.229,0.04,-0.97,-0.08,196.55,26.75,171,0.11,0.01,-0.02,3.8,1.83,2.44,-2.9,-0.54,0.11,-0.82
15.696,1,0.19,0.02,-0.01,0.98,172.14,-2.74,-0.25,0.02,0,-0.01,3.85,0,-0.31,0,0.02,-0.01,0.99
15.717,2,-0.468,0.18,-0.83,0.24,240.44,43.81,-128.37,0.07,-0.01,0.01,3.87,-1.98,-0.92,-1.22,-0.74,-0.57,-0.39
15.719,3,-0.445,0.06,-0.88,-0.16,190.23,53.23,156.9,0.07,-0,0.01,3.73,0.61,0.31,-0.76,-0.85,0.22,-0.5
15.779,4,-0.318,0.15,-0.94,-0.02,214.28,36.99,-175.73,-0.04,-0.03,-0,3.72,0.61,0.46,-5.49,-0.57,-0.03,-0.8
15.78,7,-0.699,-0.2,-0.67,-0.15,96.72,61.2,87.59,0.02,0,0.02,0,-0.15,0,0.31,-0.89,0.49,0.04
15.785,0,0.052,0.18,-0.03,-0.98,200.99,19.93,4.73,-0,0,0.01,3.85,-0.46,0,-0.46,-0.35,0.08,0.95
15.786,6,0.743,-0.03,0.66,-0.08,317.52,78.79,-52.54,0.01,0.01,0,3.74,0,0.15,0.31,-0.98,-0.16,0.13
15.791,5,-0.23,0.04,-0.97,-0.08,197.15,26.87,171.42,0.18,-0.02,0,3.8,0.61,-0.46,-0.46,-0.6,0.12,-0.8
15.792,1,0.19,0.02,-0.01,0.98,172.16,-2.66,-0.32,0.02,-0,0,3.85,-0.15,-0.61,-0.15,0.03,-0.02,1
15.813,2,-0.469,0.18,-0.83,0.24,240.34,43.95,-128.32,0.1,-0,-0.01,3.87,1.22,0.76,4.43,-0.73,-0.55,-0.35
15.814,3,-0.445,0.06,-0.88,-0.16,190.25,53.29,156.92,0.07,-0.01,-0,3.73,0,0.46,0,-0.84,0.22,-0.49
15.873,4,-0.319,0.16,-0.93,-0.02,214.51,37.04,-175.59,0,-0.02,0,3.72,0.31,-0.31,-2.75,-0.61,-0.05,-0.8
15.874,7,-0.699,-0.21,-0.67,-0.15,96.83,61.13,87.73,0.02,-0,0.02,0,0,0.15,0,-0.89,0.5,0.04
15.878,0,0.052,0.18,-0.03,-0.98,200.91,20.09,4.59,0.01,-0,0.01,3.85,-0.61,0.61,0.31,-0.35,0.08,0.94
15.879,6,0.744,-0.03,0.66,-0.08,317.78,78.73,-52.37,0.02,-0,0,3.74,-0.31,0.15,0.31,-0.98,-0.15,0.14
15.883,5,-0.231,0.04,-0.97,-0.08,197.03,26.98,171.47,0.15,-0,-0.02,3.8,0.46,0,0.31,-0.59,0.12,-0.8
15.885,1,0.19,0.02,-0.01,0.98,172.16,-2.7,-0.36,0.02,-0,0,3.85,0,0,0.15,0.03,-0.02,1
15.913,2,-0.47,0.18,-0.83,0.24,240.32,44.12,-128.27,0.1,-0,-0.01,3.87,1.37,0.76,0,-0.74,-0.57,-0.36
15.914,3,-0.445,0.06,-0.88,-0.16,190.09,53.23,156.79,0.07,0,0.02,3.73,-0.61,0.92,-1.53,-0.85,0.22,-0.51
15.991,4,-0.32,0.16,-0.93,-0.02,214.86,37.11,-175.44,-0.01,-0.01,0.01,3.72,-0.46,-0.15,-2.29,-0.61,-0.06,-0.81
15.992,7,-0.698,-0.2,-0.67,-0.15,97.01,61.19,87.81,0.02,-0,0.01,0,0,0,-0.15,-0.88,0.5,0.03
15.996,0,0.053,0.18,-0.03,-0.98,201,20.16,4.56,-0,-0,0,3.85,-0.31,0.92,-0.15,-0.34,0.07,0.94
15.997,6,0.744,-0.03,0.66,-0.08,317.95,78.76,-52.23,0.01,-0,0,3.74,0,0,0,-0.98,-0.15,0.13
16.002,5,-0.231,0.04,-0.97,-0.08,196.98,27.02,171.48,0.17,0.01,-0.01,3.8,0.31,0,0.31,-0.6,0.1,-0.79
16.003,1,0.19,0.02,-0.01,0.98,172.14,-2.68,-0.37,0.02,0,-0,3.85,0.31,0,0,0.02,-0.01,1
16.023,2,-0.469,0.18,-0.83,0.24,240.37,43.98,-128.27,0.08,0,0.01,3.87,-1.68,-0.92,-2.59,-0.74,-0.58,-0.38
16.024,3,-0.444,0.06,-0.88,-0.16,190.46,53.25,156.99,0.07,-0,0.01,3.73,0.46,0.31,-0.15,-0.85,0.22,-0.5
16.091,4,-0.319,0.16,-0.93,-0.02,215.49,37.04,-175.08,-0.02,-0,0,3.72,0.46,0,-2.29,-0.59,-0.06,-0.81
16.093,7,-0.699,-0.2,-0.67,-0.15,96.82,61.21,87.64,0.03,0.01,0.02,0,0.31,-0.15,-0.15,-0.89,0.49,0.05
16.096,0,0.052,0.18,-0.03,-0.98,200.94,20.27,4.57,-0.01,-0.01,0.01,3.85,0.15,1.22,-0.76,-0.34,0.07,0.94
16.097,6,0.744,-0.03,0.66,-0.08,317.92,78.78,-52.23,0.02,0,0.01,3.74,0.15,0,-0.31,-0.98,-0.16,0.13
16.102,5,-0.23,0.04,-0.97,-0.08,196.91,26.93,171.52,0.18,-0.01,-0,3.8,-0.61,1.07,0.61,-0.61,0.12,-0.8
16.104,1,0.19,0.02,-0.01,0.98,172.18,-2.59,-0.34,0.02,0,-0,3.85,0,0,0,0.02,-0.01,1
16.123,2,-0.469,0.18,-0.83,0.24,240.47,43.95,-128.22,0.08,0,-0,3.87,0,1.83,1.68,-0.74,-0.57,-0.37
16.124,3,-0.444,0.06,-0.88,-0.16,190.53,53.2,157.03,0.07,-0,0.01,3.73,0,0.92,0,-0.85,0.22,-0.5
16.181,4,-0.319,0.16,-0.93,-0.02,215.64,37.06,-175.09,-0.02,0.01,-0.01,3.72,-0.46,0.46,-2.9,-0.58,-0.07,-0.8
16.184,7,-0.699,-0.2,-0.67,-0.15,96.69,61.2,87.55,0.02,0.01,0.01,0,-0.15,0,0,-0.89,0.48,0.04
16.188,0,0.051,0.18,-0.03,-0.98,200.87,20.39,4.53,-0,0,0.01,3.85,0.15,0.46,-0.61,-0.35,0.08,0.95
16.19,6,0.744,-0.03,0.66,-0.08,317.8,78.73,-52.37,0.01,-0,0.01,3.74,0,0,-0.15,-0.99,-0.15,0.13
16.194,5,-0.231,0.04,-0.97,-0.08,196.92,26.97,171.5,0.17,0,-0.01,3.8,0,-0.31,-1.37,-0.61,0.11,-0.8
16.195,1,0.188,0.02,-0.01,0.98,172.32,-2.5,-0.34,0.02,0,0,3.85,-0.15,0,0.15,0.03,-0.01,1
16.217,2,-0.468,0.18,-0.83,0.24,240.53,43.85,-128.23,0.08,0,-0,3.87,0.15,0.31,0.76,-0.73,-0.57,-0.38
16.219,3,-0.444,0.06,-0.88,-0.16,190.51,53.18,157.03,0.08,-0,0.01,3.73,-0.46,-0.15,1.07,-0.85,0.23,-0.5
16.292,4,-0.319,0.16,-0.93,-0.02,215.72,36.99,-175.05,-0.02,-0.01,0,3.72,-0.31,-0.61,1.22,-0.59,-0.05,-0.81
16.294,7,-0.699,-0.2,-0.67,-0.15,96.69,61.17,87.52,0.02,-0,0.02,0,-0.15,0.15,0,-0.89,0.5,0.04
16.301,0,0.051,0.18,-0.03,-0.98,200.77,20.4,4.5,0,0,0.01,3.85,0,0.31,0.15,-0.35,0.08,0.94
16.303,6,0.744,-0.03,0.66,-0.08,317.93,78.75,-52.26,0.02,-0,0.01,3.74,0,0,0.46,-0.99,-0.15,0.14
16.309,5,-0.233,0.04,-0.97,-0.08,197,27.2,171.49,0.17,0.01,-0.01,3.8,-0.15,0,0.31,-0.6,0.11,-0.79
16.311,1,0.189,0.02,-0.01,0.98,172.26,-2.51,-0.39,0.02,-0,0,3.85,-0.15,0,0,0.02,-0.02,1
16.317,2,-0.469,0.18,-0.83,0.24,240.51,43.94,-128.22,0.08,0,0,3.87,-0.46,0,-0.46,-0.74,-0.58,-0.37
16.319,3,-0.445,0.06,-0.88,-0.16,190.53,53.26,157.04,0.08,-0,0.01,3.73,0,1.07,-0.15,-0.86,0.22,-0.5
16.384,4,-0.319,0.16,-0.93,-0.02,215.69,36.98,-175.1,-0.02,-0,0.01,3.72,-0.15,-0.15,-0.61,-0.6,-0.07,-0.8
16.386,7,-0.699,-0.2,-0.67,-0.15,96.68,61.14,87.45,0.02,-0,0.02,0,0,0.15,-0.31,-0.89,0.49,0.04
16.392,0,0.051,0.18,-0.03,-0.98,200.78,20.49,4.51,-0,0.01,0,3.85,0,0,0.46,-0.35,0.08,0.94
16.394,6,0.744,-0.03,0.66,-0.08,318.45,78.76,-51.61,0.01,0,0.01,3.74,-0.15,0,0,-0.99,-0.16,0.13
16.398,5,-0.233,0.04,-0.97,-0.08,197.02,27.24,171.48,0.15,0,-0.01,3.8,-0.15,0,-0.46,-0.59,0.11,-0.8
16.4,1,0.188,0.02,-0.01,0.98,172.38,-2.54,-0.36,0.02,0,0,3.85,0,0,0,0.03,-0.01,1
16.42,2,-0.47,0.18,-0.83,0.24,240.61,44.03,-128.11,0.08,-0.01,-0,3.87,0,0.15,-0.46,-0.73,-0.57,-0.38
16.421,3,-0.445,0.06,-0.88,-0.16,190.79,53.33,157.21,0.06,0,0.01,3.73,0.31,0.46,-0.92,-0.84,0.21,-0.5
16.498,4,-0.319,0.16,-0.93,-0.02,215.69,37.07,-175.14,-0.02,-0,-0,3.72,-0.31,0,-0.92,-0.6,-0.06,-0.8
16.5,7,-0.699,-0.21,-0.67,-0.15,96.64,61.11,87.51,0.02,0,0.01,0,0.31,0,0.46,-0.89,0.49,0.04
16.504,0,0.05,0.18,-0.03,-0.98,200.66,20.42,4.5,-0,0,0.01,3.85,0.15,0,-0.46,-0.35,0.07,0.94
16.506,6,0.744,-0.03,0.66,-0.08,318.19,78.82,-51.82,0.01,0,0,3.74,0,0,0,-0.98,-0.15,0.14
16.51,5,-0.233,0.04,-0.97,-0.08,197.16,27.28,171.52,0.15,0,-0.01,3.8,-0.31,0,0,-0.59,0.11,-0.8
16.511,1,0.188,0.02,-0.01,0.98,172.41,-2.52,-0.35,0.02,-0,0,3.85,-0.15,0.31,0,0.02,-0.02,1
16.53,2,-0.469,0.18,-0.83,0.24,240.47,43.94,-128.25,0.07,0,-0,3.87,-0.31,-0.61,-1.37,-0.73,-0.57,-0.38
16.532,3,-0.444,0.06,-0.88,-0.16,190.81,53.3,157.23,0.06,0.01,0,3.73,0,-0.31,-0.46,-0.84,0.21,-0.51
16.588,4,-0.319,0.17,-0.93,-0.02,215.95,36.95,-175.02,-0.02,-0,0.01,3.72,-0.31,0.31,-2.59,-0.6,-0.06,-0.81
16.589,7,-0.699,-0.2,-0.67,-0.15,96.69,61.13,87.54,0.02,-0,0.01,0,-0.46,0.15,0.31,-0.89,0.49,0.04
16.593,0,0.05,0.18,-0.03,-0.98,200.67,20.43,4.54,-0.01,-0,0.01,3.85,0,0.46,0,-0.34,0.07,0.94
16.594,6,0.744,-0.03,0.66,-0.08,318.11,78.85,-51.88,0.01,-0,0,3.74,0,-0.15,-0.31,-0.98,-0.15,0.13
16.598,5,-0.234,0.04,-0.97,-0.08,197.23,27.4,171.58,0.16,-0.01,-0.01,3.8,0.31,0,-1.37,-0.6,0.11,-0.8
16.599,1,0.188,0.02,-0.01,0.98,172.42,-2.5,-0.38,0.02,-0,0,3.85,0,0,0.31,0.03,-0.02,1
16.622,2,-0.468,0.18,-0.83,0.24,240.49,43.87,-128.29,0.08,0,0,3.87,-0.31,-0.31,-1.07,-0.73,-0.58,-0.37
16.623,3,-0.445,0.06,-0.88,-0.16,190.95,53.32,157.3,0.07,-0.01,0,3.73,0,0.31,1.07,-0.84,0.22,-0.5
16.682,4,-0.317,0.17,-0.93,-0.02,216.37,36.75,-174.81,-0.01,-0.01,0.01,3.72,-0.15,0.61,0,-0.6,-0.06,-0.81
16.684,7,-0.699,-0.2,-0.67,-0.15,96.78,61.16,87.55,0.02,-0,0.02,0,0.31,0,0,-0.89,0.49,0.04
16.688,0,0.05,0.18,-0.03,-0.98,200.66,20.61,4.54,-0,0,0.01,3.85,0,0.46,0.61,-0.36,0.08,0.94
16.69,6,0.744,-0.03,0.66,-0.08,318.41,78.84,-51.52,0.02,0,0.01,3.74,0.31,0,0,-0.99,-0.15,0.14
16.693,5,-0.235,0.04,-0.97,-0.08,197.13,27.46,171.54,0.17,0,-0.01,3.8,0.15,0.31,0,-0.6,0.11,-0.8
16.695,1,0.187,0.02,-0.01,0.98,172.53,-2.49,-0.36,0.02,-0,0,3.85,0.15,0,-0.15,0.02,-0.02,1
16.732,2,-0.469,0.18,-0.83,0.24,240.51,43.88,-128.23,0.09,0.01,0.02,3.87,0,0.76,0.76,-0.74,-0.59,-0.38
16.734,3,-0.444,0.06,-0.88,-0.16,190.86,53.26,157.24,0.08,-0.02,0.01,3.73,0,3.51,-0.15,-0.85,0.24,-0.5
16.789,4,-0.316,0.17,-0.93,-0.02,216.33,36.66,-174.92,-0,0.01,-0,3.72,0,0,0.76,-0.59,-0.08,-0.8
16.79,7,-0.7,-0.2,-0.67,-0.15,96.68,61.19,87.38,0.02,0,0.02,0,0.15,0,-0.46,-0.89,0.49,0.04
16.794,0,0.051,0.18,-0.03,-0.98,200.79,20.62,4.61,0,0.01,0.01,3.85,0,0.46,0,-0.35,0.08,0.94
16.796,6,0.744,-0.03,0.66,-0.08,318.33,78.81,-51.6,0.01,0,0.01,3.74,0,0.15,0.15,-0.98,-0.15,0.13
16.799,5,-0.235,0.04,-0.97,-0.08,197.21,27.56,171.63,0.16,0,0,3.8,0.15,0,0,-0.6,0.11,-0.8
16.801,1,0.186,0.02,-0.01,0.98,172.65,-2.39,-0.37,0.02,-0,0,3.85,0,0,0,0.03,-0.02,1
16.825,2,-0.469,0.18,-0.83,0.24,240.5,43.98,-128.14,0.09,0.01,0.01,3.87,0.15,0.76,0.92,-0.74,-0.58,-0.37
16.826,3,-0.444,0.06,-0.88,-0.16,190.87,53.27,157.29,0.08,-0.02,0.02,3.73,-0.46,-0.15,1.37,-0.86,0.23,-0.5
16.882,4,-0.317,0.17,-0.93,-0.02,216.26,36.73,-174.96,-0.01,0,0,3.72,0,-0.61,1.22,-0.59,-0.07,-0.8
16.884,7,-0.699,-0.2,-0.67,-0.15,96.71,61.15,87.53,0.02,-0,0.02,0,-0.15,0,-0.15,-0.89,0.5,0.04
16.888,0,0.05,0.18,-0.03,-0.98,200.78,20.67,4.62,0,0,0,3.85,-0.31,0,-0.15,-0.36,0.08,0.93
16.89,6,0.744,-0.03,0.66,-0.08,318.24,78.81,-51.66,0.01,0.01,0,3.74,-0.15,-0.15,0,-0.98,-0.16,0.13
16.894,5,-0.236,0.04,-0.97,-0.08,197.05,27.65,171.57,0.15,0,-0.01,3.8,-0.31,0.15,0.61,-0.59,0.11,-0.8
16.895,1,0.186,0.02,-0.01,0.98,172.62,-2.45,-0.37,0.02,-0,0,3.85,0.15,0,0.31,0.03,-0.02,1
16.924,2,-0.47,0.18,-0.83,0.24,240.34,44.11,-128.15,0.07,-0.01,-0.01,3.87,0.15,-0.61,-0.31,-0.73,-0.56,-0.38
16.925,3,-0.444,0.06,-0.88,-0.16,190.95,53.31,157.29,0.05,0.01,0,3.73,-0.31,0.46,-1.68,-0.84,0.21,-0.52
16.998,4,-0.318,0.17,-0.93,-0.02,216.17,36.84,-175,-0,-0,0,3.72,-0.46,0.46,-0.15,-0.6,-0.07,-0.8
16.999,7,-0.7,-0.2,-0.67,-0.15,96.64,61.22,87.34,0.02,-0,0.02,0,-0.15,0,0.61,-0.89,0.49,0.04
17.004,0,0.051,0.18,-0.03,-0.98,200.81,20.71,4.61,-0.01,0,0,3.85,0,-0.15,0.31,-0.35,0.08,0.94
17.005,6,0.744,-0.03,0.66,-0.08,318.21,78.76,-51.83,0.02,0,0.01,3.74,-0.15,-0.31,0,-0.98,-0.15,0.14
17.009,5,-0.237,0.04,-0.97,-0.08,197.15,27.76,171.57,0.15,-0.01,-0.01,3.8,-0.46,0.31,-0.15,-0.6,0.11,-0.8
17.011,1,0.186,0.02,-0.01,0.98,172.64,-2.49,-0.35,0.02,0,-0,3.85,0,-0.46,0,0.02,-0.01,0.99
17.032,2,-0.471,0.18,-0.83,0.24,240.47,44.2,-128.02,0.06,-0.01,-0.01,3.87,0.46,0,-0.92,-0.73,-0.56,-0.38
17.034,3,-0.443,0.06,-0.88,-0.16,191,53.18,157.29,0.06,-0.02,0.01,3.73,-0.76,0,-3.51,-0.85,0.24,-0.51
17.09,4,-0.318,0.17,-0.93,-0.02,216.06,36.84,-175.14,-0.04,-0.01,-0,3.72,-0.92,0.46,0,-0.57,-0.06,-0.82
17.091,7,-0.7,-0.2,-0.67,-0.15,96.59,61.21,87.28,0.02,0,0.01,0,0.31,-0.15,0,-0.89,0.49,0.04
17.095,0,0.05,0.18,-0.03,-0.98,200.75,20.7,4.59,-0.01,-0,0.01,3.85,0.31,0,1.07,-0.35,0.07,0.94
17.096,6,0.744,-0.03,0.66,-0.08,318.45,78.81,-51.47,0.01,-0,0,3.74,0.31,0.31,-0.15,-0.98,-0.15,0.13
17.101,5,-0.239,0.04,-0.97,-0.08,197.11,27.91,171.6,0.16,0.01,-0.01,3.8,1.53,-0.76,5.19,-0.61,0.11,-0.79
17.103,1,0.187,0.02,-0.01,0.98,172.54,-2.51,-0.37,0.02,0,-0,3.85,-0.31,0,0,0.03,-0.02,1
17.126,2,-0.47,0.18,-0.83,0.24,240.66,44.03,-127.88,0.08,0.01,0.01,3.87,-1.37,1.83,-3.51,-0.74,-0.58,-0.37
17.127,3,-0.443,0.06,-0.88,-0.16,191.01,53.18,157.31,0.06,-0.01,0.02,3.73,0.46,0.76,-0.76,-0.85,0.22,-0.51
17.192,4,-0.317,0.17,-0.93,-0.02,215.78,36.74,-175.37,-0.02,0.01,-0.01,3.72,0,-0.15,4.58,-0.59,-0.07,-0.8
17.193,7,-0.7,-0.2,-0.67,-0.15,96.55,61.16,87.29,0.02,0,0.01,0,0.15,0,-0.61,-0.89,0.49,0.04
17.197,0,0.05,0.18,-0.03,-0.98,200.77,20.62,4.6,0,0,0.01,3.85,-0.15,0.92,0.61,-0.36,0.08,0.94
17.198,6,0.744,-0.03,0.66,-0.08,318.31,78.84,-51.51,0.01,0.01,0.01,3.74,0,-0.15,0.46,-0.99,-0.16,0.13
17.204,5,-0.24,0.04,-0.97,-0.08,196.68,28,171.55,0.14,0.02,0,3.8,0.46,0.61,6.41,-0.59,0.1,-0.8
17.207,1,0.187,0.02,-0.01,0.98,172.55,-2.49,-0.37,0.02,-0,0,3.85,0,-0.15,0,0.03,-0.02,1
17.226,2,-0.47,0.18,-0.83,0.24,240.52,43.99,-127.82,0.06,-0.02,-0.02,3.87,4.12,-0.31,-1.53,-0.72,-0.54,-0.39
17.227,3,-0.443,0.07,-0.88,-0.16,191.31,53.18,157.49,0.07,-0,0,3.73,-0.46,0,-0.92,-0.84,0.21,-0.51
17.306,4,-0.315,0.17,-0.93,-0.02,215.66,36.64,-175.79,-0.05,-0.02,0.01,3.72,-3.51,2.9,-0.92,-0.56,-0.02,-0.84
17.307,7,-0.7,-0.2,-0.67,-0.15,96.51,61.16,87.28,0.02,0,0.02,0,-0.15,0.15,0.15,-0.89,0.49,0.04
17.313,0,0.05,0.18,-0.03,-0.98,200.78,20.71,4.63,-0.01,-0.01,0,3.85,0,0.15,-1.07,-0.35,0.06,0.94
17.314,6,0.745,-0.03,0.66,-0.08,318.71,78.8,-51.09,0.01,0,0.01,3.74,-0.15,0,0.31,-0.98,-0.15,0.14
17.322,5,-0.239,0.04,-0.97,-0.08,196.37,27.9,171.4,0.14,-0.01,-0.01,3.8,0,0.31,-1.37,-0.59,0.13,-0.8
17.324,1,0.186,0.02,-0.01,0.98,172.64,-2.38,-0.42,0.02,-0,-0,3.85,0,-0.15,0,0.03,-0.02,1
17.329,2,-0.469,0.18,-0.83,0.24,240.48,43.85,-127.78,0.07,0.01,0.01,3.87,-2.59,-0.31,3.05,-0.72,-0.58,-0.38
17.331,3,-0.444,0.07,-0.88,-0.16,191.24,53.29,157.43,0.07,-0,0.01,3.73,0,0,-0.15,-0.85,0.21,-0.5
17.398,4,-0.315,0.17,-0.93,-0.02,215.76,36.62,-175.53,-0.01,-0,0,3.72,3.2,-1.22,-1.22,-0.59,-0.05,-0.8
17.399,7,-0.699,-0.2,-0.67,-0.15,96.72,61.12,87.54,0.02,-0.01,0.02,0,-0.31,0,-0.46,-0.89,0.49,0.04
17.404,0,0.05,0.18,-0.03,-0.98,200.74,20.84,4.6,-0,-0,0.01,3.85,-0.15,0.61,0,-0.36,0.08,0.95
17.406,6,0.745,-0.03,0.66,-0.08,319.14,78.73,-50.66,0.01,0,0,3.74,-0.15,0,-0.15,-0.98,-0.15,0.13
17.409,5,-0.239,0.04,-0.97,-0.08,196.47,27.94,171.4,0.15,0,-0.01,3.8,0,0.31,-2.29,-0.6,0.11,-0.8
17.411,1,0.187,0.02,-0.01,0.98,172.5,-2.29,-0.52,0.01,-0,0.01,3.85,0.15,-0.31,0,0.03,-0.01,1
17.432,2,-0.47,0.18,-0.83,0.24,240.47,44.01,-127.92,0.08,-0,0.01,3.87,0.76,1.37,1.68,-0.74,-0.57,-0.38
17.434,3,-0.443,0.07,-0.88,-0.16,191.45,53.16,157.65,0.04,0,-0.01,3.73,4.12,1.98,4.88,-0.82,0.21,-0.52
17.492,4,-0.316,0.17,-0.93,-0.02,215.66,36.68,-175.67,-0,0.01,-0,3.72,-1.22,-0.31,1.98,-0.59,-0.07,-0.8
17.493,7,-0.7,-0.2,-0.67,-0.15,96.59,61.1,87.37,0.02,-0,0.02,0,-0.31,0.15,0.92,-0.89,0.5,0.04
17.497,0,0.05,0.18,-0.03,-0.98,200.77,20.85,4.62,-0,0.01,0.01,3.85,0.15,0.15,1.07,-0.35,0.08,0.94
17.498,6,0.745,-0.03,0.66,-0.08,318.97,78.76,-50.87,0.02,0,0.01,3.74,-0.31,-0.15,0,-0.98,-0.15,0.14
17.504,5,-0.24,0.04,-0.97,-0.08,196.78,28.05,171.54,0.13,0,-0.01,3.8,-0.31,-0.15,-0.76,-0.58,0.12,-0.8
17.505,1,0.187,0.02,-0.01,0.98,172.51,-2.29,-0.55,0.02,0.01,-0,3.85,-0.15,-0.31,-0.15,0.02,-0.01,1
17.53,2,-0.47,0.18,-0.83,0.24,240.5,44.05,-127.75,0.07,-0,-0,3.87,-0.46,-1.37,-0.76,-0.72,-0.57,-0.38
17.532,3,-0.442,0.06,-0.88,-0.16,190.37,52.91,157.02,0.07,-0,0.02,3.73,-1.07,0.15,-3.97,-0.85,0.22,-0.51
17.607,4,-0.315,0.17,-0.93,-0.02,215.69,36.57,-175.68,-0.01,-0.01,-0,3.72,-0.15,0.92,-0.61,-0.59,-0.04,-0.81
17.608,7,-0.7,-0.2,-0.67,-0.15,96.64,61.09,87.36,0.02,-0,0.02,0,0.46,-0.15,0.76,-0.88,0.5,0.04
17.612,0,0.049,0.18,-0.03,-0.98,200.64,20.93,4.58,-0.01,0.01,0.01,3.85,0.31,0,0,-0.35,0.08,0.94
17.613,6,0.745,-0.03,0.66,-0.08,318.71,78.71,-51.21,0.01,-0.01,0,3.74,0.46,0.46,-0.15,-0.98,-0.14,0.13
17.617,5,-0.24,0.04,-0.97,-0.08,196.4,28.07,171.35,0.14,0.01,-0.01,3.8,-0.92,-0.46,6.56,-0.58,0.1,-0.8
17.619,1,0.188,0.02,-0.01,0.98,172.35,-2.36,-0.57,0.01,-0.01,0,3.85,0,-0.76,-0.46,0.03,-0.02,1
17.64,2,-0.472,0.18,-0.83,0.24,240.6,44.23,-127.61,0.06,-0.01,-0.02,3.87,1.53,-1.53,1.83,-0.72,-0.55,-0.38
17.641,3,-0.443,0.06,-0.88,-0.16,190.54,52.99,157.1,0.06,0.01,0.01,3.73,0.61,-0.15,0,-0.84,0.21,-0.51
17.698,4,-0.315,0.17,-0.93,-0.02,215.74,36.58,-175.78,-0.01,-0.01,-0,3.72,-2.75,1.68,0,-0.59,-0.05,-0.8
17.699,7,-0.7,-0.2,-0.67,-0.15,96.66,61.12,87.39,0.02,0,0.01,0,0.15,0,-0.46,-0.89,0.49,0.04
17.705,0,0.049,0.18,-0.03,-0.98,200.66,20.93,4.61,-0,0.01,0.02,3.85,-0.61,0.15,0,-0.36,0.08,0.95
17.707,6,0.745,-0.03,0.66,-0.08,318.68,78.7,-51.24,0.01,-0,0,3.74,0.31,0,-0.76,-0.98,-0.15,0.13
17.712,5,-0.24,0.03,-0.97,-0.08,195.27,28,170.5,0.14,0.01,-0.01,3.8,-3.97,1.22,20.14,-0.58,0.13,-0.8
17.713,1,0.189,0.02,-0.01,0.98,172.28,-2.42,-0.56,0.01,-0,0,3.85,0.31,-0.15,0,0.03,-0.02,1.01
17.732,2,-0.474,0.17,-0.83,0.24,240.51,44.55,-127.37,0.13,0,0.04,3.87,1.53,2.44,4.43,-0.79,-0.6,-0.34
17.733,3,-0.444,0.06,-0.88,-0.16,190.88,53.17,157.39,0.06,0.01,0,3.73,-1.37,0.61,-4.58,-0.83,0.2,-0.51
17.8,4,-0.314,0.16,-0.94,-0.03,214.47,36.63,-176.92,0,-0.03,0.02,3.72,-3.66,-3.81,22.13,-0.61,-0.01,-0.81
17.802,7,-0.7,-0.21,-0.67,-0.15,96.37,61.1,87.24,0.01,0.01,0.01,0,0,0,-0.15,-0.89,0.48,0.04
17.807,0,0.049,0.18,-0.03,-0.98,200.67,20.87,4.62,0.01,0,0,3.85,0.92,-0.61,-1.98,-0.36,0.07,0.94
17.808,6,0.745,-0.03,0.66,-0.08,318.61,78.63,-51.27,0.01,0.01,0.01,3.74,-0.15,-0.31,0.31,-0.98,-0.16,0.13
17.812,5,-0.24,0.03,-0.97,-0.09,194.77,27.95,170.12,0.15,-0,-0.01,3.8,-0.15,-0.15,-0.31,-0.58,0.14,-0.79
17.814,1,0.188,0.02,-0.01,0.98,172.35,-2.4,-0.52,0.01,0,0.01,3.85,0,0.15,0.31,0.04,-0.01,1
17.834,2,-0.473,0.17,-0.83,0.24,239.68,44.79,-127.87,0.04,0.02,-0.02,3.87,-1.07,0.76,2.9,-0.7,-0.57,-0.39
17.836,3,-0.444,0.07,-0.88,-0.16,191.28,53.31,157.59,0.05,0.01,0.01,3.73,0.31,0.15,-1.98,-0.83,0.2,-0.52
17.898,4,-0.317,0.15,-0.94,-0.04,213.18,37.11,-177.88,-0.05,-0.01,-0.02,3.72,0.31,-0.61,1.83,-0.55,-0,-0.81
17.899,7,-0.7,-0.21,-0.67,-0.15,96.28,61.09,87.17,0.02,0.01,0.02,0,-0.31,0.15,0,-0.89,0.48,0.04
17.903,0,0.048,0.18,-0.03,-0.98,200.45,20.8,4.65,-0.01,0,0.01,3.85,0.31,-0.61,-2.59,-0.35,0.07,0.95
17.905,6,0.745,-0.03,0.66,-0.08,319.05,78.65,-50.76,0.01,0,0,3.74,-0.46,-0.31,0.76,-0.98,-0.15,0.14
17.909,5,-0.24,0.03,-0.97,-0.09,194.85,27.96,170.04,0.15,0.01,-0,3.8,-0.31,-0.46,-5.19,-0.6,0.13,-0.8
17.911,1,0.188,0.02,-0.01,0.98,172.44,-2.33,-0.56,0.01,0,0,3.85,-0.31,0,0.61,0.03,-0.01,1
17.932,2,-0.473,0.17,-0.83,0.24,239.71,44.75,-127.97,0.06,-0.01,0.01,3.87,-1.22,-0.76,-4.12,-0.74,-0.57,-0.39
17.933,3,-0.445,0.07,-0.88,-0.16,191.4,53.43,157.69,0.06,0.01,0,3.73,0.46,0,0.46,-0.84,0.2,-0.51
18.003,4,-0.315,0.15,-0.94,-0.03,213.62,36.82,-177.54,-0.03,0,0.01,3.72,0.76,1.22,-6.87,-0.58,-0.03,-0.82
18.005,7,-0.7,-0.21,-0.67,-0.15,96.24,61.02,87.14,0.02,-0.01,0.02,0,-0.15,0.15,0.31,-0.89,0.5,0.04
18.009,0,0.046,0.18,-0.03,-0.98,200.26,20.73,4.55,-0.01,-0,0.02,3.85,0.31,0.31,1.83,-0.35,0.08,0.95
18.011,6,0.746,-0.03,0.66,-0.08,319.42,78.68,-50.45,0.01,-0.01,0,3.74,0,0,0.15,-0.98,-0.14,0.14
18.014,5,-0.241,0.03,-0.97,-0.08,195.13,28.12,170.22,0.15,-0,-0.01,3.8,0.61,0.76,0.61,-0.6,0.14,-0.79
18.016,1,0.186,0.02,-0.01,0.98,172.63,-2.37,-0.52,0.01,0,0,3.85,-0.15,0.15,0,0.03,-0.01,1
18.037,2,-0.473,0.17,-0.83,0.24,240.17,44.6,-127.78,0.06,-0.01,-0,3.87,-0.92,-2.29,-3.51,-0.73,-0.56,-0.38
18.038,3,-0.446,0.06,-0.88,-0.16,191.06,53.46,157.51,0.06,-0,0,3.73,0,0,2.29,-0.84,0.22,-0.51
18.108,4,-0.314,0.16,-0.94,-0.03,214.29,36.64,-177.05,-0.02,-0.01,-0.01,3.72,0.61,0.92,-2.59,-0.58,-0.02,-0.8
18.109,7,-0.701,-0.21,-0.67,-0.15,96.2,60.97,87.08,0.01,0,0.02,0,0.46,-0.15,-0.15,-0.9,0.49,0.04
18.113,0,0.049,0.18,-0.03,-0.98,200.62,20.71,4.76,-0.01,0.02,0,3.85,0.15,0.31,1.98,-0.34,0.1,0.94
18.114,6,0.745,-0.03,0.66,-0.08,319.23,78.73,-50.6,0.01,0.01,0.01,3.74,0,-0.15,0,-0.98,-0.16,0.14
18.118,5,-0.242,0.03,-0.97,-0.08,195.12,28.17,170.25,0.13,0.01,-0.02,3.8,0.46,0.15,-1.07,-0.59,0.12,-0.8
18.119,1,0.187,0.02,-0.01,0.98,172.56,-2.45,-0.54,0.02,-0,0,3.85,0.15,-0.15,0,0.03,-0.02,1
18.142,2,-0.472,0.17,-0.83,0.24,240.16,44.37,-127.82,0.07,-0,-0,3.87,0.61,2.14,-0.46,-0.73,-0.57,-0.37
18.143,3,-0.446,0.06,-0.88,-0.16,190.88,53.44,157.41,0.05,-0,-0.01,3.73,0.92,-0.46,4.27,-0.83,0.22,-0.51
18.206,4,-0.314,0.16,-0.94,-0.03,213.85,36.74,-177.31,0,0,0,3.72,0,-0.15,1.83,-0.6,-0.05,-0.8
18.208,7,-0.701,-0.21,-0.67,-0.15,96.12,61.02,86.97,0.01,0.01,0.02,0,0,0.31,-0.31,-0.89,0.49,0.04
18.213,0,0.051,0.18,-0.03,-0.98,200.88,20.78,4.93,0,0.02,0.01,3.85,-0.46,0.31,-0.31,-0.36,0.09,0.94
18.215,6,0.745,-0.03,0.66,-0.08,318.97,78.75,-50.89,0,0,0,3.74,-0.61,-0.31,-0.61,-0.98,-0.15,0.13
18.219,5,-0.242,0.03,-0.97,-0.08,195.14,28.26,170.3,0.15,0.01,-0.01,3.8,1.07,0.61,-0.61,-0.6,0.12,-0.8
18.221,1,0.186,0.02,-0.01,0.98,172.64,-2.39,-0.55,0.01,0,-0,3.85,0,-0.76,0.46,0.03,-0.02,1
18.239,2,-0.471,0.17,-0.83,0.24,240.09,44.37,-127.81,0.07,-0.02,-0.01,3.87,0.15,-0.31,0.31,-0.74,-0.55,-0.38
18.241,3,-0.446,0.06,-0.88,-0.16,190.57,53.39,157.23,0.07,0,0.02,3.73,0.31,-1.83,3.2,-0.86,0.22,-0.5
18.31,4,-0.315,0.16,-0.94,-0.03,213.81,36.79,-177.26,-0.01,-0.02,0,3.72,0.46,-0.31,1.07,-0.6,-0.02,-0.81
18.311,7,-0.701,-0.2,-0.67,-0.15,96.31,61.11,87.07,0.02,0,0.03,0,0.31,0.31,-0.46,-0.89,0.49,0.04
18.316,0,0.051,0.18,-0.03,-0.98,200.84,20.8,4.87,-0,0,0,3.85,-0.61,0.15,-0.76,-0.36,0.08,0.93
18.318,6,0.745,-0.03,0.66,-0.08,318.95,78.64,-51.08,0.01,-0,0,3.74,0.31,0.46,-0.76,-0.98,-0.15,0.13
18.326,5,-0.243,0.03,-0.97,-0.08,195,28.28,170.33,0.13,0,-0.01,3.8,0,0.15,0.61,-0.58,0.13,-0.81
18.328,1,0.187,0.02,-0.01,0.98,172.56,-2.48,-0.55,0.01,0,0,3.85,-0.15,-0.15,0.46,0.03,-0.01,1
18.342,2,-0.472,0.17,-0.83,0.24,240,44.46,-127.77,0.08,0.01,0.01,3.87,1.07,-0.31,0.92,-0.74,-0.58,-0.37
18.344,3,-0.447,0.06,-0.88,-0.16,190.27,53.54,157.14,0.07,0.01,0,3.73,0.61,0,3.36,-0.85,0.21,-0.5
18.411,4,-0.314,0.15,-0.94,-0.03,213.7,36.76,-177.39,-0.01,0,0,3.72,0,-0.31,0.92,-0.6,-0.04,-0.81
18.412,7,-0.7,-0.2,-0.67,-0.15,96.43,61.12,87.18,0.01,0,0.01,0,0,0.31,0.31,-0.89,0.49,0.03
18.419,0,0.048,0.18,-0.03,-0.98,200.55,20.99,4.65,0.01,-0,0,3.85,-1.68,1.37,-3.97,-0.36,0.07,0.93
18.421,6,0.745,-0.03,0.66,-0.08,318.42,78.69,-51.64,0.01,0.01,0,3.74,0,-0.15,0.61,-0.98,-0.16,0.13
18.426,5,-0.242,0.03,-0.97,-0.08,194.78,28.15,170.24,0.14,-0.01,-0,3.8,-1.22,1.83,0.92,-0.59,0.13,-0.8
18.428,1,0.186,0.02,-0.01,0.98,172.62,-2.62,-0.56,0.01,0,0,3.85,-1.07,-0.15,0,0.03,-0.01,1
18.445,2,-0.474,0.17,-0.83,0.24,239.95,44.79,-127.66,0.08,0,0.01,3.87,2.29,0.46,5.65,-0.75,-0.58,-0.37
18.447,3,-0.448,0.06,-0.88,-0.16,190.17,53.58,157.07,0.05,-0.01,0.02,3.73,0,0,0,-0.85,0.23,-0.51
18.515,4,-0.316,0.15,-0.94,-0.03,213.52,37.03,-177.51,-0.02,0.03,0,3.72,-0.46,-2.75,-1.37,-0.58,-0.07,-0.82
18.517,7,-0.7,-0.2,-0.67,-0.15,96.55,61.07,87.27,0.02,-0,0.02,0,-0.15,-0.15,0.76,-0.89,0.5,0.04
18.523,0,0.045,0.18,-0.03,-0.98,200.15,21.11,4.36,0.01,0.01,0.02,3.85,-1.98,2.14,-6.87,-0.36,0.06,0.94
18.525,6,0.745,-0.03,0.66,-0.08,318.92,78.68,-51.17,0.01,0,0,3.74,-0.46,-0.61,0.61,-0.98,-0.16,0.13
18.531,5,-0.241,0.03,-0.97,-0.08,194.99,28.06,170.4,0.16,0.01,0.01,3.8,0.31,0,-5.04,-0.62,0.12,-0.81
18.532,1,0.187,0.02,-0.01,0.98,172.53,-2.72,-0.67,0.02,0.01,-0.01,3.85,-0.61,0.15,0.15,0.03,-0.01,0.98
18.54,2,-0.476,0.16,-0.83,0.24,239.04,45.48,-127.89,0.02,0,-0.03,3.87,1.68,0.46,3.97,-0.7,-0.53,-0.4
18.542,3,-0.448,0.06,-0.88,-0.16,189.94,53.67,156.83,0.05,-0,-0,3.73,0.61,-1.22,3.05,-0.82,0.22,-0.51
18.621,4,-0.318,0.15,-0.94,-0.04,212.81,37.31,-178.08,-0.03,-0,-0.01,3.72,1.07,-0.15,-0.31,-0.58,-0.02,-0.8
18.623,7,-0.7,-0.21,-0.67,-0.15,96.34,60.96,87.07,0.02,-0.01,0.03,0,-0.76,0,1.22,-0.88,0.51,0.04
18.627,0,0.043,0.19,-0.02,-0.98,199.8,21.29,3.99,-0.01,0,-0,3.85,-1.07,-0.92,-0.46,-0.35,0.06,0.94
18.628,6,0.745,-0.03,0.66,-0.08,319.4,78.73,-50.73,0.01,-0.02,0,3.74,-0.46,0,1.22,-0.98,-0.14,0.13
18.632,5,-0.243,0.03,-0.97,-0.08,194.95,28.29,170.48,0.13,-0,-0.01,3.8,0.76,-0.61,-0.31,-0.58,0.14,-0.8
18.633,1,0.188,0.02,-0.01,0.98,172.42,-2.77,-0.77,0.02,-0.01,0,3.85,-0.15,-0.92,-0.46,0.04,-0.03,1
18.654,2,-0.476,0.16,-0.83,0.24,239.13,45.44,-127.74,0.06,-0.01,-0.01,3.87,-0.61,-0.31,-4.43,-0.75,-0.55,-0.37
18.656,3,-0.451,0.05,-0.88,-0.17,188.26,53.81,155.4,0.06,-0.03,-0.01,3.73,0.61,-3.81,5.95,-0.83,0.24,-0.48
18.713,4,-0.317,0.15,-0.94,-0.03,212.72,37.19,-177.93,-0.02,-0.01,-0,3.72,1.68,0.31,0.76,-0.59,-0.02,-0.8
18.714,7,-0.7,-0.2,-0.67,-0.15,96.6,60.99,87.13,0.01,-0.01,0.02,0,-0.61,0.31,-1.22,-0.89,0.5,0.03
18.718,0,0.043,0.18,-0.02,-0.98,199.86,21.06,3.97,-0,0,0,3.85,0.31,-3.2,0.46,-0.35,0.06,0.94
18.719,6,0.746,-0.03,0.66,-0.08,320.05,78.72,-50.18,0.02,0,0.01,3.74,-0.46,-0.31,-0.46,-0.99,-0.15,0.15
18.724,5,-0.245,0.03,-0.97,-0.08,195.16,28.5,170.71,0.13,0.01,-0.01,3.8,0.92,-0.46,-0.15,-0.59,0.12,-0.79
18.725,1,0.188,0.02,-0.01,0.98,172.4,-3,-0.71,0.01,0.02,0.01,3.85,0.76,-2.44,-0.15,0.04,-0,1.01
18.747,2,-0.475,0.16,-0.83,0.24,239.32,45.15,-127.73,0.08,0,0,3.87,0.15,0.15,-0.61,-0.75,-0.56,-0.37
18.749,3,-0.454,0.05,-0.87,-0.17,187.24,54.01,154.32,0.1,-0.06,0.03,3.73,-6.71,-1.22,-22.89,-0.89,0.28,-0.45
18.802,4,-0.317,0.15,-0.94,-0.03,212.62,37.17,-177.95,-0,0,0.01,3.72,0.46,0.31,0.46,-0.61,-0.04,-0.8
18.803,7,-0.7,-0.2,-0.67,-0.15,96.61,61.1,87.1,0.01,0,0.01,0,1.53,-0.61,0.31,-0.89,0.49,0.04
18.809,0,0.043,0.18,-0.02,-0.98,199.75,20.84,3.93,0,0,-0.01,3.85,-0.15,-2.75,-0.92,-0.35,0.06,0.93
18.81,6,0.745,-0.03,0.66,-0.08,319.53,78.74,-50.61,0.01,0,-0,3.74,1.37,0.76,-0.61,-0.98,-0.16,0.14
18.814,2,-0.475,0.16,-0.83,0.24,239.58,45.01,-127.55,0.06,-0,0,3.87,-0.15,-1.22,-1.07,-0.74,-0.56,-0.38
18.815,1,0.188,0.03,-0.01,0.98,172.43,-3.05,-0.61,0.02,0,-0.01,3.85,0,-1.07,-0.61,0.04,-0.02,0.99
18.842,5,-0.244,0.03,-0.97,-0.08,195,28.47,170.72,0.09,0.03,-0.02,3.8,0.31,1.53,5.04,-0.54,0.12,-0.81
18.844,3,-0.454,0.06,-0.87,-0.17,188.8,54.29,155.31,0.03,-0.03,0.03,3.73,-1.22,5.49,-10.99,-0.85,0.26,-0.52
18.915,4,-0.316,0.15,-0.94,-0.03,212.73,37.02,-177.79,-0.02,-0.02,0.01,3.72,0.46,0.61,-1.22,-0.6,-0.01,-0.81
18.916,7,-0.7,-0.2,-0.67,-0.15,96.51,61.12,87.19,0.01,0.01,0.02,0,0,-0.15,0.15,-0.89,0.49,0.04
18.922,0,0.042,0.18,-0.02,-0.98,199.6,20.74,3.81,-0,-0.02,0.01,3.85,-0.92,-1.07,-0.61,-0.35,0.05,0.94
18.924,6,0.746,-0.03,0.66,-0.08,319.63,78.67,-50.49,-0,0,0,3.74,-0.15,-0.15,-0.15,-0.98,-0.15,0.13
18.928,5,-0.243,0.03,-0.97,-0.08,194.81,28.27,170.56,0.14,-0.01,-0.01,3.8,-1.83,1.53,5.34,-0.58,0.14,-0.81
18.929,1,0.188,0.03,-0.01,0.98,172.36,-3.26,-0.62,0.02,-0.01,0,3.85,0.31,-1.07,-0.61,0.05,-0.03,1
18.949,2,-0.474,0.17,-0.83,0.24,239.73,44.9,-127.41,0.07,0,-0,3.87,-1.37,0,-1.98,-0.74,-0.56,-0.37
18.95,3,-0.453,0.06,-0.87,-0.17,190.01,54.32,156.42,0.02,0.03,-0.03,3.73,-0.46,-0.31,3.2,-0.81,0.2,-0.51
19.007,4,-0.316,0.15,-0.94,-0.03,212.97,36.97,-177.52,-0.01,0.02,-0,3.72,1.07,0.15,-1.22,-0.58,-0.05,-0.81
19.008,7,-0.7,-0.2,-0.67,-0.15,96.55,61.17,87.06,0.02,-0.01,0.02,0,-0.61,-0.76,-0.61,-0.89,0.5,0.04
19.012,0,0.041,0.18,-0.02,-0.98,199.53,20.6,3.7,-0.01,-0,0.02,3.85,1.07,-0.46,-1.98,-0.36,0.06,0.95
19.013,6,0.746,-0.03,0.66,-0.08,320.07,78.61,-50.14,0.01,-0.01,0.02,3.74,0.31,-0.61,0.61,-0.98,-0.15,0.14
19.017,5,-0.244,0.03,-0.97,-0.08,195.12,28.39,170.69,0.21,0,0.01,3.8,-0.61,-2.14,-4.73,-0.65,0.12,-0.78
19.018,1,0.189,0.03,-0.01,0.98,172.24,-3.47,-0.55,0.02,0.01,-0.03,3.85,0.15,0.15,-0.31,0.04,-0.01,0.97
19.045,2,-0.475,0.17,-0.83,0.24,240.03,44.8,-127.24,0.08,-0.03,-0.02,3.87,0,-0.46,-1.98,-0.75,-0.54,-0.36
19.047,3,-0.453,0.06,-0.87,-0.17,188.97,54.18,155.58,0.08,-0.02,0,3.73,2.14,0.15,6.26,-0.86,0.24,-0.49
19.125,4,-0.317,0.15,-0.94,-0.03,213.17,37.01,-177.29,0,-0.05,0.01,3.72,3.36,1.68,-0.31,-0.63,0.01,-0.8
19.126,7,-0.7,-0.2,-0.67,-0.15,96.41,61.08,87.07,0.03,-0.01,0.03,0,0.46,-0.61,-1.22,-0.89,0.5,0.06
19.13,0,0.04,0.18,-0.02,-0.98,199.35,20.57,3.79,0,-0,0,3.85,1.83,-0.76,1.37,-0.35,0.06,0.94
19.131,6,0.747,-0.03,0.66,-0.08,320.43,78.61,-49.68,0.02,0,0.01,3.74,0.61,0.31,1.07,-0.98,-0.15,0.15
19.135,5,-0.247,0.03,-0.97,-0.08,195.66,28.84,170.84,0.13,0,0,3.8,-0.46,-3.51,-4.88,-0.6,0.12,-0.81
19.137,1,0.189,0.03,-0.01,0.98,172.25,-3.68,-0.43,0.03,0,-0.02,3.85,0,-0.61,-1.07,0.04,-0.01,0.98
19.157,2,-0.474,0.17,-0.83,0.25,240.26,44.52,-127.14,0.05,0,0,3.87,-0.61,-0.61,-9,-0.72,-0.58,-0.38
19.158,3,-0.453,0.06,-0.87,-0.17,188.77,54.14,155.53,0.04,0.02,-0,3.73,0.15,0.15,3.66,-0.84,0.22,-0.51
19.222,4,-0.315,0.15,-0.94,-0.03,213.48,36.78,-176.87,-0.01,0.05,-0,3.72,0.46,2.44,2.29,-0.57,-0.08,-0.81
19.224,7,-0.701,-0.2,-0.67,-0.15,96.38,61.11,86.99,0.01,-0.01,0.01,0,-0.76,0.46,-0.15,-0.88,0.49,0.04
19.228,0,0.041,0.18,-0.03,-0.98,199.59,20.45,4.09,0.04,0,0.03,3.85,-0.15,-0.61,-3.36,-0.35,0.08,0.93
19.229,6,0.747,-0.03,0.66,-0.08,320.08,78.58,-49.99,-0.01,0.01,-0,3.74,0,0,-0.46,-0.98,-0.16,0.12
19.233,5,-0.248,0.03,-0.96,-0.08,195.81,28.99,170.91,0.12,-0.01,-0,3.8,-1.22,0.31,3.97,-0.59,0.13,-0.8
19.235,1,0.189,0.03,-0.01,0.98,172.32,-3.73,-0.45,0.01,-0,-0,3.85,-0.15,-1.07,1.53,0.06,-0.02,1
19.254,2,-0.472,0.18,-0.83,0.25,241.02,43.94,-126.67,0.05,-0.01,0.01,3.87,-2.14,-5.34,-9.46,-0.74,-0.6,-0.38
19.256,3,-0.451,0.06,-0.87,-0.17,188.8,53.88,155.63,0.03,0.02,-0.03,3.73,-1.37,3.05,-0.76,-0.8,0.21,-0.53
19.319,4,-0.313,0.15,-0.94,-0.03,213.72,36.44,-176.59,-0.05,0,-0,3.72,0.31,-0.76,-2.75,-0.56,-0.04,-0.83
19.321,7,-0.701,-0.2,-0.67,-0.15,96.38,61.12,86.94,0.01,-0,0.02,0,-0.15,0,0.92,-0.89,0.5,0.04
19.327,0,0.041,0.18,-0.03,-0.98,199.57,20.34,4.12,-0,-0,-0.02,3.85,-0.15,-0.46,2.14,-0.34,0.06,0.92
19.329,6,0.747,-0.03,0.66,-0.08,320.24,78.56,-49.83,0.02,0.01,0.01,3.74,-1.07,0,0.76,-0.99,-0.16,0.15
19.335,5,-0.249,0.03,-0.96,-0.08,195.59,29.07,170.53,0.13,-0.01,-0.02,3.8,-1.22,-0.76,-0.15,-0.6,0.14,-0.78
19.338,1,0.186,0.03,-0.01,0.98,172.57,-3.77,-0.47,0.02,0,-0,3.85,-0.31,1.07,0.46,0.04,-0.02,1
19.361,2,-0.474,0.18,-0.83,0.25,241.66,43.83,-126.35,0.07,-0.01,0,3.87,-0.92,-1.53,-4.12,-0.73,-0.58,-0.37
19.363,3,-0.451,0.05,-0.87,-0.17,188.48,53.78,155.31,0.09,0.03,0.02,3.73,-1.37,-0.61,5.49,-0.88,0.21,-0.49
19.423,4,-0.314,0.15,-0.94,-0.03,213.89,36.58,-176.55,-0.01,0,0,3.72,-0.31,0.31,-1.22,-0.59,-0.05,-0.81
19.424,7,-0.7,-0.2,-0.67,-0.15,96.41,61.07,87.01,-0.01,-0.01,0,0,-0.15,-0.61,0.61,-0.87,0.49,0.02
19.43,0,0.041,0.18,-0.03,-0.98,199.63,20.3,4.17,0.01,-0,0.01,3.85,0.31,-1.22,2.14,-0.36,0.07,0.95
19.432,6,0.746,-0.03,0.66,-0.08,320.18,78.64,-50,-0.02,-0.01,0,3.74,-1.07,-0.46,0.61,-0.98,-0.14,0.1
19.438,5,-0.25,0.03,-0.96,-0.08,195.55,29.24,170.44,0.13,-0,0,3.8,-0.31,-0.31,0.76,-0.61,0.13,-0.8
19.44,1,0.186,0.03,-0.01,0.98,172.58,-3.52,-0.52,-0,-0,0.01,3.85,-0.46,2.29,0.46,0.06,-0.01,1.01
19.464,2,-0.474,0.18,-0.83,0.25,241.85,43.73,-126.25,0.07,-0,-0.01,3.87,-0.46,0.15,-1.37,-0.72,-0.58,-0.36
19.465,3,-0.449,0.06,-0.88,-0.17,188.73,53.66,155.34,0.05,0,-0.01,3.73,-1.37,2.14,-5.49,-0.82,0.22,-0.49
19.509,4,-0.314,0.15,-0.94,-0.03,213.87,36.62,-176.61,0,-0,0.01,3.72,-0.31,-0.92,0,-0.6,-0.05,-0.81
19.51,7,-0.701,-0.2,-0.67,-0.15,96.12,61.03,86.73,0.04,0,0.03,0,0.61,-0.61,0,-0.9,0.5,0.07
19.516,0,0.041,0.18,-0.03,-0.98,199.58,20.12,4.14,-0.03,0.01,-0,3.85,0.46,0,3.51,-0.32,0.08,0.95
19.517,6,0.747,-0.03,0.66,-0.08,320.84,78.73,-49.51,0.04,0,0.01,3.74,0,-0.76,1.83,-0.99,-0.15,0.17
19.523,5,-0.25,0.03,-0.96,-0.08,195.54,29.23,170.54,0.07,-0.01,-0.02,3.8,0.61,1.83,-0.76,-0.55,0.14,-0.8
19.525,1,0.186,0.03,-0.01,0.98,172.58,-3.39,-0.56,0.05,0.02,-0.02,3.85,-0.31,1.22,0.31,0.01,-0.02,0.98
19.55,2,-0.473,0.18,-0.83,0.25,241.67,43.75,-126.37,0.06,0,0,3.87,0,2.75,4.58,-0.72,-0.59,-0.38
19.551,3,-0.449,0.06,-0.88,-0.17,188.54,53.59,155.09,0.06,0.01,0.01,3.73,-0.31,0.31,-2.29,-0.85,0.22,-0.49
19.623,4,-0.314,0.15,-0.94,-0.03,213.52,36.63,-176.92,-0.02,-0.01,-0,3.72,-1.83,-0.92,2.75,-0.59,-0.03,-0.81
19.625,7,-0.702,-0.2,-0.67,-0.15,96.03,61.06,86.64,0.01,0,0.01,0,0,0.61,0.15,-0.89,0.49,0.04
19.629,0,0.042,0.18,-0.03,-0.98,199.71,20,4.29,-0.02,0,-0,3.85,0.31,-3.97,0.61,-0.32,0.08,0.94
19.631,6,0.747,-0.03,0.66,-0.08,321.05,78.7,-49.27,0.01,-0.01,-0,3.74,-0.15,1.22,-0.46,-0.98,-0.14,0.13
19.635,5,-0.249,0.03,-0.96,-0.08,195.47,29.1,170.51,0.1,0,0,3.8,1.68,-0.46,-3.36,-0.58,0.13,-0.81
19.636,1,0.187,0.03,-0.01,0.98,172.5,-3.32,-0.59,0.01,-0,0,3.85,0,-0.15,0,0.04,-0.02,1
19.657,2,-0.473,0.18,-0.83,0.25,241.56,43.75,-126.39,0.04,0.01,0.01,3.87,1.07,1.22,2.14,-0.71,-0.59,-0.39
19.659,3,-0.449,0.06,-0.88,-0.17,188.94,53.72,155.36,0.04,-0.01,0.01,3.73,0,0.76,-1.37,-0.84,0.25,-0.5
19.718,4,-0.315,0.15,-0.94,-0.03,213.13,36.82,-177.31,-0.06,-0.01,-0.02,3.72,-1.68,-2.59,5.8,-0.55,-0.01,-0.81
19.719,7,-0.702,-0.2,-0.67,-0.15,96.1,61.08,86.63,0,-0.01,0.02,0,-0.46,0,0.15,-0.89,0.5,0.03
19.724,0,0.042,0.17,-0.03,-0.98,199.73,19.4,4.31,0.02,-0.02,0.02,3.85,-0.46,-2.29,1.68,-0.36,0.07,0.96
19.726,6,0.747,-0.03,0.66,-0.08,320.67,78.73,-49.67,0.01,-0.01,0,3.74,0.76,0.46,-0.46,-0.98,-0.14,0.13
19.73,5,-0.25,0.03,-0.96,-0.08,195.77,29.2,170.8,0.12,-0.01,-0.01,3.81,-1.37,1.53,1.22,-0.57,0.13,-0.81
19.731,1,0.187,0.03,-0.01,0.98,172.47,-3.36,-0.59,0.02,0,0.01,3.85,0.46,-0.31,-0.61,0.04,-0.02,1
19.755,2,-0.472,0.18,-0.83,0.25,241.31,43.73,-126.46,0.06,-0,-0.03,3.87,-2.29,-1.83,-6.26,-0.71,-0.57,-0.37
19.757,3,-0.449,0.06,-0.88,-0.17,188.66,53.55,155.24,0.07,0.01,0.01,3.73,1.68,0.76,3.2,-0.86,0.22,-0.49
19.818,4,-0.314,0.15,-0.94,-0.03,213.09,36.66,-177.26,0.02,-0.01,0.02,3.72,5.65,4.58,-3.97,-0.63,-0.03,-0.8
19.819,7,-0.701,-0.2,-0.67,-0.15,96.25,61.07,86.81,0.01,-0,0.02,0,0,-0.15,-1.07,-0.89,0.5,0.04
19.826,0,0.044,0.17,-0.03,-0.98,199.9,19.36,4.34,0.01,-0,0,3.85,1.53,0.15,1.98,-0.33,0.08,0.94
19.827,6,0.746,-0.03,0.66,-0.08,320.21,78.86,-49.9,0.01,-0,0.01,3.74,0.31,0.61,-1.07,-0.99,-0.14,0.13
19.831,5,-0.251,0.04,-0.96,-0.08,196.12,29.3,170.75,0.15,0.01,-0,3.81,1.68,-0.31,-1.83,-0.61,0.13,-0.79
19.832,1,0.188,0.03,-0.01,0.98,172.34,-3.27,-0.53,0.02,-0.01,-0,3.85,1.07,0.46,-1.83,0.04,-0.02,1
19.856,2,-0.472,0.18,-0.82,0.25,242.07,43.38,-126.12,0.08,0,0.02,3.87,-0.31,1.37,0.76,-0.73,-0.6,-0.37
19.858,3,-0.447,0.05,-0.88,-0.17,188.36,53.34,155.03,0.02,0.01,-0.01,3.73,0,0.76,0,-0.81,0.23,-0.53
19.923,4,-0.312,0.15,-0.94,-0.03,213.33,36.46,-177,-0.01,0.01,-0,3.72,-2.44,-0.15,0.76,-0.58,-0.05,-0.81
19.925,7,-0.702,-0.2,-0.67,-0.15,96.22,61.23,86.56,0.02,0.01,0.02,0,-1.98,0.46,1.07,-0.9,0.49,0.05
19.93,0,0.046,0.17,-0.03,-0.98,200.16,19.53,4.58,0,0,0.01,3.85,0,1.37,-0.15,-0.34,0.08,0.95
19.932,6,0.745,-0.03,0.66,-0.08,319.31,78.82,-50.79,0,0.02,0,3.74,1.22,0,-0.92,-0.98,-0.17,0.13
19.937,5,-0.251,0.04,-0.96,-0.08,195.98,29.38,170.85,0.1,-0,-0.01,3.81,-0.76,-0.15,3.97,-0.57,0.12,-0.8
19.939,1,0.189,0.03,-0.01,0.98,172.3,-3.39,-0.35,0.02,0.01,0,3.85,0,0.31,0.46,0.03,-0,1
19.964,2,-0.472,0.18,-0.82,0.25,241.98,43.4,-126.12,0.05,-0,-0,3.87,-0.46,-1.68,-0.92,-0.72,-0.59,-0.38
19.965,3,-0.447,0.05,-0.88,-0.17,187.76,53.2,154.62,0.07,0.01,0.01,3.73,0.92,-1.22,3.66,-0.85,0.23,-0.5
20.024,4,-0.312,0.15,-0.94,-0.03,213.2,36.37,-177,-0.04,-0.02,0,3.72,0.92,0,-1.68,-0.56,-0.01,-0.82
20.026,7,-0.702,-0.2,-0.67,-0.15,96.25,61.08,86.52,0.01,-0.02,0.02,0,0.92,0,0,-0.88,0.51,0.04
20.03,0,0.046,0.17,-0.03,-0.98,200.22,19.53,4.64,-0.01,-0,0,3.85,0.15,0.46,0,-0.32,0.07,0.94
20.031,6,0.745,-0.03,0.66,-0.08,318.9,78.73,-51.11,0.01,0.01,0.01,3.74,-0.46,0.46,-0.15,-0.98,-0.16,0.13
20.035,5,-0.251,0.03,-0.96,-0.08,195.7,29.34,170.55,0.13,0.01,-0.01,3.81,-0.92,0,1.98,-0.6,0.12,-0.79
20.037,1,0.188,0.03,-0.01,0.98,172.37,-3.35,-0.35,0.02,-0,0,3.85,-0.61,0.15,-0.15,0.04,-0.02,1
20.055,2,-0.472,0.18,-0.83,0.25,241.89,43.45,-126.25,0.06,0.01,0.01,3.87,0.76,0.46,1.68,-0.72,-0.6,-0.38
20.058,3,-0.448,0.05,-0.88,-0.17,187.61,53.32,154.57,0.07,0,0.02,3.73,0,-0.31,-0.31,-0.86,0.25,-0.5
20.135,4,-0.311,0.15,-0.94,-0.03,213.11,36.3,-177.17,0,-0,0,3.72,-1.37,-0.15,-3.36,-0.61,-0.05,-0.81
20.136,7,-0.702,-0.2,-0.67,-0.15,96.18,61.05,86.52,0.01,0,0.01,0,0.61,0,0.31,-0.89,0.49,0.04
20.142,0,0.047,0.17,-0.03,-0.98,200.35,19.4,4.61,-0.01,0.02,0.01,3.85,-1.07,-1.22,-1.22,-0.33,0.09,0.96
20.143,6,0.745,-0.03,0.66,-0.08,318.93,78.78,-51.19,0.01,-0.01,0,3.74,-1.07,-0.46,0.92,-0.99,-0.14,0.13
20.148,5,-0.251,0.03,-0.96,-0.08,195.69,29.33,170.6,0.11,0,-0.02,3.81,0.31,1.98,1.83,-0.58,0.13,-0.8
20.149,1,0.188,0.03,-0.01,0.98,172.42,-3.27,-0.46,0.02,-0,-0,3.85,-0.31,0.15,0.61,0.04,-0.02,1
20.167,2,-0.472,0.18,-0.82,0.25,241.97,43.45,-126.13,0.07,0.01,0,3.87,0.31,0.61,2.44,-0.72,-0.6,-0.37
20.169,3,-0.449,0.05,-0.88,-0.17,187.87,53.47,154.72,0.04,0,0.01,3.73,0,0.76,0.15,-0.83,0.26,-0.51
20.222,4,-0.311,0.15,-0.94,-0.03,213.41,36.34,-177.08,0.01,-0.01,0,3.72,-0.46,-0.76,-0.31,-0.59,-0.04,-0.8
20.224,7,-0.702,-0.2,-0.67,-0.15,96.17,61.08,86.5,0.03,0,0.02,0,-0.76,0.31,0.61,-0.89,0.49,0.06
20.228,0,0.046,0.17,-0.03,-0.98,200.16,19.41,4.5,-0,0.01,0.01,3.85,-0.92,0.31,-1.22,-0.33,0.08,0.95
20.23,6,0.745,-0.03,0.66,-0.08,319.86,78.86,-50.18,0.02,-0.01,0,3.74,0.15,0,-0.31,-0.98,-0.14,0.14
20.234,5,-0.25,0.03,-0.96,-0.08,195.48,29.21,170.49,0.13,-0,-0,3.81,0,0.15,-0.92,-0.6,0.13,-0.8
20.236,1,0.187,0.03,-0.01,0.98,172.46,-3.21,-0.47,0.02,0,-0.01,3.85,0,0.61,0.15,0.03,-0.01,0.99
20.261,2,-0.473,0.18,-0.83,0.25,241.64,43.69,-126.26,0.04,-0.01,-0.02,3.87,0.15,0.15,1.37,-0.7,-0.56,-0.39
20.262,3,-0.449,0.05,-0.88,-0.17,188.48,53.55,155.37,0.05,0.02,-0.01,3.73,2.14,0,1.22,-0.83,0.24,-0.51
20.318,4,-0.311,0.15,-0.94,-0.03,213.51,36.31,-177.1,-0.01,-0,0,3.72,-0.31,1.22,-2.14,-0.58,-0.04,-0.81
20.319,7,-0.701,-0.2,-0.67,-0.15,96.42,61.13,86.52,0,0,0.01,0,-0.46,0.31,0.15,-0.89,0.48,0.03
20.326,0,0.045,0.17,-0.03,-0.98,200.04,19.42,4.44,-0,-0,0.01,3.85,0.61,-1.37,-0.92,-0.33,0.06,0.96
20.327,6,0.746,-0.03,0.66,-0.08,319.9,78.82,-50.1,0,0,0,3.74,0.31,0.15,-0.46,-0.98,-0.15,0.13
20.332,5,-0.251,0.03,-0.96,-0.08,195.58,29.3,170.6,0.12,-0,-0.01,3.8,0.46,-1.53,-2.44,-0.6,0.13,-0.79
20.334,1,0.188,0.03,-0.01,0.98,172.43,-3.07,-0.52,0.01,0,0.01,3.85,0,0.76,-0.31,0.05,-0.01,1.01
20.36,2,-0.473,0.18,-0.82,0.25,241.91,43.59,-126.07,0.05,-0.01,-0,3.87,-0.15,-0.92,-1.37,-0.71,-0.58,-0.38
20.362,3,-0.45,0.06,-0.88,-0.17,188.81,53.76,155.71,0.06,-0.01,0.02,3.73,0,-0.76,0,-0.85,0.24,-0.5
20.444,4,-0.309,0.16,-0.94,-0.03,213.87,36.08,-176.88,-0.01,-0.01,-0,3.72,0.15,0.76,-1.22,-0.58,-0.03,-0.81
20.445,7,-0.701,-0.2,-0.67,-0.15,96.46,61,86.61,0.02,-0.01,0.02,0,0.31,-0.46,0,-0.89,0.51,0.05
20.449,0,0.047,0.17,-0.03,-0.98,200.25,19.24,4.55,0,-0,0.01,3.85,0.61,0.31,3.66,-0.36,0.07,0.96
20.45,6,0.746,-0.03,0.66,-0.08,319.9,78.77,-50.1,0,0,0.01,3.74,0,-0.15,0.15,-0.99,-0.15,0.13
20.454,5,-0.253,0.03,-0.96,-0.08,195.74,29.49,170.74,0.1,-0.01,-0.01,3.8,0.46,-1.07,-5.34,-0.59,0.12,-0.8
20.456,1,0.189,0.02,-0.01,0.98,172.22,-2.95,-0.6,0.02,0,0,3.85,-0.31,-1.22,-0.15,0.04,-0.01,1
20.476,2,-0.473,0.18,-0.82,0.25,242.08,43.54,-126.03,0.06,-0,0,3.87,0,0.15,2.29,-0.72,-0.58,-0.37
20.478,3,-0.452,0.05,-0.87,-0.17,188.47,53.94,155.48,0.06,0.01,-0.01,3.73,1.53,-1.98,3.97,-0.84,0.21,-0.49
20.536,4,-0.308,0.16,-0.94,-0.03,213.82,35.96,-176.94,0.02,-0,0.01,3.72,0,-0.15,1.22,-0.61,-0.05,-0.8
20.537,7,-0.701,-0.2,-0.67,-0.15,96.39,61,86.53,0.01,0,0.02,0,0.61,0,0,-0.89,0.49,0.04
20.542,0,0.048,0.17,-0.03,-0.98,200.46,19.4,4.6,-0,0.02,0.01,3.85,-0.46,1.68,1.53,-0.33,0.1,0.95
20.544,6,0.746,-0.03,0.66,-0.08,320.19,78.78,-49.68,0.01,0,0.01,3.74,0,0.31,0.92,-0.99,-0.15,0.13
20.547,5,-0.254,0.04,-0.96,-0.08,196.27,29.65,171.11,0.11,0.02,-0.02,3.8,3.36,1.53,-0.15,-0.58,0.1,-0.8
20.549,1,0.19,0.03,-0.01,0.98,172.19,-3.08,-0.64,0.02,0,-0,3.85,-0.61,-1.37,0.31,0.04,-0.02,1
20.57,2,-0.474,0.18,-0.82,0.25,241.68,43.82,-126.12,0.06,0.01,0.02,3.87,4.43,2.9,9.16,-0.73,-0.6,-0.38
20.572,3,-0.451,0.05,-0.87,-0.17,188.32,53.86,155.47,0.02,0.02,-0,3.73,0,2.14,-4.12,-0.82,0.22,-0.53
20.626,4,-0.308,0.15,-0.94,-0.03,213.18,36.03,-177.48,-0.01,-0.02,0,3.72,-2.44,-0.92,9.16,-0.59,-0,-0.82
20.628,7,-0.701,-0.2,-0.67,-0.15,96.46,61.05,86.56,0,-0,0.02,0,-0.15,0.31,0.46,-0.89,0.49,0.03
20.631,0,0.049,0.17,-0.03,-0.98,200.48,19.62,4.53,0.01,0.01,0.02,3.85,-1.98,0.76,-2.44,-0.35,0.08,0.95
20.633,6,0.746,-0.03,0.66,-0.08,320.25,78.8,-49.66,0.01,0,0.01,3.74,0,0.15,0.92,-0.99,-0.15,0.14
20.637,5,-0.253,0.04,-0.96,-0.08,196.17,29.59,171.45,0.1,-0.02,0,3.8,-0.15,-0.61,1.98,-0.59,0.14,-0.81
20.638,1,0.189,0.03,-0.01,0.98,172.22,-3.12,-0.73,0.02,0,-0,3.85,-0.15,0,0,0.04,-0.02,1
20.664,2,-0.475,0.17,-0.83,0.25,240.9,44.21,-126.19,0.06,-0.01,-0.01,3.87,2.9,0.46,5.04,-0.73,-0.57,-0.37
20.665,3,-0.452,0.05,-0.88,-0.17,188.18,53.84,155.43,0.06,0,0.02,3.73,0.92,-0.92,1.53,-0.86,0.23,-0.49
20.739,4,-0.309,0.15,-0.94,-0.03,212.31,36.17,-178.02,-0.01,-0.03,0.02,3.72,1.68,0.31,-0.61,-0.61,-0.01,-0.81
20.741,7,-0.701,-0.2,-0.67,-0.15,96.56,61.03,86.57,0,-0.01,0.02,0,0,-0.46,0,-0.89,0.5,0.03
20.745,0,0.046,0.17,-0.03,-0.98,200.2,19.71,4.26,0.02,-0.02,0.01,3.85,-0.61,-0.31,-1.83,-0.35,0.05,0.94
20.746,6,0.746,-0.03,0.66,-0.08,320.3,78.84,-49.63,0,-0,-0,3.74,0,0,0,-0.98,-0.15,0.13
20.75,5,-0.254,0.04,-0.96,-0.08,195.88,29.67,171.18,0.13,-0.02,-0,3.8,-0.61,-0.76,0.46,-0.61,0.13,-0.79
20.752,1,0.189,0.02,-0.01,0.98,172.22,-3.04,-0.76,0.02,-0.01,0,3.85,0.46,0.31,0,0.04,-0.03,1.01
20.771,2,-0.475,0.17,-0.83,0.25,240.97,44.27,-126.17,0.07,-0.01,0.01,3.87,-0.31,0,1.53,-0.75,-0.58,-0.37
20.773,3,-0.453,0.06,-0.87,-0.17,188.82,54.08,155.82,0.06,-0,0,3.73,-2.75,1.83,-8.85,-0.83,0.22,-0.5
20.84,4,-0.31,0.15,-0.94,-0.03,212.37,36.2,-177.86,0.01,-0.01,0.01,3.72,0.46,-1.37,0.76,-0.61,-0.03,-0.8
20.842,7,-0.702,-0.2,-0.67,-0.15,96.39,61.08,86.36,0.01,0,0.01,0,0.46,-0.46,-0.76,-0.89,0.48,0.04
20.846,0,0.048,0.17,-0.03,-0.98,200.36,19.75,4.25,-0.01,-0,0,3.85,0,1.22,0.76,-0.33,0.07,0.95
20.847,6,0.747,-0.03,0.66,-0.08,320.8,78.75,-49.25,0.02,0.01,0.01,3.74,-0.46,-0.46,-0.46,-0.99,-0.16,0.15
20.851,5,-0.255,0.04,-0.96,-0.08,195.98,29.75,171.32,0.09,0,-0.02,3.8,0,0.46,-0.31,-0.56,0.12,-0.8
20.853,1,0.189,0.02,-0.01,0.98,172.3,-2.94,-0.74,0.02,0.01,-0.01,3.85,0.46,-0.46,0.31,0.03,-0.01,0.99
20.868,2,-0.475,0.17,-0.83,0.25,240.74,44.44,-126.3,0.04,0.01,0,3.87,-0.31,1.37,0.31,-0.72,-0.59,-0.39
20.869,3,-0.452,0.06,-0.87,-0.17,189.29,54.11,156.09,0.06,-0.01,0,3.73,0.76,0,-1.83,-0.85,0.23,-0.49
20.927,4,-0.31,0.15,-0.94,-0.03,212.35,36.3,-177.91,-0.03,0.01,0,3.72,0.46,-1.07,1.22,-0.57,-0.03,-0.82
20.928,7,-0.702,-0.2,-0.67,-0.15,96.34,61.15,86.43,0.01,0.01,0.01,0,0.61,0,0.46,-0.89,0.47,0.04
20.932,0,0.048,0.17,-0.03,-0.98,200.39,19.89,4.29,-0.02,-0.01,0.01,3.85,0.61,0.92,-0.46,-0.32,0.06,0.95
20.933,6,0.747,-0.03,0.66,-0.08,320.8,78.75,-49.2,0.01,0,0,3.74,0.61,0.76,-0.61,-0.98,-0.15,0.13
20.937,5,-0.255,0.04,-0.96,-0.08,196.02,29.75,171.29,0.13,0,-0.01,3.8,1.68,-0.31,-1.37,-0.59,0.12,-0.79
20.938,1,0.19,0.02,-0.01,0.98,172.15,-2.95,-0.72,0.01,-0,-0,3.85,0,0,-0.15,0.04,-0.02,1
20.969,2,-0.473,0.17,-0.83,0.25,240.6,44.17,-126.53,0.04,-0,-0,3.87,-2.9,-0.31,-6.41,-0.72,-0.58,-0.38
20.97,3,-0.452,0.06,-0.87,-0.17,189.39,54.06,156.18,0.05,0,0.01,3.73,-0.31,0.15,0.15,-0.85,0.23,-0.51
21.042,4,-0.311,0.15,-0.94,-0.03,212.58,36.32,-177.57,-0.02,-0,0.01,3.72,1.22,0.46,-1.37,-0.58,-0.02,-0.82
21.044,7,-0.701,-0.2,-0.67,-0.15,96.36,61.08,86.48,0,-0,0.02,0,-1.07,0.61,0,-0.89,0.5,0.04
21.048,0,0.048,0.17,-0.03,-0.98,200.41,19.82,4.31,0,-0.01,0.01,3.85,0.31,-0.61,1.22,-0.35,0.07,0.95
21.049,6,0.746,-0.03,0.66,-0.08,320.5,78.74,-49.54,0,-0,0,3.74,0,-0.15,-0.46,-0.98,-0.14,0.13
21.053,5,-0.258,0.04,-0.96,-0.07,196.39,30.1,171.82,0.09,-0.01,-0.02,3.8,0.31,-1.68,-1.98,-0.58,0.13,-0.79
21.054,1,0.19,0.02,-0.01,0.98,172.14,-2.92,-0.77,0.02,-0,0,3.85,0.15,0,0.15,0.04,-0.02,1
21.076,2,-0.472,0.17,-0.83,0.25,240.89,43.9,-126.41,0.07,-0,-0,3.87,0.31,0.15,-1.98,-0.73,-0.58,-0.37
21.077,3,-0.452,0.06,-0.87,-0.17,189.11,54.03,155.99,0.04,-0,0,3.73,-0.61,-0.61,-0.61,-0.84,0.22,-0.51
21.142,4,-0.31,0.15,-0.94,-0.03,212.57,36.23,-177.7,0.01,0.01,0.01,3.72,-1.22,1.68,0,-0.6,-0.05,-0.81
21.143,7,-0.701,-0.2,-0.67,-0.15,96.45,61.05,86.46,0,-0.01,0.02,0,0.31,-0.15,-0.92,-0.88,0.5,0.03
21.147,0,0.05,0.17,-0.03,-0.98,200.71,19.89,4.47,0,-0,0.01,3.85,0.92,0.31,1.07,-0.34,0.07,0.95
21.149,6,0.746,-0.03,0.66,-0.08,320.52,78.72,-49.57,-0,-0,0,3.74,-0.61,-0.15,1.53,-0.99,-0.14,0.13
21.152,2,-0.473,0.17,-0.83,0.25,240.95,43.89,-126.34,0.06,-0.01,0,3.87,-1.22,-0.15,1.53,-0.73,-0.58,-0.37
21.153,1,0.189,0.02,-0.01,0.98,172.22,-2.89,-0.71,0.01,0.01,0.01,3.85,0,0,-0.15,0.03,-0.01,1
21.175,5,-0.258,0.04,-0.96,-0.08,196.3,30.18,171.59,0.13,0,-0,3.8,-1.37,0,0.61,-0.6,0.11,-0.79
21.177,3,-0.452,0.06,-0.87,-0.17,189.27,54.02,155.95,0.05,-0.01,0.01,3.73,-0.15,0,2.14,-0.84,0.24,-0.5
21.243,4,-0.31,0.15,-0.94,-0.03,212.45,36.29,-177.71,0.01,-0.03,-0,3.72,0,-0.61,0.76,-0.6,-0.01,-0.8
21.245,7,-0.702,-0.2,-0.67,-0.15,96.32,61.06,86.46,0.01,0.01,0.02,0,1.07,-0.76,-0.15,-0.89,0.48,0.04
21.249,0,0.051,0.17,-0.03,-0.98,200.78,19.9,4.57,-0,-0,0.01,3.85,0.46,0.15,-0.46,-0.34,0.07,0.94
21.25,6,0.748,-0.03,0.66,-0.08,321.33,78.6,-48.96,0,0,-0.01,3.74,0,-0.46,-0.15,-0.97,-0.15,0.14
21.255,5,-0.258,0.04,-0.96,-0.08,196.33,30.15,171.57,0.12,0.01,0.01,3.8,-0.46,0.31,2.75,-0.61,0.11,-0.8
21.259,1,0.19,0.02,-0.01,0.98,172.2,-2.94,-0.67,0.01,0,-0,3.85,0,0.61,0.31,0.04,-0.01,1
21.277,2,-0.473,0.17,-0.83,0.25,240.86,44.01,-126.41,0.04,0.02,-0,3.87,1.37,0.31,2.59,-0.71,-0.59,-0.38
21.278,3,-0.452,0.06,-0.87,-0.17,189.54,54.07,156.15,0.05,0.03,-0,3.73,0,0.31,0,-0.83,0.2,-0.51
21.335,4,-0.312,0.14,-0.94,-0.03,212.13,36.46,-178,-0,-0,0.01,3.72,-1.22,-0.15,-1.37,-0.59,-0.03,-0.81
21.34,7,-0.702,-0.2,-0.67,-0.15,96.15,61.04,86.45,0.02,0.01,0.02,0,-0.76,0.61,0.61,-0.89,0.49,0.05
21.347,0,0.051,0.17,-0.03,-0.98,200.79,19.88,4.57,-0.01,-0.01,0,3.85,0,-0.15,0.31,-0.33,0.07,0.94
21.349,6,0.747,-0.03,0.66,-0.08,321.08,78.58,-49.22,0.01,-0,0.01,3.74,0.15,0,-2.9,-0.99,-0.15,0.14
21.354,5,-0.258,0.04,-0.96,-0.08,196.08,30.17,171.55,0.11,0,-0,3.8,2.29,0.61,0.61,-0.6,0.11,-0.8
21.358,1,0.19,0.02,-0.01,0.98,172.21,-2.75,-0.73,0.02,-0,-0,3.85,0,1.98,0.31,0.03,-0.02,1
21.379,2,-0.473,0.17,-0.83,0.25,240.89,43.99,-126.43,0.04,-0,-0.01,3.87,-0.76,-1.83,-0.76,-0.71,-0.57,-0.39
21.381,3,-0.452,0.06,-0.87,-0.17,189.72,54.15,156.23,0.06,-0.01,0.02,3.73,0.31,0.46,-1.68,-0.86,0.24,-0.5
21.442,4,-0.311,0.15,-0.94,-0.03,212.86,36.34,-177.67,-0.03,-0.01,-0,3.72,-1.07,2.14,-6.87,-0.57,-0.01,-0.82
21.444,6,0.747,-0.03,0.66,-0.08,321.12,78.58,-49.17,-0,-0.01,0.01,3.74,0,-0.15,0.15,-0.99,-0.14,0.13
21.45,0,0.051,0.17,-0.03,-0.98,200.8,19.89,4.57,-0,0.01,0,3.85,0.31,0.15,-0.15,-0.35,0.08,0.94
21.451,7,-0.701,-0.2,-0.67,-0.15,96.38,60.97,86.55,-0.01,-0.01,0.01,0,-1.22,0.76,0.31,-0.88,0.5,0.02
21.456,5,-0.258,0.04,-0.96,-0.07,196.19,30.12,171.68,0.11,-0.01,-0,3.8,-0.76,0.15,-1.83,-0.6,0.12,-0.8
21.457,1,0.19,0.02,-0.01,0.98,172.16,-2.56,-0.81,0,0,0.01,3.85,0,0,0.46,0.04,-0.01,1.01
21.475,2,-0.473,0.18,-0.83,0.25,241.13,43.96,-126.27,0.07,0.01,0.01,3.87,-0.31,0.15,0.92,-0.73,-0.6,-0.37
21.476,3,-0.451,0.06,-0.87,-0.17,189.79,54.04,156.42,0.04,-0,0,3.73,3.97,0,5.49,-0.84,0.23,-0.5
21.532,4,-0.31,0.15,-0.94,-0.03,213.27,36.22,-177.49,0,0.01,0,3.72,0.46,-0.31,-0.61,-0.59,-0.05,-0.8
21.533,7,-0.701,-0.2,-0.67,-0.15,96.43,60.83,86.67,0.01,-0,0.02,0,0.92,-0.46,0,-0.89,0.5,0.04
21.537,0,0.049,0.18,-0.03,-0.98,200.6,19.96,4.53,0.01,0.01,0.01,3.85,0.31,0.92,0.15,-0.35,0.09,0.94
21.538,6,0.747,-0.03,0.66,-0.08,320.77,78.55,-49.64,0.01,-0,0.01,3.74,0.61,0,1.22,-0.98,-0.15,0.14
21.543,5,-0.258,0.04,-0.96,-0.07,196.36,30.16,171.79,0.13,-0.01,-0,3.8,0.46,0.76,-0.76,-0.61,0.11,-0.79
21.545,1,0.189,0.02,-0.01,0.98,172.29,-2.5,-0.75,0.02,0,-0,3.85,0,0.31,-0.15,0.03,-0.02,1
21.595,2,-0.474,0.17,-0.83,0.25,241.1,44.07,-126.29,0.05,-0.01,0.01,3.87,-0.15,-0.61,1.07,-0.73,-0.59,-0.38
21.596,3,-0.451,0.06,-0.88,-0.16,189.39,54.01,156.36,0.03,0.02,-0.01,3.73,-3.05,0.46,-2.59,-0.82,0.2,-0.52
21.648,4,-0.31,0.15,-0.94,-0.03,213.36,36.18,-177.39,0,-0.01,0,3.72,0,-0.61,1.37,-0.6,-0.01,-0.81
21.649,7,-0.701,-0.2,-0.67,-0.15,96.4,60.9,86.67,0.01,0.01,0.02,0,0.31,0,-0.61,-0.89,0.49,0.04
21.653,0,0.05,0.18,-0.03,-0.98,200.66,20.01,4.58,-0,0,0,3.85,-0.15,0,-1.22,-0.34,0.08,0.94
21.654,6,0.747,-0.03,0.66,-0.08,320.44,78.61,-49.87,0,0.01,0,3.74,0,0,-0.15,-0.98,-0.16,0.13
21.659,5,-0.258,0.04,-0.96,-0.07,196.56,30.14,171.9,0.13,0,-0,3.8,-1.07,0,0.31,-0.61,0.1,-0.79
21.66,1,0.188,0.02,-0.01,0.98,172.35,-2.48,-0.74,0.01,-0,0,3.85,0,0.15,0,0.04,-0.02,1
21.682,2,-0.475,0.17,-0.83,0.25,240.92,44.3,-126.29,0.04,-0,0,3.87,1.07,0,3.66,-0.72,-0.58,-0.38
21.684,3,-0.45,0.06,-0.88,-0.17,189.54,53.86,156.29,0.05,-0.02,0.02,3.73,1.68,-0.15,2.14,-0.85,0.24,-0.51
21.751,4,-0.31,0.15,-0.94,-0.03,213.15,36.29,-177.53,-0.02,-0,-0,3.72,-0.15,-0.76,2.44,-0.58,-0.03,-0.82
21.754,7,-0.701,-0.2,-0.67,-0.15,96.27,60.89,86.61,0.01,0,0.02,0,-0.15,0,0,-0.89,0.49,0.04
21.76,0,0.05,0.18,-0.03,-0.98,200.64,20,4.55,0.01,-0.01,0.01,3.85,-0.46,0,0,-0.35,0.07,0.95
21.762,6,0.747,-0.03,0.66,-0.08,320.48,78.67,-49.7,0.01,0.01,0.01,3.74,0,0,0,-0.99,-0.16,0.14
21.765,5,-0.258,0.04,-0.96,-0.08,196.42,30.21,171.47,0.13,0,0.01,3.8,-4.73,-0.61,2.44,-0.62,0.11,-0.79
21.767,1,0.189,0.02,-0.01,0.98,172.3,-2.45,-0.76,0.01,0,-0,3.85,0,0,0,0.04,-0.01,1
21.785,2,-0.475,0.17,-0.83,0.25,240.9,44.34,-126.29,0.05,0,0,3.87,0.15,-0.92,-4.12,-0.73,-0.59,-0.38
21.787,3,-0.45,0.06,-0.88,-0.17,189.55,53.89,156.3,0.06,-0.01,0.01,3.73,-0.46,0,-1.07,-0.84,0.24,-0.5
21.839,4,-0.309,0.15,-0.94,-0.03,212.89,36.19,-177.73,0.01,0.01,0.01,3.72,1.22,0.31,-0.61,-0.6,-0.06,-0.81
21.841,7,-0.701,-0.2,-0.67,-0.15,96.27,60.85,86.6,0.01,-0.01,0.02,0,0,0,0,-0.88,0.5,0.04
21.845,0,0.051,0.17,-0.03,-0.98,200.74,19.86,4.54,-0,-0.01,-0,3.85,0,-0.15,0,-0.34,0.06,0.94
21.847,6,0.747,-0.03,0.66,-0.08,320.59,78.66,-49.63,0,-0.01,0.01,3.74,-0.31,0,0,-0.99,-0.15,0.13
21.851,5,-0.259,0.04,-0.96,-0.08,196.46,30.31,171.59,0.1,-0.01,0,3.8,3.2,0.15,-1.68,-0.59,0.13,-0.8
21.852,1,0.187,0.02,-0.01,0.98,172.52,-2.4,-0.73,0.01,-0,-0,3.85,0,0,0,0.03,-0.02,1
21.881,2,-0.476,0.17,-0.82,0.25,241.36,44.22,-126.02,0.04,-0.02,-0.01,3.87,-1.53,-2.29,-5.04,-0.72,-0.57,-0.38
21.883,3,-0.452,0.06,-0.87,-0.17,189.42,54.03,156.17,0.03,-0,0.01,3.73,0,0,-1.22,-0.83,0.24,-0.51
21.935,4,-0.309,0.15,-0.94,-0.03,213.08,36.12,-177.43,-0.02,0,-0,3.72,0.46,0.76,-1.83,-0.57,-0.03,-0.82
21.936,7,-0.701,-0.2,-0.67,-0.15,96.3,60.86,86.63,0.01,0,0.02,0,0.15,0,-0.15,-0.89,0.49,0.04
21.941,0,0.05,0.17,-0.03,-0.98,200.65,19.87,4.5,0,-0,0.01,3.85,-0.76,0.31,-1.22,-0.34,0.07,0.94
21.943,6,0.747,-0.03,0.66,-0.08,320.69,78.69,-49.52,0,-0,0,3.74,0.15,0.15,-0.31,-0.98,-0.15,0.13
21.948,5,-0.259,0.04,-0.96,-0.08,196.36,30.23,171.45,0.11,0.01,-0.01,3.8,-0.61,0.15,-0.31,-0.6,0.11,-0.79
21.949,1,0.188,0.02,-0.01,0.98,172.39,-2.46,-0.75,0.01,0,0,3.85,0,0,-0.15,0.04,-0.02,1
21.996,2,-0.476,0.17,-0.82,0.25,241.39,44.23,-125.98,0.05,-0,-0.01,3.87,-0.61,0.46,-0.76,-0.72,-0.57,-0.38
21.997,3,-0.451,0.06,-0.87,-0.17,189.48,54,156.21,0.04,0.02,0,3.73,-0.61,0.15,-0.61,-0.83,0.21,-0.52
22.05,4,-0.31,0.15,-0.94,-0.03,213.06,36.18,-177.43,-0.01,-0.01,0,3.72,0.61,-0.61,-0.31,-0.59,-0.05,-0.81
22.051,7,-0.701,-0.2,-0.67,-0.15,96.23,60.9,86.53,0.01,-0,0.02,0,0,0,-0.15,-0.88,0.5,0.04
22.055,0,0.049,0.18,-0.03,-0.98,200.52,20.04,4.39,-0,-0,0.01,3.85,0,0.46,0,-0.34,0.07,0.94
22.057,6,0.746,-0.03,0.66,-0.08,320.3,78.69,-49.94,0,0,0.01,3.74,0,-0.15,0,-0.99,-0.15,0.13
22.062,5,-0.259,0.04,-0.96,-0.08,196.49,30.3,171.58,0.11,-0,-0.01,3.8,0.61,0.61,0.61,-0.59,0.11,-0.79
22.064,1,0.189,0.02,-0.01,0.98,172.23,-2.44,-0.81,0.01,-0,0,3.85,0,-0.15,0,0.04,-0.02,1
22.08,2,-0.477,0.17,-0.82,0.25,241.39,44.31,-126.02,0.05,-0,-0,3.87,0,0.15,-0.31,-0.72,-0.58,-0.38
22.081,3,-0.452,0.06,-0.87,-0.17,189.44,54.04,156.16,0.05,-0.01,0.01,3.73,-0.31,0.31,2.14,-0.85,0.24,-0.5
22.138,4,-0.31,0.15,-0.94,-0.03,212.86,36.27,-177.52,-0,0.01,0,3.72,-0.61,0.61,0,-0.58,-0.04,-0.81
22.139,7,-0.701,-0.2,-0.67,-0.15,96.24,60.94,86.55,0.01,0,0.02,0,0,0,0,-0.89,0.49,0.04
22.144,0,0.049,0.18,-0.03,-0.98,200.51,20.16,4.39,0.01,0,0.01,3.85,0,0.46,0.31,-0.35,0.08,0.94
22.145,6,0.746,-0.03,0.66,-0.08,320.26,78.67,-50.05,0.01,-0,0.01,3.74,-0.15,0,0,-0.99,-0.15,0.14
22.149,5,-0.259,0.04,-0.96,-0.08,196.39,30.24,171.61,0.11,-0.01,0,3.8,-0.15,0.31,0.61,-0.6,0.12,-0.8
22.151,1,0.19,0.02,-0.01,0.98,172.17,-2.44,-0.81,0.01,0,-0,3.85,0,0.15,0,0.03,-0.02,1
22.2,2,-0.476,0.17,-0.82,0.25,241.43,44.26,-125.98,0.05,0,0,3.87,-0.31,0.15,0.92,-0.73,-0.58,-0.38
22.201,3,-0.451,0.06,-0.88,-0.17,188.9,53.88,155.82,0.04,-0.02,0.03,3.73,1.53,0.92,4.43,-0.86,0.25,-0.51
22.254,4,-0.31,0.15,-0.94,-0.03,212.83,36.22,-177.53,-0,-0.01,0,3.72,0,0,0,-0.59,-0.02,-0.81
22.255,7,-0.701,-0.2,-0.67,-0.15,96.18,60.92,86.55,0.01,0,0.01,0,0,0,0.31,-0.89,0.49,0.04
22.264,0,0.049,0.18,-0.03,-0.98,200.51,20.18,4.39,-0,0,0.01,3.85,0,0.61,0,-0.35,0.07,0.94
22.266,6,0.746,-0.03,0.66,-0.08,319.99,78.67,-50.37,0.01,-0.01,0,3.74,0.15,0.15,-0.15,-0.98,-0.15,0.13
22.27,5,-0.259,0.04,-0.96,-0.08,196.4,30.32,171.59,0.11,0.01,-0,3.8,0.46,0.46,-0.46,-0.61,0.11,-0.8
22.271,1,0.19,0.02,-0.01,0.98,172.15,-2.46,-0.79,0.01,0,0,3.85,0,0.31,-0.15,0.04,-0.02,1
22.296,2,-0.477,0.17,-0.82,0.25,241.4,44.34,-126.03,0.06,0,0,3.87,0.15,0.15,0.61,-0.73,-0.59,-0.37
22.298,3,-0.452,0.06,-0.87,-0.17,188.98,53.97,155.93,0.04,-0.01,0.02,3.73,-0.46,-0.61,0,-0.84,0.26,-0.5
22.348,4,-0.309,0.15,-0.94,-0.03,212.85,36.14,-177.62,-0,0,0.01,3.72,-0.31,-0.31,0.61,-0.59,-0.04,-0.81
22.349,7,-0.702,-0.2,-0.67,-0.15,96.07,60.92,86.36,0.01,-0,0.02,0,0,-0.15,0,-0.89,0.49,0.04
22.355,0,0.049,0.18,-0.03,-0.98,200.53,20.31,4.42,0,0,0.01,3.85,0,0.15,0.15,-0.35,0.08,0.94
22.356,6,0.746,-0.03,0.66,-0.08,320.31,78.63,-49.99,0.01,-0,0.01,3.74,-0.31,-0.15,-0.15,-0.99,-0.15,0.13
22.362,5,-0.259,0.04,-0.96,-0.08,196.27,30.3,171.56,0.11,-0.01,-0,3.8,-1.07,0.31,3.2,-0.6,0.12,-0.79
22.364,1,0.189,0.02,-0.01,0.98,172.29,-2.52,-0.71,0.01,0,-0,3.85,0,0,0.15,0.03,-0.01,1
22.386,2,-0.477,0.17,-0.82,0.25,241.4,44.42,-125.95,0.04,0,-0,3.87,-0.46,-0.61,-0.15,-0.71,-0.58,-0.38
22.388,3,-0.452,0.06,-0.87,-0.17,189.19,54.05,156,0.04,-0.01,0.01,3.73,-0.61,0,-0.15,-0.84,0.24,-0.51
22.46,4,-0.31,0.15,-0.94,-0.03,212.95,36.24,-177.54,-0,-0.01,0,3.72,-0.61,-0.15,-4.58,-0.59,-0.02,-0.81
22.462,7,-0.702,-0.2,-0.67,-0.15,96.14,61,86.49,0,-0.01,0.01,0,1.53,-0.76,-2.44,-0.89,0.49,0.04
22.465,0,0.048,0.18,-0.03,-0.98,200.41,20.27,4.34,-0.01,0,0.01,3.85,-0.15,0,0,-0.34,0.07,0.94
22.466,6,0.747,-0.03,0.66,-0.08,320.94,78.57,-49.38,0.01,-0.01,0,3.74,0,0,-0.46,-0.98,-0.14,0.14
22.47,5,-0.259,0.03,-0.96,-0.08,195.64,30.22,171.02,0.12,0.02,-0,3.8,-0.31,0.15,-1.37,-0.61,0.09,-0.8
22.472,1,0.188,0.02,-0.01,0.98,172.36,-2.6,-0.66,0.01,-0,-0,3.85,0.31,0,-0.15,0.03,-0.02,1
22.494,2,-0.477,0.18,-0.82,0.25,241.49,44.31,-125.97,0.04,-0.01,-0.01,3.87,0.46,0.31,1.53,-0.72,-0.57,-0.38
22.495,3,-0.452,0.06,-0.87,-0.17,189.22,54.07,156.02,0.04,0,0.01,3.73,0.15,-0.46,0,-0.84,0.23,-0.51
22.544,4,-0.31,0.15,-0.94,-0.03,213.21,36.21,-177.47,-0.02,-0,-0,3.72,-0.15,0.15,0.31,-0.58,-0.03,-0.82
22.546,7,-0.702,-0.2,-0.67,-0.15,95.93,61.13,86.45,0.01,0.02,0.02,0,1.22,-0.46,-1.83,-0.9,0.48,0.04
22.55,0,0.047,0.18,-0.03,-0.98,200.25,20.28,4.25,0,0.01,0.01,3.85,-0.15,0.31,-0.31,-0.35,0.08,0.94
22.551,6,0.747,-0.03,0.66,-0.08,321.02,78.58,-49.26,0,-0,0,3.74,0.61,0.15,-0.15,-0.99,-0.15,0.13
22.555,5,-0.259,0.04,-0.96,-0.08,195.93,30.31,171.24,0.1,0,-0,3.8,0,0,-0.61,-0.59,0.11,-0.8
22.556,1,0.188,0.02,-0.01,0.98,172.36,-2.55,-0.64,0.01,-0,0,3.85,0.31,-0.15,-0.46,0.03,-0.02,1
22.59,2,-0.477,0.17,-0.82,0.25,241.44,44.4,-125.98,0.05,-0,-0.01,3.87,0.15,-0.15,0.31,-0.72,-0.58,-0.38
22.592,3,-0.452,0.06,-0.87,-0.17,189.06,54.09,155.85,0.04,-0.01,0.01,3.73,-0.46,-0.92,-0.76,-0.84,0.23,-0.5
22.646,4,-0.309,0.15,-0.94,-0.03,213.16,36.16,-177.51,0,0,0,3.72,0.46,0.15,0,-0.59,-0.04,-0.8
22.647,7,-0.702,-0.2,-0.67,-0.15,95.94,61.27,86.44,0.01,0,0.02,0,-0.76,0.46,0,-0.89,0.49,0.04
22.651,0,0.046,0.18,-0.03,-0.98,200.12,20.42,4.17,-0,0,0,3.85,-0.15,0.15,0.46,-0.35,0.07,0.94
22.652,6,0.747,-0.03,0.66,-0.08,320.79,78.58,-49.45,0,0.01,0,3.74,0,0,-0.15,-0.99,-0.16,0.13
22.656,5,-0.259,0.04,-0.96,-0.08,195.9,30.3,171.29,0.1,0,-0,3.8,0.46,0.31,-0.76,-0.58,0.12,-0.8
22.657,1,0.188,0.02,-0.01,0.98,172.33,-2.5,-0.64,0.01,0,0.01,3.85,0,0.61,0.15,0.03,-0.02,1
22.696,2,-0.478,0.17,-0.82,0.25,241.46,44.47,-125.95,0.06,0.01,0.01,3.87,0,0,0.31,-0.73,-0.59,-0.37
22.697,3,-0.453,0.06,-0.87,-0.17,189.11,54.19,155.77,0.04,-0,0.01,3.73,-0.46,0.15,-3.36,-0.85,0.23,-0.5
22.75,4,-0.309,0.15,-0.94,-0.03,213.28,36.1,-177.46,-0.01,0.01,0,3.72,0,0,0.61,-0.58,-0.04,-0.81
22.751,7,-0.702,-0.2,-0.67,-0.15,95.97,61.21,86.41,0.01,-0.01,0.02,0,-0.15,0.15,0.31,-0.89,0.5,0.04
22.756,0,0.046,0.18,-0.03,-0.98,200.13,20.48,4.2,0,0.01,0.01,3.85,-0.31,0.46,-0.46,-0.35,0.08,0.94
22.758,6,0.747,-0.03,0.66,-0.08,320.64,78.54,-49.67,0,0,0.01,3.74,-0.61,-0.31,0.61,-0.99,-0.15,0.14
22.763,5,-0.26,0.04,-0.96,-0.08,195.89,30.4,171.3,0.1,0,-0,3.8,0.46,0.31,0.31,-0.59,0.12,-0.8
22.764,1,0.188,0.02,-0.01,0.98,172.35,-2.51,-0.64,0.01,0,0,3.85,-0.15,0,0.46,0.03,-0.02,1
22.794,2,-0.478,0.17,-0.82,0.25,241.49,44.54,-125.89,0.05,-0,0,3.87,0.15,-0.46,0.46,-0.73,-0.58,-0.38
22.795,3,-0.454,0.06,-0.87,-0.17,189.27,54.32,155.9,0.04,0.01,0,3.73,-0.46,0,-1.22,-0.84,0.23,-0.5
22.847,4,-0.31,0.15,-0.94,-0.03,213.25,36.16,-177.44,-0.01,-0.01,0,3.72,0,-0.46,-0.76,-0.58,-0.03,-0.81
22.848,7,-0.702,-0.2,-0.67,-0.15,96.1,61.23,86.46,0.01,-0,0.01,0,0.31,0,0,-0.89,0.49,0.04
22.852,0,0.046,0.18,-0.03,-0.98,200.12,20.48,4.21,-0,-0,0.01,3.85,-0.15,0.31,-0.46,-0.35,0.06,0.94
22.854,6,0.748,-0.03,0.66,-0.08,321.15,78.54,-49.23,0.01,-0.01,0.01,3.74,0,0,0,-0.99,-0.14,0.14
22.858,5,-0.261,0.04,-0.96,-0.08,196,30.44,171.4,0.1,-0,0,3.8,0,0,0.15,-0.59,0.11,-0.81
22.86,1,0.189,0.02,-0.01,0.98,172.32,-2.51,-0.67,0.01,0,0,3.85,-0.15,0,-0.15,0.03,-0.02,1
22.889,2,-0.479,0.17,-0.82,0.25,241.3,44.66,-125.96,0.04,-0,-0,3.87,0.76,0.76,2.9,-0.73,-0.57,-0.38
22.891,3,-0.454,0.06,-0.87,-0.17,189.18,54.32,155.87,0.04,-0,0.01,3.73,0.15,-0.15,0.61,-0.84,0.23,-0.5
22.963,4,-0.31,0.16,-0.94,-0.03,214.21,36.19,-177.01,-0.01,0,0,3.72,-1.07,0,-3.36,-0.59,-0.05,-0.81
22.964,7,-0.702,-0.2,-0.67,-0.15,96.07,61.21,86.48,0.01,0,0.01,0,0.15,0,0,-0.88,0.49,0.04
22.968,0,0.045,0.18,-0.03,-0.98,200.01,20.52,4.13,0,-0.01,0.01,3.85,0,0,0,-0.35,0.06,0.94
22.969,6,0.748,-0.03,0.66,-0.08,321.28,78.52,-49.06,0,-0,0,3.74,0.46,0,-0.31,-0.98,-0.15,0.13
22.973,5,-0.261,0.03,-0.96,-0.08,195.31,30.44,171.17,0.1,-0.01,-0,3.8,0,-0.46,0.15,-0.59,0.12,-0.8
22.975,1,0.189,0.02,-0.01,0.98,172.22,-2.59,-0.66,0.01,-0,0,3.85,0,0,-0.31,0.04,-0.02,1
22.997,2,-0.478,0.17,-0.82,0.25,241.24,44.65,-126.04,0.05,0.01,0,3.87,-0.31,-0.15,0,-0.73,-0.59,-0.38
22.998,3,-0.454,0.06,-0.87,-0.17,188.98,54.33,155.75,0.05,-0.01,0.01,3.73,0.46,0.61,0.92,-0.85,0.24,-0.5
23.049,4,-0.31,0.16,-0.94,-0.03,214.36,36.14,-176.93,-0.01,-0,0,3.72,0.31,0.15,-0.46,-0.59,-0.04,-0.81
23.05,7,-0.702,-0.2,-0.67,-0.15,96.2,61.24,86.61,0.01,0,0.01,0,-0.15,0,0,-0.89,0.49,0.04
23.054,0,0.046,0.18,-0.03,-0.98,200.14,20.49,4.21,0,0.01,0.01,3.85,0,-0.31,1.22,-0.35,0.08,0.94
23.056,6,0.747,-0.03,0.66,-0.08,321.1,78.57,-49.15,0,0,0,3.74,-0.31,0,0,-0.98,-0.15,0.13
23.061,5,-0.262,0.03,-0.96,-0.08,195.57,30.56,171.32,0.1,-0,-0,3.8,0,-0.15,-2.14,-0.59,0.12,-0.8
23.063,1,0.189,0.02,-0.01,0.98,172.23,-2.57,-0.66,0.01,0,0,3.85,0.15,0.31,0.31,0.04,-0.02,1
23.091,2,-0.479,0.17,-0.82,0.25,241.36,44.66,-125.9,0.06,0,0.01,3.87,0,0,-0.31,-0.73,-0.59,-0.37
23.093,3,-0.454,0.06,-0.87,-0.17,188.94,54.3,155.71,0.04,-0.01,0.01,3.73,0.15,0,0.15,-0.84,0.24,-0.5
23.165,4,-0.31,0.16,-0.94,-0.03,214.47,36.16,-176.84,-0.01,0,0.01,3.72,0.46,-0.31,1.98,-0.59,-0.05,-0.81
23.166,7,-0.702,-0.2,-0.67,-0.15,96.23,61.31,86.49,0.01,0,0.02,0,-0.15,0,0,-0.89,0.49,0.04
23.17,0,0.046,0.18,-0.03,-0.98,200.14,20.47,4.26,-0.01,-0,0.01,3.85,0,0,0,-0.35,0.07,0.94
23.171,6,0.748,-0.03,0.66,-0.08,321.11,78.51,-49.27,0.01,-0,0,3.74,0,0,0,-0.98,-0.15,0.14
23.175,5,-0.262,0.03,-0.96,-0.08,195.51,30.63,171.27,0.1,-0.01,-0,3.8,-0.15,0.15,0.76,-0.59,0.13,-0.8
23.177,1,0.189,0.02,-0.01,0.98,172.32,-2.51,-0.64,0.01,-0,0,3.85,0,0,0,0.03,-0.02,1
23.199,2,-0.478,0.17,-0.82,0.25,241.09,44.71,-126.06,0.05,-0,0,3.87,0.15,0.46,2.14,-0.73,-0.57,-0.38
23.201,3,-0.455,0.06,-0.87,-0.17,188.95,54.43,155.67,0.04,-0,0.01,3.73,0,0,-0.92,-0.84,0.23,-0.5
23.259,4,-0.31,0.16,-0.94,-0.03,214.36,36.14,-176.9,-0,0,0,3.72,-0.15,-0.15,1.07,-0.59,-0.04,-0.81
23.262,7,-0.702,-0.2,-0.67,-0.15,96.25,61.29,86.5,0.01,-0,0.02,0,0,0,-0.31,-0.89,0.49,0.04
23.266,0,0.046,0.18,-0.03,-0.98,200.14,20.48,4.26,-0,-0,0.01,3.85,-0.31,0,-0.76,-0.35,0.07,0.95
23.267,6,0.747,-0.03,0.66,-0.08,321.05,78.58,-49.28,0,0,0.01,3.74,0.15,0.15,0,-0.98,-0.15,0.13
23.272,5,-0.262,0.03,-0.96,-0.08,195.59,30.65,171.28,0.1,-0.01,-0,3.8,-0.31,0.31,0,-0.59,0.13,-0.8
23.274,1,0.188,0.02,-0.01,0.98,172.42,-2.5,-0.6,0.01,-0,0,3.85,0,0,0,0.03,-0.02,1
23.311,2,-0.478,0.17,-0.82,0.25,240.96,44.79,-126.13,0.04,0,0,3.87,0,-0.15,1.07,-0.72,-0.58,-0.38
23.313,3,-0.455,0.06,-0.87,-0.17,189.12,54.43,155.81,0.04,-0.02,0.01,3.73,1.98,1.07,-0.15,-0.85,0.24,-0.5
23.364,4,-0.31,0.16,-0.94,-0.03,214.18,36.14,-177.01,-0.01,-0,0,3.72,-0.15,0.15,-0.15,-0.59,-0.03,-0.81
23.365,7,-0.701,-0.2,-0.67,-0.15,96.33,61.27,86.63,0.01,-0,0.02,0,0,0,-0.61,-0.89,0.49,0.04
23.369,0,0.046,0.18,-0.03,-0.98,200.22,20.57,4.26,-0.01,0,0.01,3.85,0,0,0.31,-0.35,0.07,0.95
23.37,6,0.747,-0.03,0.66,-0.08,320.79,78.59,-49.56,0,-0,0,3.74,0,0,0,-0.98,-0.15,0.13
23.374,5,-0.263,0.03,-0.96,-0.08,195.64,30.7,171.29,0.09,-0,-0.01,3.8,0,0.15,0.31,-0.59,0.12,-0.8
23.376,1,0.187,0.02,-0.01,0.98,172.51,-2.45,-0.6,0.01,-0,0,3.85,0,-0.31,0,0.03,-0.02,1
23.398,2,-0.479,0.17,-0.82,0.25,240.97,44.88,-126.05,0.04,0,-0,3.87,0,-0.31,0.15,-0.72,-0.57,-0.38
23.399,3,-0.455,0.06,-0.87,-0.17,189.28,54.49,156.06,0.02,0.02,-0.01,3.73,-1.37,0.46,0.31,-0.83,0.22,-0.51
23.466,4,-0.309,0.16,-0.94,-0.03,214.23,36.05,-177.03,-0,-0.01,0,3.72,0,0.61,-0.61,-0.59,-0.03,-0.82
23.467,7,-0.702,-0.2,-0.67,-0.15,96.22,61.33,86.4,0,-0,0.02,0,-0.15,0,-0.46,-0.9,0.49,0.03
23.471,0,0.046,0.18,-0.03,-0.98,200.2,20.63,4.26,-0,0,0.01,3.85,0.15,0,0.15,-0.35,0.07,0.94
23.472,6,0.747,-0.03,0.66,-0.08,320.74,78.6,-49.61,0,0,0.01,3.74,-0.15,0,0,-0.99,-0.15,0.13
23.477,5,-0.263,0.03,-0.96,-0.08,195.7,30.73,171.34,0.08,0,-0,3.8,-0.46,-0.46,0.92,-0.58,0.12,-0.8
23.479,1,0.188,0.02,-0.01,0.98,172.4,-2.46,-0.64,0.01,0,0,3.85,0.15,0.31,0,0.03,-0.02,1
23.5,2,-0.48,0.17,-0.82,0.25,241.06,44.91,-125.92,0.05,-0,0,3.87,0,0.15,1.07,-0.73,-0.57,-0.37
23.502,3,-0.456,0.06,-0.87,-0.17,189.29,54.55,155.98,0.05,-0,0.01,3.73,-1.53,-0.15,-1.07,-0.85,0.23,-0.49
23.558,4,-0.309,0.16,-0.94,-0.03,214.15,36.02,-177.07,-0,0,0.01,3.72,-0.15,0,0,-0.59,-0.04,-0.81
23.56,7,-0.702,-0.2,-0.67,-0.15,96.17,61.3,86.34,0,-0,0.02,0,-0.15,-0.31,-0.46,-0.89,0.49,0.03
23.565,0,0.045,0.18,-0.03,-0.98,200.07,20.55,4.22,0,0,0.01,3.85,0.15,-0.31,0,-0.36,0.07,0.94
23.566,6,0.747,-0.03,0.66,-0.08,320.92,78.61,-49.38,0,0,0.01,3.74,0,-0.31,0.76,-0.98,-0.15,0.13
23.57,5,-0.265,0.03,-0.96,-0.08,195.12,30.89,170.78,0.11,-0.02,0,3.8,-2.59,-1.22,5.95,-0.61,0.14,-0.79
23.571,1,0.187,0.02,-0.01,0.98,172.45,-2.51,-0.6,0.01,0,-0,3.85,0.15,0,0.15,0.03,-0.01,1
23.598,2,-0.48,0.17,-0.82,0.25,241.12,44.92,-125.87,0.04,-0,-0.01,3.87,-0.76,-0.61,-0.92,-0.72,-0.57,-0.38
23.599,3,-0.455,0.06,-0.87,-0.17,188.98,54.46,155.68,0.05,-0.01,0.01,3.73,0.31,1.37,-0.31,-0.85,0.24,-0.5
23.656,4,-0.309,0.16,-0.94,-0.03,214.12,36.04,-177.06,-0.01,-0,-0,3.72,0.76,0.76,0,-0.58,-0.03,-0.81
23.657,7,-0.702,-0.2,-0.67,-0.15,96.09,61.28,86.27,0.02,-0,0.02,0,0.46,0,-0.31,-0.89,0.49,0.05
23.663,0,0.046,0.18,-0.03,-0.98,200.21,20.43,4.29,0,0.01,0.01,3.85,0.31,-0.15,0.31,-0.35,0.08,0.94
23.664,6,0.747,-0.03,0.66,-0.08,321.17,78.6,-49.16,0.01,-0,0.01,3.74,0.15,0.15,-0.15,-0.99,-0.15,0.14
23.668,2,-0.48,0.17,-0.82,0.25,241.35,44.82,-125.79,0.04,-0,0.01,3.87,0.92,-0.46,0,-0.74,-0.59,-0.37
23.67,1,0.188,0.02,-0.01,0.98,172.44,-2.48,-0.6,0.01,-0,-0.01,3.85,-0.15,0.15,0,0.03,-0.02,0.99
23.698,5,-0.266,0.03,-0.96,-0.08,195.02,31,170.68,0.09,-0.01,0,3.8,0.46,0.61,1.37,-0.59,0.13,-0.8
23.699,3,-0.455,0.06,-0.87,-0.17,189.05,54.44,155.83,0.05,0,0.02,3.73,1.22,0,-1.53,-0.85,0.22,-0.51
23.771,4,-0.308,0.16,-0.94,-0.03,214,35.91,-177.22,-0.01,0,0.01,3.72,-0.61,-0.31,2.9,-0.59,-0.05,-0.81
23.772,7,-0.702,-0.2,-0.67,-0.15,96.13,61.28,86.31,-0,0,0.01,0,-0.61,0.15,0,-0.89,0.48,0.03
23.776,0,0.046,0.18,-0.03,-0.98,200.21,20.36,4.3,-0,0.01,0,3.85,0.31,0.46,0.92,-0.35,0.08,0.94
23.778,6,0.747,-0.03,0.66,-0.08,320.74,78.6,-49.6,-0.01,0.01,0,3.74,-0.15,-0.15,0,-0.98,-0.16,0.12
23.782,5,-0.266,0.03,-0.96,-0.08,194.84,30.97,170.65,0.1,0,-0,3.8,-0.31,0,0.76,-0.6,0.13,-0.79
23.784,1,0.188,0.02,-0.01,0.98,172.43,-2.48,-0.65,0.01,0,-0,3.85,0,-0.92,0.15,0.03,-0.01,1
23.805,2,-0.481,0.17,-0.82,0.25,241.1,45.11,-125.81,0.06,-0,-0.01,3.87,0.31,1.83,3.36,-0.72,-0.57,-0.37
23.806,3,-0.455,0.06,-0.87,-0.17,189.11,54.44,155.95,0.03,0,-0.01,3.73,0.15,-1.07,1.07,-0.83,0.22,-0.51
23.865,4,-0.309,0.15,-0.94,-0.03,213.49,36.18,-177.57,0.01,0,0,3.72,-0.15,-2.44,1.53,-0.59,-0.04,-0.8
23.866,7,-0.702,-0.2,-0.67,-0.15,96.12,61.25,86.25,0.02,-0.01,0.02,0,0,-0.15,0.15,-0.89,0.5,0.05
23.87,0,0.046,0.18,-0.03,-0.98,200.26,20.41,4.38,0.01,-0,0,3.85,-0.15,-1.07,-1.68,-0.35,0.07,0.94
23.872,6,0.747,-0.03,0.66,-0.08,320.8,78.65,-49.47,0.01,-0,0.01,3.74,0.15,0.31,0,-0.98,-0.14,0.14
23.876,5,-0.265,0.03,-0.96,-0.08,194.68,30.88,170.53,0.09,-0,0,3.8,-1.37,-0.15,4.12,-0.59,0.12,-0.81
23.878,1,0.187,0.02,-0.01,0.98,172.5,-2.55,-0.63,0.01,-0,-0,3.85,0,-0.46,-0.15,0.03,-0.02,1
23.915,2,-0.481,0.17,-0.82,0.25,240.8,45.2,-126.04,0.05,0,0.03,3.87,-0.61,1.68,-0.31,-0.76,-0.59,-0.38
23.916,3,-0.456,0.06,-0.87,-0.17,188.85,54.47,155.82,0.03,-0.01,0.01,3.73,0.61,1.22,-2.29,-0.84,0.23,-0.51
23.968,4,-0.31,0.15,-0.94,-0.03,213.15,36.24,-177.75,-0.04,0.07,0,3.72,-0.31,-8.85,21.67,-0.55,-0.06,-0.84
23.969,7,-0.702,-0.2,-0.67,-0.15,96.23,61.23,86.33,0,-0.01,0.02,0,-0.15,0.15,-0.31,-0.88,0.49,0.03
23.973,0,0.046,0.18,-0.03,-0.98,200.2,20.46,4.32,0,0,0,3.85,-0.46,-0.61,2.14,-0.35,0.08,0.94
23.974,6,0.747,-0.03,0.66,-0.08,320.6,78.68,-49.64,-0,0,0.01,3.74,0,0,-0.15,-0.99,-0.15,0.13
23.979,5,-0.266,0.02,-0.96,-0.08,193.86,30.94,169.96,0.09,-0.01,-0.01,3.8,-0.15,-1.53,-0.61,-0.59,0.13,-0.79
23.981,1,0.187,0.02,-0.01,0.98,172.47,-2.49,-0.69,0.01,0,0,3.85,0,0,0,0.04,-0.01,1
24.002,2,-0.48,0.16,-0.83,0.25,239.61,45.67,-126.82,0.04,-0.02,-0.06,3.87,-1.07,1.98,2.9,-0.71,-0.51,-0.37
24.003,3,-0.454,0.06,-0.87,-0.16,189.23,54.34,156.23,0.04,0.02,-0,3.73,-0.31,-0.31,0,-0.83,0.21,-0.51
24.06,4,-0.316,0.14,-0.94,-0.04,211.62,37.15,-178.7,0.03,-0,0,3.72,2.29,-1.22,-6.56,-0.62,-0.02,-0.78
24.062,7,-0.702,-0.2,-0.67,-0.15,96.18,61.18,86.34,0.01,-0,0.02,0,0.31,-0.31,-0.31,-0.89,0.49,0.04
24.066,0,0.047,0.18,-0.03,-0.98,200.28,20.36,4.37,-0,-0,0.01,3.85,0.31,-1.68,-1.22,-0.35,0.07,0.94
24.068,6,0.747,-0.03,0.66,-0.08,320.91,78.68,-49.14,0,0.01,0,3.74,0.15,0,0.31,-0.98,-0.15,0.13
24.073,5,-0.267,0.02,-0.96,-0.08,193.8,31.1,169.85,0.09,0.01,-0,3.8,-1.22,0,1.37,-0.59,0.14,-0.8
24.075,1,0.188,0.02,-0.01,0.98,172.38,-2.54,-0.67,0.01,0,-0.01,3.85,0,0,-0.15,0.03,-0.02,1
24.126,2,-0.479,0.16,-0.83,0.25,239.72,45.57,-126.94,0.03,0,-0,3.87,-1.22,0,-1.53,-0.72,-0.56,-0.4
24.128,3,-0.455,0.06,-0.87,-0.16,189.35,54.42,156.31,0.04,0,0.01,3.73,-0.61,-0.61,3.51,-0.84,0.23,-0.51
24.156,4,-0.317,0.14,-0.94,-0.03,212.29,37.12,-178.03,-0.02,0,-0,3.72,1.53,-0.46,0.46,-0.59,-0.02,-0.81
24.157,7,-0.702,-0.2,-0.67,-0.15,96.17,61.17,86.42,0.01,0,0.01,0,-0.31,0,0,-0.89,0.49,0.04
24.162,0,0.046,0.18,-0.03,-0.98,200.23,20.2,4.35,-0.01,-0,0,3.85,0,0,0,-0.33,0.07,0.94
24.164,6,0.747,-0.03,0.66,-0.08,320.81,78.67,-49.27,0,-0,-0,3.74,-0.31,0,-0.31,-0.98,-0.15,0.13
24.167,5,-0.268,0.02,-0.96,-0.09,193.71,31.18,169.7,0.08,0,-0,3.8,-0.92,-0.76,-1.07,-0.58,0.14,-0.79
24.169,1,0.187,0.02,-0.01,0.98,172.49,-2.53,-0.64,0.01,-0,0,3.85,0.31,0.15,0.15,0.04,-0.02,1
24.209,2,-0.479,0.16,-0.83,0.24,239.79,45.47,-127.02,0.03,0,0.01,3.87,-2.14,-1.22,-2.14,-0.74,-0.56,-0.4
24.21,3,-0.455,0.06,-0.87,-0.16,189.56,54.45,156.33,0.03,0.01,0,3.73,-0.46,0.61,0.92,-0.84,0.22,-0.52
24.264,4,-0.317,0.15,-0.94,-0.03,212.4,37.06,-177.8,-0.01,0.03,-0.01,3.72,1.07,0,-0.92,-0.59,-0.05,-0.8
24.266,7,-0.702,-0.2,-0.67,-0.15,96.08,61.12,86.41,0.01,-0.01,0.01,0,0,-0.15,0.15,-0.89,0.5,0.04
24.27,0,0.046,0.18,-0.03,-0.98,200.24,20.16,4.38,0,0.01,0.01,3.85,0.31,0,-0.61,-0.35,0.08,0.95
24.272,6,0.747,-0.03,0.66,-0.08,320.64,78.66,-49.53,0.01,0,0,3.74,0,0.15,-0.15,-0.98,-0.15,0.14
24.276,2,-0.48,0.16,-0.83,0.24,240.11,45.51,-126.89,0.07,-0.01,0.01,3.87,1.07,0,-0.15,-0.75,-0.55,-0.38
24.278,1,0.188,0.02,-0.01,0.98,172.38,-2.58,-0.62,0.01,0,0,3.85,0,0,0,0.04,-0.01,1
24.303,5,-0.268,0.02,-0.96,-0.09,193.78,31.25,169.71,0.09,0,-0,3.8,0.31,0.46,-1.68,-0.6,0.14,-0.79
24.305,3,-0.455,0.06,-0.87,-0.16,189.49,54.48,156.28,0.03,0.02,0,3.73,-0.46,0,-1.37,-0.84,0.21,-0.51
24.363,4,-0.317,0.15,-0.94,-0.03,212.62,37.07,-177.79,0.01,0.01,0.01,3.72,-2.75,1.37,-0.46,-0.61,-0.03,-0.79
24.365,7,-0.702,-0.2,-0.67,-0.15,96.06,61.11,86.44,0.01,0,0.02,0,0,-0.15,0,-0.89,0.49,0.04
24.369,0,0.046,0.18,-0.03,-0.98,200.18,20.18,4.41,-0,0.01,0.01,3.85,0.46,-0.76,-1.22,-0.34,0.08,0.95
24.37,6,0.747,-0.03,0.66,-0.08,320.46,78.65,-49.76,0,-0,0,3.74,0,0,0,-0.99,-0.15,0.13
24.374,5,-0.269,0.02,-0.96,-0.09,193.9,31.3,169.82,0.08,0,0,3.8,0.61,0.31,-3.36,-0.59,0.14,-0.8
24.376,1,0.188,0.02,-0.01,0.98,172.35,-2.53,-0.64,0.01,-0,0,3.85,-0.15,0,0,0.04,-0.02,1
24.405,2,-0.48,0.17,-0.83,0.25,240.42,45.31,-126.56,0.05,0.02,0.01,3.87,-1.53,0,-1.22,-0.73,-0.59,-0.37
24.407,3,-0.456,0.06,-0.87,-0.16,189.5,54.57,156.27,0.03,0.01,0,3.73,0.31,-1.98,2.59,-0.84,0.22,-0.5
24.478,4,-0.316,0.15,-0.94,-0.03,212.93,37,-177.69,0.01,0.04,-0,3.72,0.31,0.46,-3.81,-0.6,-0.07,-0.8
24.48,7,-0.702,-0.2,-0.67,-0.15,96,61.15,86.35,0.01,0,0.02,0,-0.15,0,0.31,-0.89,0.49,0.04
24.483,0,0.046,0.18,-0.03,-0.98,200.21,20.19,4.42,0.01,0.01,0.01,3.85,0.31,0.46,0.46,-0.36,0.08,0.95
24.485,6,0.746,-0.03,0.66,-0.08,320.41,78.7,-49.76,0.01,0,0.01,3.74,0,0,0,-0.99,-0.15,0.14
24.489,2,-0.48,0.17,-0.83,0.25,240.69,45.29,-126.5,0.05,-0.01,0.01,3.87,-0.46,-1.07,-2.44,-0.75,-0.57,-0.38
24.49,1,0.189,0.02,-0.01,0.98,172.32,-2.44,-0.68,0.01,0,-0,3.85,-0.15,0,0,0.04,-0.01,1
24.512,5,-0.269,0.02,-0.96,-0.08,194.17,31.31,170.06,0.08,0.01,-0,3.8,0,0.31,-1.22,-0.59,0.14,-0.8
24.514,3,-0.456,0.06,-0.87,-0.17,189.33,54.62,156.13,0.04,-0,0.02,3.73,-0.15,0.31,2.44,-0.85,0.22,-0.52
24.57,4,-0.316,0.15,-0.94,-0.03,213.1,36.95,-177.54,-0.02,-0.01,-0,3.72,-0.61,0,0.61,-0.59,-0.02,-0.81
24.571,7,-0.702,-0.2,-0.67,-0.15,95.91,61.1,86.29,0.01,0,0.02,0,0.15,0,0,-0.89,0.49,0.05
24.575,0,0.047,0.18,-0.03,-0.98,200.28,20.26,4.48,0,0.01,0.02,3.85,-0.15,0.61,-0.15,-0.35,0.08,0.95
24.577,6,0.746,-0.03,0.66,-0.08,320.3,78.71,-49.83,0,-0,0,3.74,0,0,0,-0.98,-0.15,0.13
24.581,5,-0.269,0.03,-0.96,-0.08,194.45,31.41,170.26,0.08,-0,-0,3.8,0.61,0.46,-2.44,-0.59,0.13,-0.8
24.583,1,0.189,0.02,-0.01,0.98,172.27,-2.38,-0.7,0.01,-0.01,-0.01,3.85,0.15,0.15,0.15,0.03,-0.02,1
24.606,2,-0.481,0.17,-0.82,0.25,240.82,45.36,-126.29,0.06,0.01,0.02,3.87,0.15,0,-1.53,-0.75,-0.59,-0.37
24.608,3,-0.458,0.06,-0.87,-0.17,188.99,54.77,155.92,0.03,0.03,-0,3.73,-0.15,-3.51,1.68,-0.83,0.2,-0.51
24.664,4,-0.315,0.15,-0.94,-0.03,213.11,36.92,-177.66,-0.02,0.01,0.01,3.72,0.61,-0.46,0,-0.59,-0.04,-0.81
24.666,7,-0.702,-0.2,-0.67,-0.15,95.99,61.1,86.41,0,0.01,0.02,0,-0.61,0.31,-0.15,-0.89,0.48,0.03
24.669,0,0.046,0.18,-0.03,-0.98,200.17,20.25,4.45,-0,0.01,0.01,3.85,-0.31,0,-0.61,-0.35,0.08,0.94
24.671,6,0.747,-0.03,0.66,-0.08,320.39,78.66,-49.79,0,0.01,-0,3.74,0,0.46,1.37,-0.98,-0.16,0.13
24.674,5,-0.269,0.03,-0.96,-0.08,194.64,31.43,170.35,0.08,-0.01,-0,3.8,-0.76,-0.15,-0.76,-0.6,0.14,-0.79
24.676,1,0.188,0.02,-0.01,0.98,172.34,-2.42,-0.69,0,-0,0,3.85,0,-0.92,0.15,0.04,-0.01,1.01
24.726,2,-0.482,0.17,-0.82,0.25,240.91,45.45,-126.16,0.02,-0.01,-0.02,3.87,1.98,-1.53,1.37,-0.7,-0.54,-0.38
24.728,3,-0.459,0.06,-0.87,-0.17,188.56,54.93,155.44,0.05,-0.05,0.02,3.73,0.46,0.76,1.22,-0.86,0.27,-0.47
24.764,4,-0.314,0.15,-0.94,-0.03,212.9,36.79,-177.84,0.01,0,-0.01,3.72,-3.2,2.14,2.9,-0.59,-0.02,-0.8
24.766,7,-0.702,-0.2,-0.67,-0.15,96.04,61.06,86.44,0.01,-0,0.02,0,0,-0.15,0.15,-0.89,0.5,0.04
24.769,0,0.045,0.18,-0.03,-0.98,200.12,20.14,4.4,0.01,-0.01,0.01,3.85,0,-1.07,-0.61,-0.36,0.06,0.95
24.771,6,0.747,-0.03,0.66,-0.08,320.74,78.68,-49.42,-0,0.01,0,3.74,0,0.15,2.29,-0.98,-0.16,0.13
24.774,5,-0.27,0.03,-0.96,-0.08,194.46,31.52,170.22,0.06,-0.02,-0.01,3.8,-1.22,-0.15,-1.53,-0.58,0.13,-0.79
24.776,1,0.189,0.02,-0.01,0.98,172.23,-2.41,-0.76,0.01,-0,0,3.85,-0.15,0,0,0.03,-0.02,1
24.826,2,-0.485,0.17,-0.82,0.25,241.73,45.32,-125.18,0.06,0.06,0.04,3.87,-2.59,-0.46,4.73,-0.73,-0.6,-0.35
24.829,3,-0.459,0.06,-0.87,-0.17,188.51,54.86,155.37,0.03,0.01,0.01,3.73,-0.92,0.61,-2.14,-0.84,0.22,-0.51
24.89,4,-0.314,0.15,-0.94,-0.04,212.47,36.81,-178.13,0.02,0,-0,3.72,1.53,-0.61,1.53,-0.62,-0,-0.79
24.892,7,-0.702,-0.2,-0.67,-0.15,96.02,61.09,86.33,0.01,-0.01,0.02,0,0,0.15,-0.15,-0.89,0.49,0.04
24.896,0,0.047,0.18,-0.03,-0.98,200.33,20.1,4.43,0.01,0.02,0.02,3.85,-0.15,0.31,0.92,-0.36,0.1,0.95
24.898,6,0.747,-0.03,0.66,-0.08,320.67,78.66,-49.49,0,0,0,3.74,-0.61,0,-0.61,-0.99,-0.15,0.13
24.902,5,-0.271,0.03,-0.96,-0.08,194.51,31.56,170.3,0.1,0.01,-0.01,3.8,3.51,1.68,0.46,-0.6,0.12,-0.78
24.904,1,0.189,0.02,-0.01,0.98,172.22,-2.44,-0.75,0.01,-0,-0,3.85,0.15,0,0,0.03,-0.02,1
24.913,2,-0.486,0.17,-0.82,0.25,241.93,45.58,-125.22,0.05,-0.02,0,3.87,0.76,0,3.66,-0.75,-0.54,-0.36
24.915,3,-0.459,0.06,-0.87,-0.17,188.61,54.86,155.47,0.04,0.01,0.01,3.73,-0.31,1.53,-1.07,-0.85,0.22,-0.5
24.972,4,-0.316,0.15,-0.94,-0.03,212.54,37.04,-178.01,0,-0.03,-0,3.72,-0.15,1.53,-0.92,-0.62,0.01,-0.8
24.974,7,-0.703,-0.2,-0.67,-0.15,95.92,61.13,86.23,0,0,0.01,0,0,0,0.31,-0.89,0.49,0.03
24.978,0,0.047,0.18,-0.03,-0.98,200.35,20.02,4.5,-0.01,0.01,0.01,3.85,0.31,-0.61,-0.76,-0.34,0.09,0.94
24.98,6,0.746,-0.03,0.66,-0.08,320.17,78.68,-50.07,0,-0,0,3.74,0.31,0,-0.76,-0.98,-0.15,0.13
24.984,5,-0.271,0.03,-0.96,-0.08,194.46,31.55,170.41,0.08,0,0.02,3.8,-2.14,0,1.68,-0.59,0.13,-0.82
24.985,1,0.189,0.02,-0.01,0.98,172.32,-2.48,-0.67,0.01,0,0,3.85,0,0.31,-0.15,0.04,-0.01,1
25.01,2,-0.486,0.17,-0.82,0.25,241.71,45.58,-125.28,0.05,0.04,0.03,3.87,0.76,3.97,3.51,-0.74,-0.62,-0.37
25.013,3,-0.458,0.06,-0.87,-0.17,188.89,54.84,155.64,0.03,0,0.01,3.73,0.31,0.31,-1.53,-0.84,0.23,-0.51
25.073,4,-0.315,0.15,-0.94,-0.03,212.73,36.9,-177.89,-0.03,0.04,0.02,3.72,0.31,-1.68,0,-0.57,-0.06,-0.82
25.075,7,-0.702,-0.2,-0.67,-0.15,95.92,61.1,86.26,0.01,-0,0.01,0,0,-0.15,0.15,-0.89,0.49,0.04
25.079,0,0.046,0.17,-0.03,-0.98,200.17,19.93,4.48,0,-0.01,0.01,3.85,0,0,0,-0.35,0.07,0.95
25.081,6,0.747,-0.03,0.66,-0.08,320.48,78.66,-49.67,0,0,0.01,3.74,-0.15,-0.31,0.15,-0.99,-0.15,0.13
25.085,2,-0.485,0.17,-0.82,0.25,241.33,45.7,-125.57,0.03,-0.01,-0.01,3.87,-1.22,-0.15,-0.76,-0.73,-0.56,-0.37
25.086,1,0.188,0.02,-0.01,0.98,172.38,-2.42,-0.68,0.01,0,-0,3.85,-0.15,0,0,0.03,-0.02,0.99
25.124,5,-0.271,0.03,-0.96,-0.08,194.57,31.65,170.46,0.08,-0,-0.01,3.8,0.31,-0.15,-0.92,-0.59,0.14,-0.79
25.125,3,-0.458,0.06,-0.87,-0.17,188.94,54.86,155.73,0.03,-0.01,0.01,3.73,-0.15,0,-1.22,-0.84,0.24,-0.5
25.178,4,-0.315,0.15,-0.94,-0.03,212.8,36.85,-177.7,-0.01,0.01,-0,3.72,0,0,-0.31,-0.59,-0.04,-0.8
25.18,7,-0.703,-0.2,-0.67,-0.15,95.83,61.08,86.2,0,0,0.02,0,0,0,0.31,-0.89,0.49,0.03
25.184,0,0.047,0.17,-0.03,-0.98,200.27,19.93,4.5,-0,0,0,3.85,-0.46,0.61,0.61,-0.34,0.08,0.95
25.186,6,0.747,-0.03,0.66,-0.08,320.77,78.63,-49.41,0,-0,0.01,3.74,-0.15,0.15,0,-0.98,-0.14,0.13
25.19,2,-0.485,0.17,-0.82,0.25,241.43,45.65,-125.55,0.04,0,0,3.87,-0.31,0.61,-0.31,-0.73,-0.57,-0.37
25.191,1,0.188,0.02,-0.01,0.98,172.37,-2.24,-0.77,0.01,-0,-0,3.85,0.15,0.15,-0.15,0.04,-0.02,1
25.212,5,-0.271,0.03,-0.96,-0.08,194.73,31.58,170.58,0.08,-0,0,3.8,0.15,-0.15,-1.22,-0.59,0.13,-0.8
25.214,3,-0.458,0.06,-0.87,-0.17,188.9,54.87,155.61,0.04,-0,0.01,3.73,0.15,0.15,0,-0.85,0.23,-0.5
25.267,4,-0.314,0.15,-0.94,-0.03,212.52,36.75,-177.99,-0.02,0.02,0,3.72,-0.76,-0.61,4.58,-0.58,-0.04,-0.82
25.268,7,-0.703,-0.2,-0.67,-0.15,95.75,61.02,86.14,0,-0,0.02,0,-0.31,0,0,-0.89,0.5,0.03
25.272,0,0.048,0.18,-0.03,-0.98,200.39,19.96,4.52,0.01,0,0.01,3.85,0,0,0,-0.35,0.08,0.95
25.274,6,0.747,-0.03,0.66,-0.08,321.24,78.61,-48.9,0,0.01,0,3.74,0.15,0,0.46,-0.98,-0.16,0.13
25.278,5,-0.271,0.03,-0.96,-0.08,194.9,31.61,170.67,0.08,0.01,-0,3.8,0,0.15,0.92,-0.59,0.12,-0.8
25.28,1,0.188,0.02,-0.01,0.98,172.44,-2.33,-0.72,0.01,0,0,3.85,0.15,0,0,0.03,-0.02,1
25.331,2,-0.485,0.17,-0.82,0.25,241.2,45.68,-125.67,0.05,-0.02,-0.01,3.87,0.61,1.37,1.68,-0.73,-0.55,-0.36
25.333,3,-0.459,0.06,-0.87,-0.17,188.93,54.91,155.6,0.03,-0.01,0.01,3.73,-0.31,0,-0.76,-0.84,0.24,-0.5
25.385,4,-0.314,0.14,-0.94,-0.04,212.1,36.84,-178.28,0.02,0,0,3.72,-0.31,0.31,0.76,-0.61,-0.03,-0.79
25.387,7,-0.703,-0.2,-0.67,-0.15,95.74,61.01,86.15,0.01,0,0.02,0,0.46,-0.15,0,-0.89,0.49,0.04
25.392,0,0.047,0.18,-0.03,-0.98,200.34,19.99,4.49,0,0,0,3.85,-0.15,0.46,0,-0.35,0.07,0.94
25.394,6,0.748,-0.03,0.66,-0.08,321.38,78.55,-48.76,0.01,0.01,0.01,3.74,0,0.15,-0.15,-0.99,-0.15,0.14
25.4,5,-0.271,0.03,-0.96,-0.08,195.08,31.64,170.88,0.07,0.01,0,3.8,0.46,1.07,0.61,-0.58,0.12,-0.8
25.402,1,0.188,0.02,-0.01,0.98,172.35,-2.38,-0.71,0.01,0,0,3.85,0,0,0,0.03,-0.02,1
25.427,2,-0.484,0.16,-0.82,0.25,241.05,45.7,-125.78,0.04,-0,0,3.87,-0.46,-0.76,-0.61,-0.74,-0.57,-0.37
25.429,3,-0.459,0.06,-0.87,-0.17,188.86,54.9,155.52,0.03,0.01,0.01,3.73,0,0.46,-1.37,-0.84,0.22,-0.5
25.486,4,-0.314,0.14,-0.94,-0.04,212.22,36.8,-178.2,0,0.01,0.01,3.72,0.61,0.46,-1.07,-0.61,-0.03,-0.81
25.487,6,0.747,-0.03,0.66,-0.08,320.63,78.61,-49.56,-0,0,0,3.74,0,0,0,-0.99,-0.15,0.13
25.491,0,0.046,0.18,-0.03,-0.98,200.23,20.08,4.4,0.01,0,0,3.85,0.31,0,0,-0.35,0.07,0.94
25.492,7,-0.703,-0.2,-0.67,-0.15,95.76,61.06,86.18,0,-0,0.01,0,-0.15,0,0.15,-0.89,0.49,0.04
25.496,5,-0.271,0.03,-0.96,-0.08,194.95,31.6,170.77,0.08,0.01,-0.01,3.8,-0.15,-0.15,0.15,-0.59,0.12,-0.8
25.498,1,0.188,0.02,-0.01,0.98,172.33,-2.37,-0.71,0,-0,0,3.85,0,0.31,0.31,0.04,-0.01,1
25.52,2,-0.485,0.17,-0.82,0.25,241.23,45.65,-125.72,0.04,0.01,0.01,3.87,-0.15,0.61,1.37,-0.74,-0.57,-0.38
25.521,3,-0.459,0.06,-0.87,-0.17,188.81,54.96,155.52,0.03,0,0.01,3.73,0.31,0.15,-0.15,-0.84,0.22,-0.51
25.577,4,-0.314,0.14,-0.94,-0.04,212.15,36.85,-178.21,0,0.01,0,3.72,-0.61,-0.31,1.07,-0.6,-0.03,-0.8
25.578,7,-0.703,-0.2,-0.67,-0.15,95.77,61.07,86.16,0.01,0,0.02,0,0,0,0.15,-0.89,0.49,0.04
25.583,0,0.047,0.18,-0.03,-0.98,200.3,20.03,4.44,0,0,0.01,3.85,0,-0.15,0.31,-0.35,0.08,0.94
25.585,6,0.747,-0.03,0.66,-0.08,320.89,78.56,-49.33,0,0,0.01,3.74,-0.31,-0.15,0,-0.99,-0.15,0.13
25.588,5,-0.271,0.03,-0.96,-0.08,195.01,31.62,170.79,0.08,-0,-0,3.8,-0.46,0,0.61,-0.59,0.13,-0.8
25.59,1,0.187,0.02,-0.01,0.98,172.52,-2.26,-0.71,0.01,0,-0,3.85,-0.15,0,0.15,0.03,-0.01,0.99
25.617,2,-0.485,0.17,-0.82,0.25,241.18,45.7,-125.72,0.04,0,0,3.87,-0.31,-0.31,-0.15,-0.73,-0.57,-0.38
25.619,3,-0.459,0.06,-0.87,-0.17,188.82,54.96,155.6,0.03,-0,0.01,3.73,-0.15,-0.61,2.29,-0.85,0.24,-0.5
25.689,4,-0.314,0.14,-0.94,-0.04,212.12,36.78,-178.25,-0.01,0,0.01,3.72,-0.46,-0.15,-1.68,-0.59,-0.02,-0.81
25.691,7,-0.703,-0.2,-0.67,-0.15,95.85,61.1,86.25,0.01,0.01,0.02,0,0,0,0.92,-0.89,0.48,0.04
25.694,0,0.047,0.18,-0.03,-0.98,200.26,20,4.45,0,0,0.01,3.85,0.15,-0.15,-0.46,-0.35,0.07,0.95
25.696,6,0.747,-0.03,0.66,-0.08,320.61,78.64,-49.61,0,-0,0.01,3.74,0.31,0.15,0.31,-0.99,-0.15,0.13
25.701,5,-0.271,0.03,-0.96,-0.08,194.95,31.64,170.69,0.08,0,-0,3.8,0,-0.15,-0.61,-0.59,0.13,-0.8
25.702,1,0.187,0.02,-0.01,0.98,172.53,-2.19,-0.75,0.01,0,0,3.85,-0.46,0.15,0,0.03,-0.02,1
25.726,2,-0.485,0.17,-0.82,0.25,241.22,45.67,-125.73,0.04,0.01,0.03,3.87,-0.31,0.76,1.37,-0.75,-0.6,-0.4
25.727,3,-0.459,0.06,-0.87,-0.17,188.63,54.91,155.48,0.03,0.01,0.01,3.73,-1.37,-0.15,0.46,-0.85,0.24,-0.5
25.78,4,-0.314,0.14,-0.94,-0.04,212.07,36.81,-178.39,-0.02,0,-0,3.72,-2.14,-2.75,13.28,-0.58,-0.01,-0.81
25.782,7,-0.702,-0.2,-0.67,-0.15,95.93,61.05,86.29,0,-0,0.01,0,-0.31,0.15,0,-0.88,0.49,0.03
25.786,0,0.046,0.18,-0.03,-0.98,200.19,20.03,4.42,0.01,0.01,0.01,3.85,-0.92,-0.46,1.07,-0.35,0.09,0.94
25.787,6,0.747,-0.03,0.66,-0.08,320.66,78.63,-49.58,0,0,0,3.74,0,0,0.15,-0.98,-0.15,0.13
25.791,5,-0.271,0.03,-0.96,-0.08,195.07,31.66,170.76,0.07,0.01,-0,3.8,0.31,-0.61,-0.31,-0.58,0.13,-0.8
25.792,1,0.187,0.02,-0.01,0.98,172.52,-2.22,-0.81,0,-0,0,3.85,0,0,0.15,0.03,-0.02,1
25.819,2,-0.487,0.15,-0.82,0.25,239.72,46.69,-126.11,0.02,-0.06,-0.06,3.87,3.2,2.9,6.87,-0.72,-0.48,-0.38
25.82,3,-0.459,0.06,-0.87,-0.17,188.62,54.88,155.42,0.04,-0.01,0.02,3.73,0.31,-0.15,0.31,-0.85,0.25,-0.5
25.893,4,-0.316,0.14,-0.94,-0.04,210.64,37.13,-179.51,0.02,0,-0.01,3.72,0,0.15,0,-0.61,-0.02,-0.78
25.894,7,-0.702,-0.2,-0.67,-0.15,95.89,61,86.24,0,-0,0.02,0,0.31,0,-0.61,-0.89,0.49,0.04
25.899,0,0.047,0.18,-0.03,-0.98,200.3,20.06,4.41,0,0,0,3.85,0,-0.31,-0.92,-0.35,0.07,0.94
25.901,6,0.747,-0.03,0.66,-0.08,320.85,78.6,-49.43,0.01,-0,0.01,3.74,0,0,0.15,-0.99,-0.15,0.14
25.905,2,-0.487,0.15,-0.82,0.25,239.98,46.63,-126.05,0.04,-0.02,-0,3.87,-0.76,0,-2.14,-0.75,-0.55,-0.37
25.907,1,0.188,0.02,-0.01,0.98,172.43,-2.17,-0.85,0.01,0,-0,3.85,0.15,0,-0.15,0.03,-0.01,1
25.927,5,-0.272,0.03,-0.96,-0.08,195.08,31.71,170.86,0.08,-0.01,0,3.8,-0.46,0.61,0.31,-0.6,0.12,-0.8
25.93,3,-0.459,0.06,-0.87,-0.17,188.66,54.88,155.4,0.02,-0.02,0.01,3.73,0.92,1.37,-1.68,-0.84,0.25,-0.51
25.988,4,-0.315,0.14,-0.94,-0.04,210.75,37.05,-179.26,-0,-0.02,0.01,3.72,0,0.15,0,-0.62,-0,-0.8
25.991,7,-0.703,-0.2,-0.67,-0.15,95.85,61.04,86.17,0.01,-0,0.02,0,0,0.15,0,-0.89,0.49,0.04
25.996,0,0.046,0.18,-0.03,-0.98,200.12,20.14,4.33,-0,-0,0,3.85,-0.15,0,-0.46,-0.35,0.06,0.94
25.998,6,0.747,-0.03,0.66,-0.08,320.59,78.69,-49.6,0,0,0,3.74,0.15,0.15,-0.15,-0.98,-0.15,0.13
26.002,5,-0.272,0.03,-0.96,-0.08,195.01,31.73,170.87,0.07,-0.01,0,3.8,0.31,-0.31,-0.61,-0.59,0.14,-0.8
26.003,1,0.187,0.02,-0.01,0.98,172.45,-2.17,-0.8,0,-0,0,3.85,0,0.46,0,0.03,-0.02,1
26.022,2,-0.487,0.15,-0.82,0.25,239.93,46.63,-126.09,0.03,-0,-0,3.87,-0.15,0.31,-2.44,-0.74,-0.57,-0.37
26.023,3,-0.458,0.06,-0.87,-0.17,189.02,54.89,155.72,0.02,0,0,3.73,-0.61,0.92,-5.65,-0.83,0.22,-0.51
26.079,4,-0.314,0.14,-0.94,-0.04,210.76,36.94,-179.31,-0,0.01,0.01,3.72,0.31,0.15,-0.76,-0.61,-0.02,-0.8
26.081,7,-0.703,-0.2,-0.67,-0.15,95.87,61.08,86.18,0,0,0.02,0,0,0,0.15,-0.89,0.49,0.03
26.085,0,0.046,0.18,-0.03,-0.98,200.18,20.14,4.33,0,-0.01,0.01,3.85,-0.15,0,0.46,-0.34,0.06,0.94
26.086,6,0.746,-0.03,0.66,-0.08,320.17,78.67,-50.06,0,0,0.01,3.74,-0.15,0,0,-0.98,-0.16,0.13
26.09,5,-0.272,0.03,-0.96,-0.08,195.05,31.81,170.84,0.08,0.01,0,3.8,0.92,0,-0.92,-0.6,0.12,-0.8
26.092,1,0.188,0.02,-0.01,0.98,172.37,-2.21,-0.78,0,-0,0.01,3.85,-0.15,0.15,0.15,0.04,-0.01,1
26.121,2,-0.486,0.16,-0.82,0.25,240.21,46.35,-125.95,0.02,-0.02,0.01,3.87,-0.92,-2.75,-4.58,-0.75,-0.55,-0.4
26.123,3,-0.461,0.07,-0.87,-0.17,190.13,55.35,156.36,0.04,-0.01,0.02,3.73,-1.98,0.46,-20.29,-0.84,0.19,-0.5
26.198,4,-0.314,0.14,-0.94,-0.04,210.97,36.88,-179.15,0.01,-0,-0,3.72,0.31,1.83,-5.04,-0.6,-0,-0.79
26.2,7,-0.702,-0.2,-0.67,-0.15,95.95,61.09,86.28,0.01,-0,0.02,0,0,-0.15,0,-0.9,0.49,0.04
26.204,0,0.046,0.18,-0.03,-0.98,200.13,20.18,4.29,-0,-0.01,0.02,3.85,0.31,-0.46,-0.31,-0.35,0.07,0.95
26.205,6,0.746,-0.03,0.66,-0.08,320.21,78.71,-50.07,0.01,-0.01,0.01,3.74,0,0,0,-0.98,-0.14,0.13
26.209,5,-0.273,0.03,-0.96,-0.08,195.14,31.86,170.91,0.07,-0,0,3.8,-0.92,0,-0.92,-0.6,0.13,-0.8
26.21,1,0.188,0.02,-0.01,0.98,172.35,-2.23,-0.78,0.01,0,-0.01,3.85,0.15,-0.15,0.15,0.03,-0.02,1
26.232,2,-0.488,0.16,-0.82,0.25,240.99,46.25,-125.13,0.04,-0.03,-0.02,3.87,0.61,-1.07,1.37,-0.74,-0.53,-0.35
26.233,3,-0.462,0.07,-0.87,-0.16,190.74,55.55,156.88,0.03,-0.02,0.01,3.73,0.92,0.46,-2.29,-0.84,0.22,-0.5
26.29,4,-0.312,0.14,-0.94,-0.04,211.33,36.66,-178.79,0.02,-0.02,0,3.72,-0.46,1.22,-0.92,-0.62,-0,-0.79
26.292,7,-0.703,-0.2,-0.67,-0.15,95.86,61.1,86.09,0,-0,0.02,0,0,0,-0.15,-0.89,0.5,0.04
26.296,0,0.046,0.18,-0.03,-0.98,200.12,20.17,4.29,0.01,0,0.01,3.85,0.31,0.61,0.15,-0.35,0.08,0.94
26.3,6,0.746,-0.03,0.66,-0.08,320.69,78.83,-49.48,0.01,-0.02,0,3.74,0.92,0.46,1.83,-0.99,-0.13,0.14
26.304,5,-0.275,0.03,-0.96,-0.08,195.27,32.14,170.98,0.07,0,-0,3.8,0.46,0.15,-1.53,-0.59,0.12,-0.8
26.306,1,0.189,0.02,-0.01,0.98,172.26,-2.14,-0.83,0.01,0,-0,3.85,0.31,0.61,0,0.03,-0.01,1
26.327,2,-0.489,0.16,-0.82,0.25,241.04,46.31,-125.16,0.04,-0,-0,3.87,-0.92,2.59,2.44,-0.73,-0.56,-0.37
26.334,3,-0.461,0.07,-0.87,-0.16,190.4,55.45,156.76,0.03,-0,0.01,3.73,0.46,-1.07,3.05,-0.85,0.22,-0.5
26.386,4,-0.312,0.14,-0.94,-0.04,211.2,36.7,-179.02,-0.01,-0,-0,3.72,-0.61,-0.15,0.92,-0.58,0,-0.81
26.387,7,-0.703,-0.2,-0.67,-0.15,95.74,61.06,86.04,0,0,0.02,0,0.15,0,0,-0.89,0.49,0.04
26.392,0,0.046,0.18,-0.03,-0.98,200.24,20.14,4.45,0,0.02,0.01,3.85,0.61,-0.61,-1.22,-0.35,0.09,0.94
26.393,6,0.746,-0.03,0.66,-0.08,320.67,78.76,-49.54,0,-0.01,0,3.74,0,-0.15,-1.22,-0.99,-0.14,0.13
26.399,5,-0.275,0.03,-0.96,-0.08,195.6,32.2,171.23,0.09,0,0,3.8,0,-0.61,-0.31,-0.61,0.13,-0.79
26.401,1,0.189,0.02,-0.01,0.98,172.26,-2.11,-0.81,0.01,0,0.01,3.85,-0.31,0.92,0,0.03,-0.01,1
26.426,2,-0.487,0.16,-0.82,0.25,240.74,46.2,-125.47,0.02,-0.02,-0.02,3.87,-0.61,0,-0.76,-0.73,-0.54,-0.39
26.427,3,-0.46,0.06,-0.87,-0.16,190.01,55.19,156.52,0.03,0,-0,3.73,-0.31,0.31,2.44,-0.84,0.22,-0.5
26.484,4,-0.313,0.14,-0.94,-0.04,211.16,36.78,-179,-0.02,-0.01,-0,3.72,-0.15,0.61,-2.75,-0.59,0,-0.81
26.486,7,-0.703,-0.2,-0.66,-0.15,95.61,60.99,85.99,0,0,0.02,0,-0.15,0.15,0.31,-0.89,0.49,0.04
26.49,0,0.046,0.18,-0.03,-0.98,200.21,20.09,4.49,-0,0,0.01,3.85,0.31,-0.92,0.15,-0.35,0.07,0.95
26.491,6,0.747,-0.03,0.66,-0.08,320.72,78.7,-49.44,0.01,-0,0.01,3.74,-0.31,0,0.15,-0.99,-0.14,0.13
26.497,5,-0.276,0.03,-0.96,-0.08,195.62,32.32,171.18,0.07,0.01,0,3.8,-1.07,0,1.53,-0.6,0.11,-0.8
26.5,1,0.189,0.02,-0.01,0.98,172.33,-2.12,-0.8,0.01,0,0,3.85,-0.31,0,0,0.03,-0.01,1
26.527,2,-0.489,0.16,-0.82,0.25,241.07,46.28,-125,-0.01,-0.06,-0.04,3.87,2.44,-8.54,-11.14,-0.73,-0.5,-0.42
26.529,3,-0.459,0.06,-0.87,-0.17,189.19,54.98,155.93,0.04,-0.03,0.03,3.73,0.92,-0.46,4.12,-0.86,0.26,-0.49
26.587,4,-0.311,0.14,-0.94,-0.04,211.63,36.48,-178.82,-0.01,0.03,0.01,3.72,1.68,4.12,-6.41,-0.58,-0.06,-0.83
26.589,6,0.747,-0.03,0.66,-0.08,320.7,78.68,-49.57,0.01,-0,0.01,3.74,0,0.15,0,-0.99,-0.15,0.13
26.592,0,0.046,0.18,-0.03,-0.98,200.22,20.08,4.51,0,0,0,3.85,0.15,0,0.31,-0.34,0.07,0.94
26.594,7,-0.703,-0.2,-0.66,-0.15,95.59,60.97,85.88,0,-0.01,0.02,0,0,0,-0.15,-0.89,0.5,0.04
26.598,2,-0.491,0.17,-0.82,0.25,243.2,45.5,-123.62,0.07,0.01,0.03,3.87,-1.68,-0.92,-0.31,-0.77,-0.59,-0.33
26.6,1,0.188,0.02,-0.01,0.98,172.43,-2.06,-0.81,0.01,0,0,3.85,0,0.31,0,0.03,-0.02,1
26.627,5,-0.277,0.03,-0.96,-0.08,195.51,32.34,171.05,0.07,-0.02,0.01,3.8,-1.22,-0.76,-1.68,-0.61,0.13,-0.8
26.629,3,-0.458,0.06,-0.87,-0.17,189.25,54.93,155.92,0.03,-0.02,0.01,3.73,0.46,0.46,-0.46,-0.84,0.24,-0.51
26.7,4,-0.309,0.14,-0.94,-0.03,211.93,36.26,-178.35,0.03,-0.01,0.01,3.72,0.61,-2.14,3.81,-0.64,-0.03,-0.8
26.702,7,-0.703,-0.2,-0.67,-0.15,95.71,61.01,86.03,0,0,0.02,0,0.46,-0.15,-0.31,-0.89,0.49,0.03
26.705,0,0.046,0.18,-0.03,-0.98,200.26,20.07,4.58,0.01,-0,0,3.85,-0.31,0,-0.15,-0.35,0.07,0.94
26.707,6,0.747,-0.03,0.66,-0.08,320.65,78.64,-49.59,0,0.01,0.01,3.74,0.31,0,0.15,-0.99,-0.16,0.13
26.711,2,-0.49,0.17,-0.82,0.25,242.44,45.72,-124.13,0.01,-0.01,-0.02,3.87,-1.22,5.65,2.59,-0.71,-0.56,-0.38
26.712,1,0.188,0.02,-0.01,0.98,172.39,-2.04,-0.8,0,0,0,3.85,0,0.15,-0.15,0.03,-0.02,1
26.734,5,-0.277,0.04,-0.96,-0.08,195.69,32.39,171.14,0.08,-0,0,3.8,0.31,0.61,0.92,-0.6,0.12,-0.79
26.735,3,-0.459,0.06,-0.87,-0.17,189.22,54.97,155.9,0.02,-0.01,0.01,3.73,-0.61,0,-1.68,-0.84,0.24,-0.5
26.791,4,-0.311,0.14,-0.94,-0.04,211.7,36.53,-178.6,-0.02,0,-0.01,3.72,-0.76,0.31,0,-0.57,-0.01,-0.81
26.792,7,-0.703,-0.2,-0.66,-0.15,95.52,60.99,85.95,0,0.01,0.02,0,0,-0.15,0.15,-0.89,0.49,0.04
26.796,0,0.046,0.18,-0.03,-0.98,200.21,20.09,4.57,0,-0.01,0.01,3.85,-0.46,-0.61,-1.07,-0.35,0.06,0.95
26.798,6,0.747,-0.03,0.66,-0.08,320.5,78.63,-49.75,0,0,0,3.74,-0.15,0,0.46,-0.98,-0.15,0.13
26.803,5,-0.276,0.03,-0.96,-0.08,195.59,32.29,171.15,0.07,0.01,0,3.8,0.46,0.15,0,-0.59,0.11,-0.8
26.804,1,0.187,0.02,-0.01,0.98,172.49,-1.96,-0.79,0.01,-0,0,3.85,0,0.31,0.15,0.03,-0.02,1
26.829,2,-0.488,0.17,-0.82,0.25,241.83,45.64,-124.59,0.04,0.01,0,3.87,-0.31,1.83,1.98,-0.73,-0.58,-0.36
26.831,3,-0.459,0.06,-0.87,-0.17,189.35,55.07,155.94,0.05,-0.01,0.01,3.73,0.31,0.31,0.92,-0.85,0.23,-0.49
26.887,4,-0.31,0.14,-0.94,-0.04,211.72,36.38,-178.59,0.02,0.01,0.01,3.72,0.92,-0.46,0.31,-0.61,-0.03,-0.8
26.889,7,-0.703,-0.2,-0.66,-0.15,95.55,60.99,85.95,0,0,0.02,0,-0.15,0,0.31,-0.89,0.49,0.04
26.892,0,0.046,0.18,-0.03,-0.98,200.22,20.2,4.48,-0,-0,0,3.85,-0.46,0.92,0.31,-0.34,0.07,0.94
26.894,6,0.747,-0.03,0.66,-0.08,320.89,78.59,-49.41,0,-0,0,3.74,-0.15,0,0.15,-0.98,-0.15,0.13
26.898,5,-0.277,0.03,-0.96,-0.08,195.63,32.34,171.19,0.06,0,-0.01,3.8,0,0.61,0.15,-0.58,0.11,-0.8
26.9,1,0.189,0.02,-0.01,0.98,172.33,-1.98,-0.84,0.01,0,-0,3.85,0,0,0,0.03,-0.02,1
26.945,2,-0.487,0.16,-0.82,0.25,241.58,45.73,-124.87,0.03,0,0,3.87,0.15,1.83,5.19,-0.73,-0.58,-0.37
26.947,3,-0.459,0.06,-0.87,-0.17,189.32,55.08,155.89,0.04,-0.01,0.01,3.73,-0.15,-1.07,3.2,-0.85,0.24,-0.5
27.005,4,-0.311,0.14,-0.94,-0.04,211.64,36.43,-178.66,0,0,0,3.72,-0.61,0.31,0.31,-0.6,-0.02,-0.8
27.007,7,-0.703,-0.2,-0.66,-0.15,95.59,60.94,86.03,0,0,0.02,0,0,0,0,-0.89,0.49,0.04
27.01,0,0.046,0.18,-0.03,-0.98,200.21,20.4,4.42,-0,0,0,3.85,-0.15,1.53,0.46,-0.35,0.08,0.94
27.012,6,0.747,-0.03,0.66,-0.08,320.91,78.6,-49.43,0.01,0,0.01,3.74,0.15,0,0.15,-0.99,-0.15,0.14
27.017,2,-0.487,0.16,-0.82,0.25,241.36,45.88,-125.1,0.04,0,0.01,3.87,0.31,0.15,2.14,-0.74,-0.58,-0.37
27.018,1,0.19,0.02,-0.01,0.98,172.17,-2.04,-0.86,0.01,0,0,3.85,0,-0.15,0,0.02,-0.02,1
27.037,5,-0.277,0.04,-0.96,-0.08,195.74,32.44,171.31,0.06,-0.01,0,3.8,0.92,0,-4.43,-0.6,0.12,-0.8
27.039,3,-0.459,0.06,-0.87,-0.17,189.23,55.05,155.8,0.03,0,0.01,3.73,-1.07,-0.31,1.98,-0.85,0.23,-0.5
27.095,4,-0.311,0.14,-0.94,-0.04,211.78,36.51,-178.52,-0,-0.01,0.01,3.72,0.15,-0.46,0.61,-0.6,-0.01,-0.81
27.096,6,0.747,-0.03,0.66,-0.08,320.99,78.63,-49.26,0,0,0,3.74,0,0,-0.31,-0.99,-0.15,0.13
27.101,0,0.045,0.18,-0.03,-0.98,200.07,20.5,4.33,0,-0.01,0,3.85,-0.15,0.46,0,-0.35,0.06,0.94
27.102,7,-0.703,-0.2,-0.67,-0.15,95.72,60.98,86.15,0.01,0,0.02,0,0.15,0,0.15,-0.89,0.49,0.04
27.106,2,-0.487,0.16,-0.82,0.25,241.07,45.99,-125.31,0.04,-0.01,-0.01,3.87,0.46,0,0.76,-0.73,-0.56,-0.37
27.108,1,0.189,0.02,-0.01,0.98,172.28,-2.03,-0.82,0.01,0,0,3.85,0,0,0,0.03,-0.02,1
27.132,5,-0.278,0.04,-0.96,-0.08,195.97,32.53,171.49,0.06,0,-0,3.8,0.61,0,-1.83,-0.59,0.13,-0.79
27.133,3,-0.459,0.06,-0.87,-0.17,189.12,55,155.66,0.04,-0.01,0.02,3.73,0,0,0.46,-0.86,0.23,-0.5
27.195,4,-0.312,0.14,-0.94,-0.04,211.55,36.55,-178.68,0.01,-0.01,0,3.72,-0.46,0.61,-0.31,-0.61,-0.01,-0.81
27.197,7,-0.703,-0.2,-0.67,-0.15,95.73,61.02,86.13,0,0,0.02,0,-0.15,0.15,0.15,-0.89,0.49,0.04
27.202,0,0.045,0.18,-0.03,-0.98,200.09,20.55,4.32,0,-0,0.01,3.85,0.31,0,0.31,-0.35,0.07,0.94
27.203,6,0.747,-0.03,0.66,-0.08,321.04,78.62,-49.21,0,-0,0.01,3.74,-0.15,0,0,-0.98,-0.15,0.13
27.208,5,-0.279,0.04,-0.96,-0.08,196.1,32.59,171.61,0.05,0,0,3.79,-0.76,-0.46,-1.53,-0.59,0.12,-0.8
27.209,1,0.188,0.02,-0.01,0.98,172.34,-1.97,-0.81,0.01,0,-0,3.85,0,-0.15,0.15,0.03,-0.02,1
27.233,2,-0.487,0.16,-0.82,0.25,241.05,46.06,-125.25,0.04,0,0.01,3.87,-0.31,0.15,1.07,-0.74,-0.57,-0.37
27.235,3,-0.459,0.06,-0.87,-0.17,188.81,54.97,155.52,0.04,-0.01,0.01,3.73,0.61,0,2.14,-0.85,0.24,-0.5
27.31,4,-0.311,0.14,-0.94,-0.04,211.5,36.47,-178.76,-0.01,0,0,3.72,0,-0.31,0.61,-0.59,-0.02,-0.81
27.311,6,0.747,-0.03,0.66,-0.08,321.02,78.67,-49.18,0,-0,0,3.74,0.15,0,0,-0.98,-0.15,0.13
27.318,0,0.046,0.18,-0.03,-0.98,200.21,20.59,4.4,-0.01,-0,0.01,3.85,0.15,0,-0.15,-0.35,0.07,0.94
27.319,7,-0.703,-0.2,-0.66,-0.15,95.65,61.01,85.98,0,-0,0.01,0,-0.15,0,0,-0.89,0.49,0.03
27.324,5,-0.279,0.04,-0.96,-0.08,196.12,32.61,171.61,0.07,-0.01,0.01,3.79,-0.46,0,0,-0.6,0.13,-0.8
27.326,1,0.186,0.02,-0.01,0.98,172.57,-1.92,-0.76,0.01,0,0,3.85,0.15,-0.15,-0.15,0.03,-0.02,1
27.342,2,-0.487,0.16,-0.82,0.25,241.03,45.99,-125.29,0.04,0,0.01,3.87,-1.37,2.44,-1.98,-0.74,-0.58,-0.37
27.344,3,-0.459,0.06,-0.87,-0.17,188.79,55.01,155.53,0.02,-0,0.01,3.73,0.31,0.46,0.46,-0.84,0.23,-0.52
27.396,4,-0.311,0.14,-0.94,-0.04,211.45,36.5,-178.73,-0,0.01,0,3.72,1.98,-1.22,0.46,-0.6,-0.03,-0.81
27.399,6,0.747,-0.03,0.66,-0.08,320.86,78.71,-49.3,0,0,0,3.74,0,0,0,-0.98,-0.15,0.13
27.403,0,0.046,0.18,-0.03,-0.98,200.26,20.64,4.41,-0,-0.01,0.01,3.85,0,0.31,0.15,-0.35,0.06,0.94
27.405,7,-0.703,-0.2,-0.67,-0.15,95.66,61.02,86.01,0.01,0,0.02,0,0.31,-0.15,0,-0.89,0.49,0.04
27.408,5,-0.279,0.04,-0.96,-0.08,196.02,32.66,171.52,0.07,0.01,-0,3.79,-0.46,0,0.46,-0.59,0.11,-0.8
27.409,1,0.188,0.01,-0.01,0.98,172.45,-1.9,-0.8,0,-0,0,3.85,0,0,0,0.03,-0.02,1
27.434,2,-0.485,0.16,-0.82,0.25,240.81,45.87,-125.58,0.03,-0.01,-0,3.87,-0.46,-0.46,0.15,-0.74,-0.55,-0.38
27.436,3,-0.46,0.06,-0.87,-0.17,188.7,55.06,155.5,0.03,0.01,0,3.73,0.31,0.46,0,-0.84,0.23,-0.5
27.509,4,-0.312,0.14,-0.94,-0.04,211.53,36.59,-178.46,0.01,-0.01,0,3.72,-0.61,0.31,-1.37,-0.61,-0.01,-0.8
27.51,6,0.747,-0.03,0.66,-0.08,320.74,78.71,-49.38,0,0,0.01,3.74,0,0,0,-0.99,-0.15,0.13
27.516,0,0.047,0.18,-0.03,-0.98,200.29,20.72,4.38,-0.01,0,0.01,3.85,-0.76,0,1.07,-0.35,0.07,0.94
27.517,7,-0.703,-0.2,-0.67,-0.15,95.63,61.05,85.99,0,0,0.02,0,0,0.31,0,-0.9,0.49,0.04
27.522,5,-0.279,0.04,-0.96,-0.08,195.94,32.58,171.47,0.05,-0,0,3.79,0.15,0,-0.92,-0.59,0.12,-0.8
27.523,1,0.187,0.01,-0.01,0.98,172.55,-1.88,-0.79,0,0,0,3.85,-0.15,0,0,0.03,-0.02,1
27.543,2,-0.486,0.16,-0.82,0.25,240.78,45.96,-125.55,0.05,0.04,0.03,3.87,0,2.14,2.59,-0.74,-0.6,-0.36
27.545,3,-0.46,0.06,-0.87,-0.17,189.04,55.14,155.67,0.03,-0.02,0.02,3.73,0.31,0,-0.46,-0.85,0.25,-0.5
27.595,4,-0.312,0.14,-0.94,-0.04,211.41,36.57,-178.68,0.01,0.02,0.01,3.72,0.46,-0.31,0.15,-0.6,-0.03,-0.81
27.596,6,0.747,-0.03,0.66,-0.08,321.06,78.69,-49.03,0,0,0.01,3.74,0,0,0,-0.99,-0.15,0.13
27.602,0,0.047,0.18,-0.03,-0.98,200.35,20.72,4.35,0,0.01,0.01,3.85,0,0.31,0.76,-0.36,0.08,0.94
27.603,7,-0.703,-0.2,-0.67,-0.15,95.72,61.09,85.99,0,-0,0.02,0,-0.15,0.15,0.31,-0.89,0.5,0.04
27.607,2,-0.485,0.16,-0.82,0.25,240.75,45.9,-125.56,0.03,0.01,0.01,3.87,-0.46,0,1.22,-0.74,-0.58,-0.38
27.609,1,0.188,0.01,-0.01,0.98,172.43,-1.9,-0.85,0.01,-0,0,3.85,0,0,0,0.03,-0.02,1
27.637,5,-0.279,0.04,-0.96,-0.08,195.99,32.58,171.55,0.07,0.01,-0,3.79,0,0.31,-0.15,-0.6,0.11,-0.8
27.638,3,-0.46,0.06,-0.87,-0.17,189.17,55.17,155.76,0.03,-0.01,0.01,3.73,-0.15,0.46,-1.07,-0.84,0.24,-0.5
27.695,4,-0.312,0.14,-0.94,-0.04,211.57,36.58,-178.5,0.01,-0.01,0.01,3.72,-0.31,0.31,0,-0.61,-0.01,-0.8
27.696,6,0.747,-0.03,0.66,-0.08,320.93,78.68,-49.24,0,-0,0.01,3.74,0,0,0,-0.99,-0.15,0.13
27.702,0,0.048,0.18,-0.03,-0.98,200.4,20.78,4.39,-0,0.01,0.01,3.85,0,0.15,-0.61,-0.35,0.08,0.94
27.703,7,-0.703,-0.2,-0.67,-0.15,95.79,61.09,86.02,0,-0,0.02,0,0,-0.15,0,-0.89,0.49,0.04
27.707,5,-0.278,0.04,-0.96,-0.08,196.03,32.55,171.58,0.06,0,-0.01,3.79,0.31,0,-0.46,-0.59,0.12,-0.8
27.708,1,0.187,0.01,-0.01,0.98,172.45,-1.87,-0.86,0.01,0,-0,3.85,0,-0.15,-0.31,0.02,-0.02,0.99
27.737,2,-0.486,0.16,-0.82,0.25,240.66,46.03,-125.59,0.03,0,-0,3.87,0,-0.15,1.37,-0.73,-0.56,-0.38
27.739,3,-0.461,0.06,-0.87,-0.17,189.19,55.22,155.75,0.04,-0.01,0.01,3.73,-0.15,0.46,-0.15,-0.86,0.24,-0.49
27.814,4,-0.312,0.14,-0.94,-0.04,211.43,36.6,-178.58,-0.01,-0.01,-0,3.72,-0.15,0.46,0,-0.6,-0.01,-0.8
27.816,7,-0.703,-0.2,-0.67,-0.15,95.8,61.08,86.11,0,0,0.02,0,0,-0.15,0,-0.89,0.49,0.04
27.82,0,0.049,0.18,-0.03,-0.98,200.54,20.7,4.45,-0,-0,0.01,3.85,0.15,0.15,-0.31,-0.35,0.07,0.94
27.821,6,0.747,-0.03,0.66,-0.08,320.63,78.74,-49.52,0,-0,0,3.74,0.15,0,0,-0.98,-0.15,0.13
27.825,2,-0.486,0.16,-0.82,0.25,240.57,46.06,-125.69,0.04,-0,0,3.87,-0.15,0.15,0.61,-0.74,-0.57,-0.37
27.827,1,0.187,0.01,-0.01,0.98,172.49,-1.9,-0.83,0,-0,0,3.85,0.15,-0.15,-0.15,0.03,-0.02,1
27.846,5,-0.279,0.04,-0.96,-0.07,196.22,32.59,171.67,0.07,-0,0.01,3.79,0,-0.15,0,-0.59,0.11,-0.8
27.849,3,-0.46,0.06,-0.87,-0.17,189.18,55.15,155.72,0.04,-0,0.01,3.73,0,0.46,0.61,-0.85,0.22,-0.51
27.904,4,-0.311,0.14,-0.94,-0.04,211.45,36.47,-178.63,0,-0,0.01,3.72,0.15,0.15,0,-0.6,-0.02,-0.81
27.906,6,0.747,-0.03,0.66,-0.08,320.74,78.7,-49.39,0.01,0,0,3.74,-0.15,0,-0.15,-0.98,-0.15,0.13
27.909,0,0.049,0.18,-0.03,-0.98,200.63,20.7,4.51,-0.01,0,0,3.85,0.15,-0.31,0.46,-0.35,0.07,0.94
27.911,7,-0.703,-0.2,-0.67,-0.15,95.8,61.12,86.05,0,0,0.01,0,0,0,0,-0.89,0.49,0.04
27.915,2,-0.486,0.16,-0.82,0.25,240.7,46,-125.67,0.05,-0.01,-0,3.87,0,0.15,0.92,-0.75,-0.55,-0.36
27.917,1,0.187,0.02,-0.01,0.98,172.51,-2,-0.78,0.01,0,0,3.85,0.15,-0.15,0,0.03,-0.01,1
27.94,5,-0.28,0.04,-0.96,-0.07,196.23,32.73,171.68,0.05,0.01,0,3.79,-0.31,0.31,-0.15,-0.58,0.1,-0.81
27.941,3,-0.461,0.06,-0.87,-0.17,188.98,55.24,155.57,0.02,-0,0,3.73,0,0.31,0.92,-0.83,0.23,-0.51
28.011,4,-0.311,0.14,-0.94,-0.04,211.43,36.47,-178.65,0,-0.01,0.01,3.72,-1.37,0.92,1.68,-0.6,0,-0.81
28.013,6,0.747,-0.03,0.66,-0.08,320.68,78.69,-49.43,0,-0,0.01,3.74,0,0,0.61,-0.99,-0.15,0.13
28.017,0,0.049,0.18,-0.03,-0.98,200.61,20.71,4.54,0,-0,0.01,3.85,0.76,-0.15,-0.61,-0.36,0.07,0.94
28.019,7,-0.703,-0.2,-0.67,-0.15,95.91,61.11,86.21,0,0,0.02,0,0,0,0,-0.89,0.49,0.04
28.023,2,-0.486,0.16,-0.82,0.25,240.72,45.98,-125.65,0.02,0.01,-0,3.87,0.61,-0.15,2.14,-0.72,-0.57,-0.38
28.025,1,0.189,0.02,-0.01,0.98,172.25,-2.04,-0.84,0.01,0,0,3.85,0,0,0,0.03,-0.02,1
28.044,5,-0.28,0.04,-0.96,-0.08,196.19,32.74,171.63,0.06,-0,-0,3.79,-0.46,0,0,-0.59,0.12,-0.8
28.046,3,-0.461,0.06,-0.87,-0.17,188.95,55.22,155.57,0.02,0,0.01,3.73,0.31,0.15,0.31,-0.84,0.23,-0.5
28.102,4,-0.311,0.14,-0.94,-0.04,211.36,36.5,-178.82,-0.01,0,-0,3.72,0.31,-0.76,-0.46,-0.59,-0.02,-0.8
28.104,6,0.747,-0.03,0.66,-0.08,321.13,78.62,-49.01,0,-0,0.01,3.74,0,0.15,0,-0.98,-0.15,0.13
28.107,0,0.049,0.18,-0.03,-0.98,200.58,20.69,4.55,-0,-0,0,3.85,-0.15,-0.46,0,-0.35,0.07,0.94
28.109,7,-0.703,-0.2,-0.67,-0.15,95.82,61.07,86.14,0,-0,0.02,0,0,0,0,-0.89,0.49,0.03
28.112,2,-0.487,0.16,-0.82,0.25,240.88,46.08,-125.5,0.05,-0.01,-0,3.87,0.15,0.92,0,-0.74,-0.56,-0.37
28.114,1,0.189,0.02,-0.01,0.98,172.22,-2.03,-0.86,0.01,0,-0,3.85,0,0,0,0.03,-0.02,1
28.144,5,-0.28,0.04,-0.96,-0.08,196.16,32.74,171.57,0.06,-0,0,3.79,0,-0.15,-0.76,-0.59,0.12,-0.8
28.145,3,-0.461,0.06,-0.87,-0.17,189.03,55.26,155.62,0.03,0,0.01,3.73,0.31,-0.61,1.07,-0.85,0.23,-0.5
28.217,4,-0.312,0.14,-0.94,-0.04,211.29,36.59,-178.83,0,0,0,3.72,0,-0.46,0.61,-0.6,-0.02,-0.81
28.219,6,0.747,-0.03,0.66,-0.08,321.07,78.64,-49.04,0,0,0,3.74,0,0,0,-0.99,-0.15,0.13
28.223,0,0.049,0.18,-0.03,-0.98,200.53,20.6,4.5,-0,-0,0.01,3.85,0,-0.15,0,-0.36,0.07,0.95
28.224,7,-0.703,-0.2,-0.67,-0.15,95.78,61.06,86.09,0,0,0.02,0,0,0,0,-0.89,0.49,0.04
28.228,5,-0.28,0.04,-0.96,-0.08,196.28,32.76,171.63,0.06,0,-0,3.79,0,0.15,-0.15,-0.59,0.11,-0.8
28.23,1,0.191,0.02,-0.01,0.98,172.08,-1.99,-0.93,0,0,0,3.85,0,0,0,0.03,-0.02,1
28.251,2,-0.487,0.16,-0.82,0.25,240.96,46.04,-125.47,0.03,0,0,3.87,-0.31,0,0,-0.73,-0.57,-0.38
28.253,3,-0.461,0.06,-0.87,-0.17,189.01,55.3,155.58,0.02,-0,0,3.73,0,-0.31,0.46,-0.84,0.23,-0.5
28.31,4,-0.312,0.14,-0.94,-0.04,211.28,36.57,-178.82,-0.01,0.01,0,3.72,0.15,0,0.15,-0.59,-0.02,-0.81
28.311,6,0.747,-0.03,0.66,-0.08,320.95,78.68,-49.15,0,-0,0.01,3.74,0,0,0,-0.99,-0.15,0.13
28.317,0,0.048,0.18,-0.03,-0.98,200.45,20.52,4.47,0,0,0,3.85,0,0,0.15,-0.35,0.08,0.94
28.319,7,-0.703,-0.2,-0.67,-0.15,95.69,61.05,86.01,0,0,0.02,0,0,0,0,-0.89,0.5,0.04
28.325,5,-0.28,0.04,-0.96,-0.08,196.29,32.81,171.62,0.05,-0,-0,3.79,0.31,0,-0.15,-0.58,0.12,-0.8
28.327,1,0.19,0.02,-0.01,0.98,172.15,-1.95,-0.92,0,-0,0,3.85,0,0.15,0,0.03,-0.02,1
28.344,2,-0.487,0.16,-0.82,0.25,240.98,46.07,-125.45,0.03,-0.02,-0,3.87,0,-0.31,0,-0.74,-0.55,-0.38
28.346,3,-0.462,0.06,-0.87,-0.17,188.87,55.36,155.46,0.03,-0,0.01,3.73,-0.46,0.15,-0.76,-0.85,0.23,-0.5
28.422,4,-0.311,0.14,-0.94,-0.04,211.28,36.54,-178.8,-0.01,-0.01,0,3.72,0,0.15,0,-0.6,-0.01,-0.81
28.423,6,0.747,-0.03,0.66,-0.08,320.76,78.66,-49.4,0,0,0.01,3.74,0,0,0,-0.98,-0.15,0.13
28.428,0,0.047,0.18,-0.03,-0.98,200.39,20.51,4.43,-0,0,0.01,3.85,0,0,-0.31,-0.35,0.07,0.94
28.429,7,-0.703,-0.2,-0.67,-0.15,95.65,61.01,86.03,0,-0,0.02,0,0,0,0,-0.89,0.49,0.04
28.435,2,-0.487,0.16,-0.82,0.25,241.02,46.09,-125.42,0.03,-0.01,0,3.87,0,0,-0.15,-0.74,-0.56,-0.37
28.437,1,0.188,0.01,-0.01,0.98,172.36,-1.91,-0.85,0.01,0,0,3.85,0,0,0,0.03,-0.01,1
28.454,5,-0.281,0.04,-0.96,-0.08,196.2,32.88,171.56,0.05,0,0,3.79,0,0,0,-0.59,0.11,-0.8
28.456,3,-0.462,0.06,-0.87,-0.17,188.84,55.4,155.45,0.04,-0.02,0.01,3.73,-0.31,0,0.15,-0.85,0.25,-0.49
28.513,4,-0.311,0.14,-0.94,-0.04,211.21,36.52,-178.88,0,0,0,3.72,-0.31,-0.15,0.61,-0.59,-0.01,-0.81
28.517,6,0.747,-0.03,0.66,-0.08,320.88,78.67,-49.23,-0,0,0.01,3.74,0,0,0,-0.99,-0.15,0.13
28.521,0,0.047,0.18,-0.03,-0.98,200.32,20.54,4.39,-0,0,0.01,3.85,0,0,-0.46,-0.35,0.07,0.94
28.522,7,-0.703,-0.2,-0.67,-0.15,95.62,61.05,86,0.01,0,0.02,0,0,-0.15,0,-0.89,0.49,0.04
28.526,2,-0.487,0.16,-0.82,0.25,241.01,46.08,-125.46,0.02,-0,-0.01,3.87,0,-0.76,-0.61,-0.73,-0.56,-0.38
28.528,1,0.187,0.01,-0.01,0.98,172.47,-1.89,-0.8,0,-0,-0,3.85,0,0,0,0.03,-0.02,1
28.547,5,-0.281,0.04,-0.96,-0.08,196.18,32.91,171.55,0.05,0.01,-0,3.79,-0.15,0.46,0.92,-0.58,0.11,-0.8
28.549,3,-0.463,0.06,-0.87,-0.17,189.28,55.51,155.69,0.02,-0,0.01,3.73,-0.31,1.07,-0.76,-0.84,0.23,-0.5
28.607,4,-0.311,0.14,-0.94,-0.04,211.17,36.47,-178.92,-0,-0,0.01,3.72,0.15,0.46,-1.53,-0.6,-0.02,-0.81
28.608,7,-0.703,-0.2,-0.67,-0.15,95.63,61.08,85.99,0,0,0.02,0,-0.31,0,0,-0.89,0.49,0.04
28.612,0,0.047,0.18,-0.03,-0.98,200.29,20.57,4.37,-0,0,0,3.85,0,0.31,-0.31,-0.35,0.07,0.94
28.613,6,0.747,-0.03,0.66,-0.08,320.97,78.65,-49.18,0,-0,0,3.74,0,0,0.15,-0.99,-0.15,0.13
28.619,2,-0.487,0.16,-0.82,0.25,241.01,46.07,-125.51,0.03,-0.01,0,3.87,0.15,0,0.46,-0.73,-0.56,-0.38
28.62,1,0.186,0.01,-0.01,0.98,172.57,-1.86,-0.79,0,0,0,3.85,0,0.15,0,0.03,-0.02,1
28.647,5,-0.281,0.04,-0.96,-0.08,196.22,32.95,171.58,0.05,-0,0,3.79,-0.15,0,-0.46,-0.58,0.12,-0.8
28.649,3,-0.462,0.06,-0.87,-0.17,189.04,55.41,155.56,0.02,0.01,0,3.73,-0.31,-0.61,0.46,-0.84,0.22,-0.5
28.71,4,-0.31,0.14,-0.94,-0.04,211.23,36.4,-178.91,-0,-0.01,0,3.72,-0.46,0.31,0.46,-0.59,-0.01,-0.81
28.712,6,0.747,-0.03,0.66,-0.08,321.07,78.58,-49.17,0,-0,0.01,3.74,0.31,0,-0.15,-0.98,-0.15,0.13
28.717,0,0.047,0.18,-0.03,-0.98,200.31,20.6,4.4,-0,-0.01,0.01,3.85,0,0,0.46,-0.35,0.06,0.94
28.719,7,-0.704,-0.2,-0.66,-0.15,95.52,61.02,85.92,0,-0,0.02,0,0.15,0,0.31,-0.89,0.49,0.03
28.723,2,-0.488,0.16,-0.82,0.25,241.09,46.16,-125.41,0.05,0,0.01,3.87,0.46,0.31,0,-0.75,-0.58,-0.37
28.724,1,0.186,0.02,-0.01,0.98,172.57,-1.9,-0.76,0,-0,0,3.85,0,0,-0.15,0.03,-0.02,1
28.748,5,-0.282,0.04,-0.96,-0.08,196.32,33.04,171.64,0.05,0.01,-0,3.79,-0.31,0,-0.46,-0.58,0.1,-0.8
28.75,3,-0.462,0.06,-0.87,-0.17,189.07,55.39,155.57,0.01,0,0.01,3.73,0,-0.31,0.15,-0.84,0.23,-0.51
28.807,4,-0.31,0.14,-0.94,-0.04,211.22,36.41,-178.96,0.01,0.01,0.01,3.72,-0.15,-0.46,0.61,-0.61,-0.03,-0.8
28.809,7,-0.703,-0.2,-0.66,-0.15,95.58,61.07,85.97,0,-0,0.02,0,0,0,0,-0.89,0.49,0.04
28.814,0,0.047,0.18,-0.03,-0.98,200.3,20.66,4.42,-0,-0,0,3.85,0.31,0.31,0.76,-0.36,0.07,0.94
28.816,6,0.747,-0.03,0.66,-0.08,320.99,78.59,-49.24,0,0,0.01,3.74,0,0,0,-0.99,-0.15,0.13
28.821,5,-0.282,0.04,-0.96,-0.07,196.61,33,171.81,0.05,-0.01,-0,3.79,-0.46,-0.15,-0.15,-0.59,0.12,-0.8
28.823,1,0.186,0.01,-0.01,0.98,172.58,-1.87,-0.8,0.01,-0,-0,3.85,0,0,0,0.03,-0.02,1
28.849,2,-0.488,0.16,-0.82,0.25,241.17,46.16,-125.35,0.04,0.01,0.02,3.87,-0.46,-0.15,-0.46,-0.74,-0.58,-0.37
28.851,3,-0.463,0.06,-0.87,-0.17,189.23,55.52,155.65,0.02,0.01,0,3.73,-0.46,-1.07,-1.37,-0.83,0.22,-0.51
28.922,4,-0.311,0.14,-0.94,-0.04,211.25,36.48,-178.91,0.01,0.01,0.01,3.72,0.15,-0.15,0.31,-0.61,-0.02,-0.81
28.923,6,0.747,-0.03,0.66,-0.08,321.05,78.55,-49.25,0,-0,0.01,3.74,0.15,0.15,-0.31,-0.98,-0.15,0.13
28.927,0,0.046,0.18,-0.03,-0.98,200.24,20.7,4.42,0,0,0.01,3.85,-0.15,0,0,-0.36,0.07,0.94
28.928,7,-0.704,-0.2,-0.66,-0.15,95.42,61.02,85.86,0,-0,0.01,0,0,0,0,-0.89,0.49,0.04
28.932,5,-0.281,0.04,-0.96,-0.08,196.59,32.93,171.77,0.06,-0,0,3.79,0.15,0,-0.31,-0.6,0.12,-0.8
28.934,1,0.187,0.01,-0.01,0.98,172.54,-1.84,-0.82,0.01,-0,-0,3.85,0,0,0,0.03,-0.02,1
28.956,2,-0.488,0.16,-0.82,0.25,241.03,46.17,-125.49,0.03,0,0.01,3.87,0,0.15,0.31,-0.74,-0.57,-0.38
28.958,3,-0.464,0.06,-0.87,-0.17,188.97,55.64,155.43,0.02,0.02,-0,3.73,-0.15,-1.37,1.98,-0.84,0.2,-0.5
29.02,4,-0.311,0.14,-0.94,-0.04,211.13,36.52,-178.99,-0.02,0,0,3.72,-0.15,-0.15,0.76,-0.58,-0.01,-0.81
29.022,6,0.747,-0.03,0.66,-0.08,321.13,78.61,-49.03,-0,0,0,3.74,0,0,0,-0.98,-0.15,0.13
29.026,0,0.046,0.18,-0.03,-0.98,200.27,20.73,4.47,-0,-0,0.01,3.85,-0.15,-0.15,-0.76,-0.36,0.07,0.94
29.027,7,-0.703,-0.2,-0.66,-0.15,95.48,61.01,85.99,-0,0,0.02,0,0,0,0,-0.89,0.49,0.03
29.031,2,-0.488,0.16,-0.82,0.25,240.99,46.2,-125.47,0.03,0,0,3.87,0,-0.46,-0.92,-0.74,-0.57,-0.38
29.033,1,0.187,0.01,-0.01,0.98,172.55,-1.83,-0.84,-0,-0,0,3.85,0,-0.15,0,0.03,-0.01,1
29.054,5,-0.281,0.04,-0.96,-0.08,196.64,32.96,171.77,0.05,-0.01,-0,3.79,0.76,-0.15,-1.98,-0.59,0.12,-0.8
29.055,3,-0.464,0.06,-0.87,-0.17,188.9,55.67,155.36,0.01,0.02,0,3.73,0,0.15,1.53,-0.84,0.22,-0.5
29.111,4,-0.311,0.14,-0.94,-0.04,211.12,36.51,-179,-0.01,0,0,3.72,0.15,-0.46,0,-0.59,-0.01,-0.81
29.113,6,0.748,-0.03,0.66,-0.08,321.2,78.55,-49.07,0,-0,0,3.74,-0.15,0,0,-0.98,-0.15,0.13
29.117,0,0.046,0.18,-0.03,-0.98,200.26,20.72,4.46,-0,-0,0.01,3.85,-0.15,0,0,-0.35,0.07,0.94
29.119,7,-0.703,-0.2,-0.66,-0.15,95.46,60.98,86.03,0,0,0.02,0,0,0,0,-0.89,0.49,0.04
29.123,2,-0.488,0.16,-0.82,0.25,240.81,46.28,-125.59,0.03,-0,-0,3.87,0,0.61,0.92,-0.74,-0.56,-0.37
29.124,1,0.186,0.02,-0.01,0.98,172.56,-1.91,-0.83,0.01,-0,0,3.85,0,0,0,0.03,-0.02,1
29.152,5,-0.282,0.04,-0.96,-0.07,196.8,33.05,171.95,0.04,-0.01,-0,3.79,0,-0.15,-1.83,-0.58,0.12,-0.81
29.154,3,-0.464,0.06,-0.87,-0.17,188.68,55.64,155.23,0.02,0.02,0,3.73,-0.31,0.46,-0.31,-0.84,0.22,-0.5
29.225,4,-0.312,0.14,-0.94,-0.04,210.95,36.62,-179.07,0,0,-0,3.72,0,-0.61,2.29,-0.59,-0.01,-0.8
29.227,6,0.747,-0.03,0.66,-0.08,321.09,78.58,-49.2,-0,-0,0.01,3.74,0.15,0,0,-0.99,-0.15,0.13
29.23,0,0.046,0.18,-0.03,-0.98,200.22,20.64,4.43,0,0.01,0.01,3.85,-0.15,0.15,-0.46,-0.36,0.08,0.94
29.232,7,-0.704,-0.2,-0.66,-0.15,95.36,60.98,85.88,-0,-0,0.02,0,-0.15,0,0,-0.89,0.49,0.04
29.237,2,-0.488,0.16,-0.82,0.25,240.73,46.33,-125.64,0.04,-0,0.01,3.87,-0.15,0,-0.92,-0.74,-0.57,-0.37
29.238,1,0.186,0.01,-0.01,0.98,172.59,-1.82,-0.86,0,-0,-0,3.85,0,0,0,0.03,-0.02,1
29.258,5,-0.283,0.04,-0.96,-0.07,197.03,33.12,172.07,0.05,-0.01,0,3.79,0.46,-0.15,-1.53,-0.59,0.12,-0.8
29.259,3,-0.464,0.06,-0.87,-0.17,188.62,55.65,155.18,0.01,0,0.01,3.73,-0.15,0.46,-0.76,-0.84,0.24,-0.51
29.315,4,-0.312,0.14,-0.94,-0.04,211.03,36.69,-179.01,-0.01,-0,-0,3.72,0,0,0.46,-0.59,-0,-0.81
29.317,7,-0.704,-0.2,-0.66,-0.15,95.24,60.95,85.8,0,-0,0.02,0,0.15,-0.15,-0.15,-0.89,0.49,0.04
29.324,0,0.046,0.18,-0.03,-0.98,200.27,20.67,4.46,0,-0,0.01,3.85,-0.15,-0.46,-0.46,-0.36,0.07,0.94
29.326,6,0.747,-0.03,0.66,-0.08,321.04,78.61,-49.23,-0,0,0,3.74,0,-0.15,0,-0.98,-0.15,0.13
29.331,2,-0.488,0.16,-0.82,0.25,240.64,46.34,-125.68,0.02,0,-0.01,3.87,0,-1.07,-1.07,-0.73,-0.56,-0.38
29.332,1,0.187,0.01,-0.01,0.98,172.52,-1.9,-0.85,0,-0,0,3.85,0,0,0,0.03,-0.02,1
29.359,5,-0.283,0.05,-0.96,-0.07,197.28,33.22,172.23,0.05,-0.01,0,3.79,-0.46,-0.15,0,-0.6,0.11,-0.8
29.361,3,-0.465,0.06,-0.87,-0.17,188.73,55.77,155.23,0.04,0,0.02,3.73,0,1.53,-2.59,-0.86,0.22,-0.49
29.416,4,-0.312,0.14,-0.94,-0.04,211.13,36.63,-178.96,-0.01,0,0,3.72,0.31,0.15,0,-0.6,-0.01,-0.81
29.418,7,-0.704,-0.2,-0.66,-0.15,95.34,61.03,85.87,0,0,0.02,0,0,0,0.15,-0.89,0.49,0.04
29.422,0,0.047,0.18,-0.03,-0.98,200.31,20.59,4.46,-0,-0,0.01,3.85,0.15,0,-0.15,-0.35,0.07,0.94
29.424,6,0.747,-0.03,0.66,-0.08,320.92,78.69,-49.28,0,-0,0,3.74,0.15,0,0,-0.99,-0.15,0.13
29.427,2,-0.488,0.16,-0.82,0.25,240.73,46.36,-125.62,0.03,-0.01,-0,3.87,0.15,0,-0.31,-0.73,-0.57,-0.38
29.429,1,0.187,0.01,-0.01,0.98,172.54,-1.87,-0.85,0.01,0,0,3.85,0.15,-0.31,0,0.03,-0.02,1
29.454,5,-0.284,0.05,-0.95,-0.07,197.25,33.3,172.18,0.05,0.01,-0,3.79,0.31,0.15,0.46,-0.58,0.1,-0.8
29.456,3,-0.465,0.06,-0.87,-0.17,188.93,55.74,155.35,0,0,0.01,3.73,0.15,0.31,-2.9,-0.83,0.22,-0.51
29.517,4,-0.311,0.14,-0.94,-0.04,211.2,36.55,-178.95,-0.01,-0,0,3.72,-0.15,0.46,0.31,-0.59,-0.01,-0.8
29.519,6,0.747,-0.03,0.66,-0.08,321.01,78.66,-49.17,0,0,0.01,3.74,0,0.31,-0.31,-0.99,-0.15,0.13
29.523,0,0.048,0.18,-0.03,-0.98,200.41,20.66,4.51,-0.01,-0.01,0.01,3.85,0,0.31,0.15,-0.35,0.07,0.95
29.525,7,-0.704,-0.2,-0.66,-0.15,95.35,61.04,85.88,0,0,0.02,0,0.15,0,0,-0.89,0.49,0.04
29.529,2,-0.488,0.16,-0.82,0.25,240.65,46.41,-125.67,0.04,-0,0.01,3.87,-0.31,0.46,-1.83,-0.74,-0.56,-0.37
29.53,1,0.188,0.01,-0.01,0.98,172.4,-1.91,-0.88,0,0,0,3.85,0,-0.15,0,0.03,-0.02,1
29.557,5,-0.284,0.05,-0.95,-0.07,197.32,33.3,172.24,0.05,-0.01,0,3.79,0.15,0.76,0.31,-0.59,0.11,-0.8
29.558,3,-0.465,0.06,-0.87,-0.17,188.78,55.72,155.34,0.02,0.02,0.01,3.73,-0.15,-0.15,0.15,-0.84,0.22,-0.5
29.614,4,-0.311,0.14,-0.94,-0.04,211.08,36.47,-179.01,-0,0,0,3.72,0.61,-1.37,6.87,-0.59,-0.02,-0.81
29.615,6,0.747,-0.03,0.66,-0.08,321.12,78.63,-49.02,-0,0,0,3.74,0,0,0.15,-0.98,-0.15,0.13
29.62,0,0.048,0.18,-0.03,-0.98,200.44,20.71,4.54,-0,-0,0,3.85,0.31,0,0,-0.35,0.08,0.94
29.621,7,-0.704,-0.2,-0.66,-0.15,95.45,61.09,85.96,-0,0,0.02,0,0,0,0.15,-0.89,0.49,0.03
29.625,2,-0.487,0.16,-0.82,0.25,240.47,46.41,-125.71,0.02,0,-0,3.87,0.76,1.37,0.61,-0.73,-0.56,-0.38
29.627,1,0.187,0.01,-0.01,0.98,172.45,-1.88,-0.87,0,0,0,3.85,0,0,0,0.03,-0.01,1
29.676,5,-0.285,0.05,-0.95,-0.07,197.31,33.43,172.2,0.05,-0,-0,3.79,0,-0.76,0,-0.59,0.11,-0.8
29.678,3,-0.464,0.06,-0.87,-0.17,188.76,55.63,155.33,0.02,0.01,0,3.73,-0.15,-0.15,0.92,-0.84,0.23,-0.5
29.73,4,-0.312,0.13,-0.94,-0.04,210.55,36.62,-179.41,0,0.03,-0.01,3.72,-0.46,0.31,0,-0.58,-0.04,-0.8
29.731,6,0.747,-0.03,0.66,-0.08,321.14,78.62,-49.04,0,0,0.01,3.74,-0.15,-0.15,0.15,-0.98,-0.15,0.13
29.736,0,0.047,0.18,-0.03,-0.98,200.39,20.65,4.51,0,-0,0.01,3.85,0.15,-0.15,0.46,-0.36,0.08,0.94
29.737,7,-0.704,-0.2,-0.66,-0.15,95.39,61.05,85.93,0.01,-0,0.02,0,0,-0.15,0,-0.89,0.49,0.04
29.742,2,-0.488,0.16,-0.82,0.25,240.6,46.39,-125.58,0.02,-0.01,-0,3.87,-0.61,-1.22,-1.68,-0.74,-0.56,-0.38
29.743,1,0.187,0.01,-0.01,0.98,172.54,-1.88,-0.84,0.01,-0,0,3.85,0,0.15,0,0.03,-0.02,1
29.769,5,-0.286,0.05,-0.95,-0.07,197.31,33.54,172.14,0.05,0,-0,3.79,-0.76,0,1.07,-0.59,0.1,-0.8
29.771,3,-0.463,0.06,-0.87,-0.17,189.06,55.59,155.53,0.03,-0.01,0.02,3.73,0.31,0.61,-0.76,-0.85,0.24,-0.5
29.828,4,-0.311,0.14,-0.94,-0.04,210.66,36.56,-179.26,-0,-0.01,0,3.72,-0.15,0.76,-1.53,-0.6,0,-0.8
29.83,6,0.748,-0.03,0.66,-0.08,321.38,78.57,-48.86,0,-0,0,3.74,0,0,0,-0.99,-0.15,0.13
29.834,0,0.047,0.18,-0.03,-0.98,200.35,20.72,4.54,-0.01,0.01,0.01,3.85,0,0.31,0.15,-0.35,0.09,0.94
29.836,7,-0.703,-0.2,-0.66,-0.15,95.4,61.02,86.03,0,0.01,0.02,0,0,0,0,-0.89,0.49,0.04
29.84,2,-0.488,0.16,-0.82,0.25,240.55,46.4,-125.62,0.02,0,0,3.87,0.31,0,1.22,-0.73,-0.56,-0.38
29.842,1,0.187,0.01,-0.01,0.98,172.53,-1.9,-0.84,0.01,0,0,3.85,0,0,0,0.03,-0.02,1
29.862,5,-0.286,0.05,-0.95,-0.07,197.31,33.6,172.16,0.05,-0,-0,3.79,0.15,0.15,0.61,-0.59,0.11,-0.8
29.863,3,-0.464,0.06,-0.87,-0.17,189.07,55.67,155.53,0.02,-0.01,0.02,3.73,0,0.46,-1.68,-0.85,0.24,-0.5
29.919,4,-0.311,0.14,-0.94,-0.04,210.7,36.49,-179.26,-0,-0.01,0,3.72,-0.15,0.31,-0.46,-0.59,-0,-0.81
29.921,6,0.748,-0.03,0.66,-0.08,321.24,78.55,-49.05,-0,0,0.01,3.74,0,0,0,-0.99,-0.15,0.13
29.925,0,0.047,0.18,-0.03,-0.98,200.33,20.74,4.54,-0.01,-0,0.01,3.85,0,0,-0.15,-0.35,0.07,0.94
29.927,7,-0.703,-0.2,-0.67,-0.15,95.53,61.07,86.1,0,0,0.02,0,0,0,0,-0.89,0.49,0.04
29.931,2,-0.488,0.16,-0.82,0.25,240.55,46.47,-125.58,0.02,0,-0,3.87,0.31,-0.15,0.92,-0.74,-0.56,-0.38
29.932,1,0.187,0.01,-0.01,0.98,172.54,-1.86,-0.84,0,-0,0,3.85,0,0.15,0,0.03,-0.02,1
29.979,5,-0.286,0.05,-0.95,-0.07,197.26,33.57,172.11,0.05,-0,0,3.79,-0.15,0.31,0,-0.6,0.11,-0.8
29.981,3,-0.464,0.06,-0.87,-0.17,189.15,55.65,155.62,0.02,-0,0,3.73,0,0,-0.92,-0.84,0.23,-0.5
30.033,4,-0.311,0.14,-0.94,-0.04,210.76,36.47,-179.23,-0,-0.01,0.01,3.72,0,0,0.15,-0.59,-0,-0.82
30.036,6,0.747,-0.03,0.66,-0.08,321.17,78.62,-49.02,0,0,0.01,3.74,0,0,0.31,-0.98,-0.15,0.13
30.042,0,0.046,0.18,-0.03,-0.98,200.3,20.8,4.52,-0,-0,0,3.85,-0.15,0.15,0,-0.36,0.07,0.94
30.044,7,-0.704,-0.2,-0.66,-0.15,95.46,61.07,86,0,0,0.02,0,0,0,0,-0.89,0.49,0.04
30.047,2,-0.488,0.16,-0.82,0.25,240.61,46.39,-125.54,0.02,-0,-0,3.87,0,0.31,-1.83,-0.74,-0.56,-0.38
30.049,1,0.188,0.01,-0.01,0.98,172.43,-1.74,-0.94,0,0,0,3.85,-0.15,0,0,0.03,-0.02,1
30.067,5,-0.286,0.05,-0.95,-0.07,197.28,33.53,172.1,0.05,-0,0,3.79,0,0,0.31,-0.59,0.11,-0.8
30.069,3,-0.465,0.06,-0.87,-0.17,189.28,55.79,155.69,0.01,0.02,0,3.73,0,-0.92,0,-0.84,0.21,-0.51
30.136,4,-0.31,0.14,-0.94,-0.04,210.69,36.38,-179.29,0,0,0.01,3.72,0.15,0.31,0,-0.6,-0.01,-0.81
30.138,7,-0.704,-0.2,-0.66,-0.15,95.47,61.09,85.98,0,-0,0.02,0,-0.15,0,0.15,-0.89,0.49,0.04
30.141,0,0.047,0.18,-0.03,-0.98,200.35,20.82,4.52,-0.01,-0,0,3.85,0,0.31,0.15,-0.35,0.08,0.94
30.142,6,0.747,-0.03,0.66,-0.08,321.19,78.66,-48.98,0,-0,0.01,3.74,0,0,0,-0.99,-0.15,0.13
30.146,2,-0.489,0.15,-0.82,0.25,240.31,46.66,-125.57,0.02,-0.03,-0,3.87,3.36,2.59,9,-0.75,-0.53,-0.38
30.147,1,0.187,0.01,-0.01,0.98,172.54,-1.71,-0.94,0,-0,0,3.85,0,0.15,0.15,0.03,-0.02,1
30.17,5,-0.285,0.05,-0.95,-0.07,197.17,33.47,172.01,0.04,0.01,-0,3.8,-0.15,-0.15,1.07,-0.58,0.11,-0.8
30.172,3,-0.465,0.06,-0.87,-0.17,189.17,55.79,155.6,0.01,0,0,3.73,0,-0.46,1.53,-0.84,0.22,-0.51
30.228,4,-0.309,0.14,-0.94,-0.04,210.59,36.36,-179.49,0.03,0.01,0,3.72,-1.53,0.15,0.61,-0.62,-0.02,-0.79
30.229,6,0.747,-0.03,0.66,-0.08,321.37,78.66,-48.84,0.01,-0,0.01,3.74,0,0,-0.15,-0.99,-0.15,0.13
30.233,0,0.047,0.18,-0.03,-0.98,200.37,20.91,4.51,-0,0.01,0.01,3.85,-0.15,0.31,0.15,-0.35,0.08,0.94
30.234,7,-0.703,-0.2,-0.66,-0.15,95.53,61.09,86,0.01,-0,0.02,0,0.15,0,0,-0.89,0.49,0.04
30.239,2,-0.489,0.15,-0.82,0.25,240.12,46.78,-125.66,0.02,0,0,3.87,-0.31,0.15,1.07,-0.74,-0.56,-0.38
30.24,1,0.188,0.01,-0.01,0.98,172.44,-1.75,-0.94,0,0,-0,3.85,0,0.15,0,0.02,-0.02,1
30.262,5,-0.286,0.04,-0.95,-0.07,196.98,33.56,171.96,0.04,0,0,3.79,0.15,0.15,0.61,-0.58,0.11,-0.81
30.264,3,-0.465,0.06,-0.87,-0.17,189.03,55.82,155.5,0.03,-0.01,0.01,3.73,0.31,-0.15,1.37,-0.85,0.23,-0.5
30.323,4,-0.31,0.14,-0.94,-0.04,210.71,36.4,-179.35,-0.01,-0.01,-0,3.72,0.15,0.46,-0.46,-0.59,0,-0.81
30.325,7,-0.704,-0.2,-0.66,-0.15,95.44,61.1,85.92,0,0,0.02,0,0,0,0,-0.89,0.49,0.04
30.33,0,0.047,0.18,-0.03,-0.98,200.41,20.85,4.52,-0,0,0.02,3.85,-0.15,0.31,-0.46,-0.36,0.08,0.95
30.331,6,0.748,-0.03,0.66,-0.08,321.62,78.69,-48.42,-0,0,0,3.74,0,0,-0.15,-0.98,-0.15,0.13
30.337,2,-0.489,0.15,-0.82,0.25,240.12,46.83,-125.63,0.03,0.01,0.01,3.87,0,0,-0.15,-0.74,-0.57,-0.37
30.338,1,0.187,0.01,-0.01,0.98,172.47,-1.66,-0.94,-0,-0,0,3.85,0,0,0,0.03,-0.02,1
30.363,5,-0.286,0.04,-0.95,-0.07,196.91,33.5,171.95,0.05,0,0,3.79,0.61,0,0.31,-0.6,0.12,-0.8
30.365,3,-0.465,0.06,-0.87,-0.17,188.97,55.82,155.48,0.03,-0,0.01,3.73,0,0.15,-0.15,-0.85,0.23,-0.49
30.442,4,-0.31,0.14,-0.94,-0.04,210.7,36.44,-179.37,-0.01,-0,0,3.72,0,0,0,-0.59,-0,-0.81
30.443,7,-0.704,-0.2,-0.66,-0.15,95.51,61.11,85.97,0,-0,0.01,0,0,0,0,-0.89,0.49,0.04
30.447,0,0.047,0.18,-0.03,-0.98,200.42,20.83,4.54,0,0,0.01,3.85,-0.15,0,-0.15,-0.36,0.08,0.94
30.449,6,0.748,-0.03,0.66,-0.08,321.65,78.63,-48.41,0,0,0,3.74,0,0,0,-0.98,-0.15,0.13
30.454,2,-0.488,0.15,-0.82,0.25,240.06,46.69,-125.69,0.02,0,-0,3.87,-0.15,-0.61,0.15,-0.74,-0.56,-0.38
30.456,1,0.186,0.01,-0.01,0.98,172.57,-1.62,-0.93,0,0,0,3.85,0,0,0.15,0.03,-0.02,1
30.474,5,-0.286,0.04,-0.95,-0.07,197.01,33.51,172.08,0.05,0,-0,3.8,0.15,0,0,-0.59,0.11,-0.8
30.476,3,-0.465,0.06,-0.87,-0.17,188.96,55.8,155.45,0.01,0.01,0,3.73,-0.46,-0.61,-0.15,-0.83,0.22,-0.5
30.533,4,-0.31,0.14,-0.94,-0.04,210.64,36.38,-179.39,-0.01,-0,0,3.72,0.31,0,-0.61,-0.59,-0,-0.81
30.536,6,0.748,-0.03,0.66,-0.08,321.49,78.68,-48.52,-0,-0,0,3.74,0,0,0.15,-0.98,-0.15,0.13
30.54,0,0.047,0.18,-0.03,-0.98,200.38,20.87,4.49,0,-0,0.01,3.85,-0.15,0.15,-0.15,-0.36,0.07,0.93
30.542,7,-0.703,-0.2,-0.67,-0.15,95.58,61.14,85.99,0,0,0.02,0,0,0,0.15,-0.89,0.49,0.04
30.546,2,-0.489,0.15,-0.82,0.25,240.04,46.78,-125.69,0.04,0,-0,3.87,0,0.31,0.31,-0.74,-0.56,-0.38
30.548,1,0.185,0.01,-0.01,0.98,172.68,-1.61,-0.91,0,-0,0,3.85,0,0,0,0.02,-0.02,1
30.567,5,-0.286,0.04,-0.95,-0.07,197.01,33.48,172.06,0.04,0,-0,3.8,-0.31,0,0.76,-0.58,0.1,-0.8
30.569,3,-0.466,0.06,-0.87,-0.17,188.82,55.88,155.33,0.01,0.01,0.02,3.73,0.15,0,-0.15,-0.85,0.23,-0.52
30.639,4,-0.31,0.14,-0.94,-0.04,210.64,36.45,-179.38,-0,0,0.01,3.72,0,-0.31,0.31,-0.59,-0.01,-0.81
30.641,6,0.748,-0.03,0.66,-0.08,321.75,78.59,-48.35,-0.02,-0,-0,3.74,-0.15,0,0,-0.98,-0.15,0.12
30.644,0,0.046,0.18,-0.03,-0.98,200.28,20.89,4.42,-0,-0,0.01,3.85,-0.15,0,0,-0.36,0.07,0.94
30.646,7,-0.703,-0.2,-0.67,-0.15,95.64,61.16,86.01,-0.01,-0.01,0.02,0,-0.15,-0.46,0,-0.89,0.49,0.02
30.65,2,-0.489,0.15,-0.82,0.25,240.01,46.81,-125.68,0.03,-0,0,3.87,0.31,-0.31,0.46,-0.74,-0.55,-0.37
30.651,1,0.187,0.01,-0.01,0.98,172.55,-1.55,-0.95,-0.02,-0.01,0.01,3.85,0.76,1.37,-0.61,0.04,-0.01,1.01
30.673,5,-0.285,0.04,-0.95,-0.07,196.86,33.46,171.97,0.04,-0,0,3.8,-0.15,0,0.46,-0.59,0.11,-0.8
30.675,3,-0.469,0.06,-0.87,-0.17,188.11,56.15,154.82,0.05,-0.01,0.01,3.73,1.53,-0.76,2.29,-0.86,0.22,-0.47
30.733,4,-0.31,0.14,-0.94,-0.04,210.71,36.41,-179.37,0,-0,0,3.72,0,-0.31,0.15,-0.6,-0.01,-0.8
30.734,6,0.749,-0.03,0.66,-0.08,321.95,78.5,-48.3,0.02,0.01,0.01,3.74,0.76,0.15,-0.15,-0.99,-0.16,0.15
30.74,0,0.046,0.18,-0.03,-0.98,200.18,20.88,4.35,-0,-0,0.01,3.85,0.15,0.15,-0.15,-0.36,0.07,0.94
30.741,7,-0.703,-0.2,-0.67,-0.15,95.69,61.19,86,0.02,0,0.02,0,0.61,-0.15,0,-0.89,0.49,0.04
30.745,2,-0.489,0.15,-0.82,0.25,240.19,46.8,-125.57,0.02,0.01,0,3.87,-0.76,-0.31,-1.53,-0.73,-0.56,-0.38
30.747,1,0.188,0.01,-0.01,0.98,172.38,-1.52,-0.95,0,0.02,-0.01,3.85,-0.15,-1.07,-0.31,0.02,-0.01,0.98
30.766,5,-0.286,0.04,-0.95,-0.07,196.96,33.48,172.05,0.04,0,0,3.8,0.15,0.15,-0.31,-0.59,0.11,-0.8
30.769,3,-0.469,0.06,-0.87,-0.17,187.61,56.1,154.47,0.01,-0.02,-0,3.73,1.37,-1.22,5.49,-0.85,0.26,-0.48
30.835,4,-0.31,0.14,-0.94,-0.04,210.66,36.4,-179.39,0,0,0,3.72,0,0.46,-0.61,-0.59,-0.01,-0.81
30.838,6,0.748,-0.03,0.66,-0.08,321.28,78.6,-48.79,-0,0.01,0.01,3.74,0.46,0.46,-0.31,-0.99,-0.16,0.13
30.842,0,0.046,0.18,-0.03,-0.98,200.23,20.78,4.38,-0.01,0.01,0,3.85,0,-0.46,0.31,-0.35,0.08,0.94
30.844,7,-0.704,-0.2,-0.67,-0.15,95.56,61.19,85.93,0,0.01,0.02,0,-0.15,0.61,0.92,-0.9,0.48,0.04
30.848,2,-0.489,0.15,-0.82,0.25,240.15,46.71,-125.62,0.02,0.02,-0,3.87,0.76,-1.83,-2.29,-0.72,-0.57,-0.37
30.849,1,0.188,0.01,-0.01,0.98,172.42,-1.72,-0.93,0,-0,0,3.85,-0.31,-0.92,-0.15,0.03,-0.02,1
30.868,5,-0.285,0.04,-0.95,-0.07,197,33.46,172.13,0.03,0,-0.01,3.8,0.61,0,2.59,-0.57,0.1,-0.8
30.87,3,-0.468,0.05,-0.87,-0.17,187.15,55.95,154.22,0.02,0.03,0.01,3.73,0.46,0.15,0,-0.85,0.22,-0.49
30.934,4,-0.309,0.14,-0.94,-0.04,210.85,36.27,-179.3,-0.01,0,0.01,3.72,1.07,1.68,-3.36,-0.59,-0.01,-0.82
30.936,6,0.747,-0.03,0.66,-0.08,321.11,78.61,-48.97,-0.01,0,-0,3.74,-0.61,0,0.31,-0.98,-0.15,0.12
30.94,0,0.046,0.18,-0.03,-0.98,200.24,20.57,4.36,0,0.02,-0,3.85,-0.92,-4.43,-0.76,-0.36,0.08,0.93
30.941,7,-0.703,-0.2,-0.67,-0.15,95.71,61.11,86,-0.02,-0.01,0.01,0,-0.92,0.15,0.31,-0.87,0.49,0.02
30.945,2,-0.49,0.16,-0.82,0.25,240.87,46.47,-124.94,0.06,-0.02,0,3.87,0.15,-1.37,-0.15,-0.76,-0.55,-0.35
30.947,1,0.187,0.02,-0.01,0.98,172.49,-1.94,-0.92,-0.01,-0,0.01,3.85,0,-1.22,-0.15,0.04,-0.02,1.01
30.968,5,-0.286,0.04,-0.95,-0.07,196.72,33.57,172.02,0.01,0.01,-0,3.8,0,-1.98,1.98,-0.56,0.11,-0.81
30.97,3,-0.468,0.05,-0.87,-0.17,186.76,55.83,153.91,0.02,-0.02,0.02,3.73,0.46,-1.07,2.75,-0.85,0.26,-0.49
31.035,4,-0.309,0.14,-0.94,-0.04,211.14,36.22,-178.88,0.03,-0.03,0,3.72,1.53,-1.68,-0.61,-0.63,0,-0.78
31.038,6,0.748,-0.03,0.66,-0.08,321.77,78.59,-48.28,0.01,-0.01,0,3.74,0.31,0.15,-1.37,-0.98,-0.14,0.14
31.044,0,0.047,0.18,-0.03,-0.98,200.31,20.14,4.32,0,-0,-0,3.85,0.15,-2.75,0,-0.35,0.08,0.93
31.046,7,-0.703,-0.2,-0.67,-0.15,95.83,61.03,86.1,0.01,-0,0.01,0,0.76,-0.15,0,-0.88,0.49,0.04
31.052,2,-0.49,0.16,-0.82,0.25,241.01,46.4,-124.96,0.01,0.01,0.01,3.87,-1.98,-0.61,-2.59,-0.73,-0.57,-0.38
31.055,1,0.188,0.02,-0.01,0.98,172.39,-2.1,-0.89,0.01,0.01,-0,3.85,0.15,-0.15,-0.31,0.03,-0.01,1
31.079,5,-0.286,0.04,-0.95,-0.07,196.43,33.54,171.73,0.04,-0.02,0,3.8,-2.59,-0.15,1.07,-0.59,0.12,-0.8
31.081,3,-0.468,0.05,-0.87,-0.17,186.44,55.81,153.67,0,0,0.02,3.73,0,1.22,-1.83,-0.84,0.25,-0.51
31.142,4,-0.31,0.14,-0.94,-0.03,211.55,36.35,-178.48,-0.02,0.01,-0,3.72,2.29,-1.07,0,-0.58,-0.01,-0.82
31.143,7,-0.703,-0.2,-0.67,-0.15,95.61,61.08,85.98,0.01,0.01,0.02,0,0.46,0.15,-0.61,-0.9,0.48,0.04
31.149,0,0.045,0.17,-0.03,-0.98,200.04,19.93,4.18,0.01,-0.01,0.02,3.85,0.15,-1.07,-0.61,-0.36,0.06,0.95
31.151,6,0.747,-0.03,0.66,-0.08,321.17,78.63,-48.76,-0,0,0,3.74,0.76,0.31,-1.07,-0.99,-0.15,0.12
31.157,2,-0.49,0.16,-0.82,0.25,241.37,46.33,-124.88,0.02,-0,0,3.87,-0.61,0.15,-3.2,-0.73,-0.58,-0.38
31.16,1,0.188,0.02,-0.01,0.98,172.38,-2.26,-0.85,0,-0.01,0.01,3.85,0.15,-0.31,0,0.04,-0.02,1.01
31.184,5,-0.287,0.04,-0.95,-0.08,196.29,33.68,171.53,0.05,0,0.01,3.79,-0.46,-1.37,0.46,-0.6,0.13,-0.8
31.186,3,-0.468,0.05,-0.87,-0.17,186.84,55.88,153.99,0.04,-0.01,0.01,3.73,-0.15,0.31,-0.76,-0.85,0.24,-0.48
31.239,4,-0.311,0.14,-0.94,-0.03,211.52,36.43,-178.36,0,0.01,-0,3.72,0.76,-1.37,1.07,-0.59,-0.04,-0.8
31.241,6,0.747,-0.03,0.66,-0.08,320.91,78.59,-49.02,-0,0,0.01,3.74,-0.15,-0.15,0.61,-0.99,-0.15,0.13
31.245,0,0.045,0.17,-0.03,-0.98,199.98,19.7,4.12,-0,-0,0.04,3.85,-0.46,-0.46,1.07,-0.35,0.07,0.98
31.246,7,-0.703,-0.2,-0.66,-0.15,95.57,61.09,85.97,0,-0,0.03,0,-0.46,0,0,-0.89,0.5,0.04
31.25,2,-0.491,0.16,-0.82,0.25,241.7,46.26,-124.64,0.03,-0.01,-0.01,3.87,0,-2.9,-4.58,-0.73,-0.56,-0.36
31.251,1,0.188,0.02,-0.01,0.98,172.37,-2.18,-0.87,0,0,0.01,3.85,0.31,0.31,0,0.03,-0.01,1
31.273,5,-0.288,0.04,-0.95,-0.08,196.12,33.7,171.3,0.05,0,-0,3.79,-1.37,-0.31,0.76,-0.6,0.12,-0.79
31.275,3,-0.469,0.05,-0.87,-0.17,187.18,56.02,154.22,0.02,0.01,0,3.73,-0.76,-0.61,-0.15,-0.84,0.23,-0.49
31.338,4,-0.312,0.14,-0.94,-0.03,211.72,36.52,-178.17,0,-0.01,0.01,3.72,0.31,0,-2.44,-0.62,-0.01,-0.81
31.34,6,0.748,-0.03,0.66,-0.08,321.22,78.56,-48.75,-0,0,0.01,3.74,-0.15,0,0.46,-0.98,-0.15,0.13
31.345,0,0.045,0.17,-0.03,-0.98,200.03,19.57,4.17,-0,-0,0.01,3.85,0.61,-0.15,-0.76,-0.34,0.06,0.95
31.346,7,-0.703,-0.2,-0.67,-0.15,95.62,61.02,86.05,0,-0.01,0.02,0,0.31,0,-0.46,-0.89,0.5,0.04
31.351,2,-0.491,0.16,-0.82,0.25,241.94,46.22,-124.59,0.02,-0.01,0,3.87,-0.92,0.46,0.46,-0.73,-0.57,-0.38
31.354,1,0.187,0.02,-0.01,0.98,172.48,-2.1,-0.83,0,0,-0,3.85,0,-0.46,0,0.03,-0.01,1
31.381,5,-0.289,0.04,-0.95,-0.08,196.34,33.82,171.36,0.03,0.01,-0.01,3.79,0.61,0.15,-2.29,-0.58,0.1,-0.79
31.382,3,-0.469,0.05,-0.87,-0.17,187.35,56.03,154.32,0.01,0.01,0,3.73,-0.46,-0.31,0,-0.84,0.24,-0.5
31.458,4,-0.312,0.14,-0.94,-0.03,211.78,36.54,-178.17,-0.02,0,-0,3.72,-0.76,-0.76,2.59,-0.59,-0.04,-0.81
31.46,7,-0.703,-0.2,-0.67,-0.15,95.59,61.08,86.02,0,0,0.02,0,0,0,0.31,-0.89,0.49,0.04
31.463,0,0.045,0.17,-0.03,-0.98,200.04,19.59,4.25,-0,0.01,0.01,3.85,0.92,1.22,-0.76,-0.33,0.08,0.94
31.465,6,0.748,-0.03,0.66,-0.08,321.24,78.61,-48.68,-0,-0,0,3.74,0.31,0.15,-0.31,-0.98,-0.15,0.13
31.469,2,-0.491,0.16,-0.82,0.25,241.87,46.24,-124.61,0.01,0.01,0,3.87,-1.22,0,-0.15,-0.72,-0.57,-0.39
31.471,1,0.187,0.02,-0.01,0.98,172.54,-2.22,-0.77,0,-0,-0,3.85,-0.15,-0.15,0,0.04,-0.02,1
31.476,5,-0.289,0.04,-0.95,-0.08,196.39,33.84,171.31,0.03,0.02,-0,3.79,-0.76,-0.15,-1.07,-0.58,0.11,-0.81
31.478,3,-0.469,0.05,-0.87,-0.17,187.38,56.08,154.32,0.02,0,0.02,3.73,0.15,-0.15,-0.46,-0.85,0.23,-0.49
31.541,4,-0.311,0.14,-0.94,-0.03,211.55,36.41,-178.26,-0.01,-0.01,0,3.72,0.15,0.92,-1.07,-0.59,-0.01,-0.81
31.542,7,-0.703,-0.2,-0.67,-0.15,95.62,61.1,86.02,0.01,-0,0.02,0,-0.15,0,0.61,-0.89,0.49,0.04
31.546,0,0.045,0.17,-0.03,-0.98,200.03,19.68,4.28,0,0.02,0,3.85,0.31,-0.15,0,-0.33,0.09,0.94
31.547,6,0.748,-0.03,0.66,-0.08,321.5,78.55,-48.41,-0,0,0,3.74,-0.31,0,-0.15,-0.98,-0.15,0.13
31.551,2,-0.491,0.17,-0.82,0.25,242.23,46.06,-124.44,0.04,0,0.01,3.87,0,0.46,0.61,-0.74,-0.58,-0.36
31.552,1,0.188,0.02,-0.01,0.98,172.4,-2.28,-0.8,0,-0,0.01,3.85,0,0,0.15,0.04,-0.02,1.01
31.583,5,-0.289,0.04,-0.95,-0.08,196.46,33.94,171.38,0.05,-0,0,3.8,0,0.31,-0.15,-0.6,0.12,-0.8
31.585,3,-0.469,0.05,-0.87,-0.17,187.5,56.08,154.42,0.02,-0,0.01,3.73,-0.46,1.98,-2.14,-0.85,0.24,-0.49
31.641,4,-0.311,0.14,-0.94,-0.03,211.62,36.39,-178.23,0,-0.01,0,3.72,-0.46,0.31,0.76,-0.6,-0.02,-0.8
31.643,6,0.748,-0.03,0.66,-0.08,321.39,78.59,-48.5,-0,-0,0.01,3.74,-0.15,-0.15,0.31,-0.99,-0.15,0.13
31.647,0,0.046,0.17,-0.03,-0.98,200.12,19.62,4.4,0.01,0,0.01,3.85,0,0.76,0,-0.35,0.07,0.94
31.648,7,-0.704,-0.2,-0.66,-0.15,95.49,61.07,85.86,-0,0,0.01,0,0,0.15,-0.15,-0.89,0.49,0.03
31.652,2,-0.491,0.16,-0.82,0.25,242.05,46.14,-124.53,0.02,-0,0,3.87,0.15,0.46,0.31,-0.73,-0.58,-0.38
31.654,1,0.188,0.02,-0.01,0.98,172.45,-2.3,-0.8,0,0.01,0,3.85,-0.46,-0.15,0.31,0.03,-0.01,1
31.677,5,-0.289,0.04,-0.95,-0.08,196.6,33.94,171.56,0.04,-0.01,0.01,3.79,0.61,0.31,0.15,-0.6,0.13,-0.8
31.679,3,-0.469,0.06,-0.87,-0.17,187.71,56.07,154.58,-0.01,0.01,-0,3.73,-0.46,-1.98,0.15,-0.83,0.23,-0.51
31.739,4,-0.31,0.14,-0.94,-0.03,211.7,36.33,-178.27,0.01,0.01,0,3.72,-0.15,0,0.92,-0.6,-0.04,-0.8
31.74,7,-0.704,-0.2,-0.66,-0.15,95.41,61.04,85.81,0.01,-0,0.01,0,0,-0.15,0.15,-0.88,0.49,0.04
31.744,0,0.045,0.17,-0.03,-0.98,200.11,19.81,4.44,0,0,0.02,3.85,0.15,1.22,-0.15,-0.35,0.07,0.95
31.745,6,0.748,-0.03,0.66,-0.08,321.44,78.63,-48.4,-0,-0,0,3.74,0.15,0.15,0.15,-0.99,-0.14,0.13
31.749,2,-0.49,0.17,-0.82,0.25,242.03,46.05,-124.57,0.02,-0,-0,3.87,0.31,-0.46,-0.31,-0.73,-0.57,-0.38
31.751,1,0.188,0.02,-0.01,0.98,172.44,-2.19,-0.82,0.01,-0,-0.01,3.85,0,0,-0.46,0.03,-0.02,0.99
31.778,5,-0.289,0.04,-0.95,-0.08,196.42,33.88,171.45,0.04,0,-0,3.8,-0.15,0,0.61,-0.59,0.11,-0.8
31.78,3,-0.469,0.06,-0.87,-0.17,187.62,56.12,154.47,0.03,-0.01,0.02,3.73,0.15,1.68,-0.92,-0.85,0.24,-0.48
31.85,4,-0.31,0.14,-0.94,-0.03,211.84,36.26,-178.21,0,-0.01,0.01,3.72,0.46,0.46,-1.07,-0.61,-0.02,-0.8
31.851,7,-0.704,-0.2,-0.66,-0.15,95.48,61.06,85.86,-0,0,0.01,0,0,0,0,-0.89,0.49,0.04
31.856,0,0.046,0.17,-0.03,-0.98,200.14,19.86,4.43,-0,0,0,3.85,-0.15,0.61,-0.46,-0.34,0.07,0.94
31.858,6,0.747,-0.03,0.66,-0.08,321.13,78.65,-48.73,-0,-0,0,3.74,0,0,-0.15,-0.98,-0.15,0.13
31.862,2,-0.49,0.16,-0.82,0.25,241.7,46.12,-124.85,0,0,0.03,3.87,-1.22,2.29,3.05,-0.74,-0.58,-0.41
31.863,1,0.188,0.02,-0.01,0.98,172.42,-2.22,-0.82,0,-0,-0,3.85,0.31,-0.31,0,0.04,-0.02,1
31.884,5,-0.29,0.04,-0.95,-0.08,196.47,33.96,171.53,0.03,-0.02,0,3.8,-0.15,-0.31,-1.83,-0.58,0.12,-0.81
31.886,3,-0.469,0.06,-0.87,-0.17,187.63,56.06,154.46,0.01,-0.01,0.02,3.73,0.76,-0.31,1.22,-0.85,0.24,-0.5
31.944,4,-0.31,0.14,-0.94,-0.03,211.94,36.29,-178.07,-0.05,0.01,-0.02,3.72,0.46,-1.07,3.2,-0.55,-0.02,-0.8
31.946,7,-0.704,-0.2,-0.66,-0.15,95.43,61.07,85.86,0,-0,0.01,0,0,-0.31,0,-0.9,0.5,0.04
31.949,0,0.045,0.17,-0.03,-0.98,200.06,19.89,4.4,0,-0,0.02,3.85,-0.15,1.37,0.15,-0.35,0.07,0.96
31.951,6,0.747,-0.03,0.66,-0.08,320.85,78.68,-49.01,0,-0.01,0.01,3.74,0.15,0.15,-0.31,-0.99,-0.14,0.13
31.955,2,-0.49,0.16,-0.82,0.25,241.49,46.31,-124.94,0.04,-0.01,-0,3.87,2.29,-2.44,-2.29,-0.75,-0.57,-0.36
31.957,1,0.188,0.02,-0.01,0.98,172.43,-2.29,-0.73,0.01,-0,0,3.85,0.76,0,-0.31,0.03,-0.02,1
31.982,5,-0.289,0.04,-0.95,-0.08,196.45,33.85,171.56,0.04,-0.01,0,3.8,0.15,1.22,0.76,-0.6,0.12,-0.8
31.984,3,-0.469,0.06,-0.87,-0.17,187.62,56.12,154.49,0.03,0,0.02,3.73,-0.76,1.98,-2.9,-0.85,0.25,-0.48
32.039,4,-0.308,0.14,-0.94,-0.03,211.68,36.1,-178.35,0.03,0,0.01,3.72,-3.81,1.53,2.44,-0.59,-0.01,-0.81
32.041,6,0.747,-0.03,0.66,-0.08,320.57,78.62,-49.29,-0,0.01,0.01,3.74,0.61,0.15,0,-0.99,-0.16,0.13
32.044,0,0.045,0.18,-0.03,-0.98,200.06,20.04,4.44,0.01,-0.01,0,3.85,0.61,0.61,-0.15,-0.35,0.07,0.94
32.046,7,-0.704,-0.2,-0.66,-0.15,95.35,61.09,85.84,-0,0,0.02,0,0.15,0,-0.46,-0.89,0.49,0.03
32.049,2,-0.492,0.16,-0.82,0.25,241.69,46.42,-124.54,0.02,0,-0.02,3.87,2.59,0.46,2.44,-0.72,-0.56,-0.38
32.052,1,0.188,0.02,-0.01,0.98,172.38,-2.4,-0.64,0.01,0,0.01,3.85,0.31,0,0,0.04,-0.01,1.01
32.082,5,-0.289,0.04,-0.95,-0.08,196.38,33.9,171.51,0.04,-0.01,-0,3.8,-0.15,0.15,0.76,-0.59,0.12,-0.8
32.084,3,-0.468,0.06,-0.87,-0.17,187.83,56.04,154.7,0,-0.01,0.01,3.73,0.31,-0.92,2.75,-0.84,0.25,-0.5
32.156,4,-0.308,0.14,-0.94,-0.04,211.15,36.11,-179.04,-0.05,0.02,-0.01,3.72,-0.92,-1.53,2.14,-0.55,-0.02,-0.83
32.158,6,0.746,-0.03,0.66,-0.08,319.81,78.6,-50,-0,0.02,-0,3.74,-1.98,0.31,0.76,-0.97,-0.17,0.12
32.163,0,0.044,0.18,-0.03,-0.98,200,20.19,4.42,-0,0,0.01,3.85,0,-0.76,-1.83,-0.35,0.06,0.95
32.165,7,-0.704,-0.2,-0.66,-0.15,95.37,61.12,85.89,-0.01,-0.01,0.02,0,0,-0.15,0.31,-0.89,0.5,0.02
32.169,2,-0.491,0.16,-0.82,0.25,241.59,46.39,-124.6,0.02,-0.01,-0,3.87,-1.53,0.61,0.61,-0.74,-0.55,-0.37
32.17,1,0.189,0.02,-0.01,0.98,172.24,-2.35,-0.66,0,-0.01,0,3.85,0.15,0.92,-1.37,0.04,-0.02,1
32.189,5,-0.288,0.04,-0.95,-0.08,196.24,33.78,171.32,0.04,0,0.01,3.8,-1.07,-0.15,1.22,-0.61,0.12,-0.8
32.191,3,-0.469,0.06,-0.87,-0.17,187.66,56.06,154.61,0.02,0.02,0,3.73,0.31,0,0.61,-0.85,0.22,-0.49
32.249,4,-0.309,0.14,-0.94,-0.04,211.28,36.21,-178.88,0.03,-0,0.01,3.72,0.15,-0.46,0,-0.62,-0.02,-0.79
32.251,6,0.746,-0.03,0.66,-0.08,320.04,78.69,-49.99,0.01,-0.02,0.01,3.74,-1.53,-0.31,0,-0.99,-0.13,0.14
32.255,0,0.044,0.18,-0.03,-0.98,199.94,20.16,4.36,-0,0,-0.01,3.85,-0.31,0.61,0.15,-0.34,0.08,0.93
32.257,7,-0.704,-0.2,-0.66,-0.15,95.37,61.22,85.83,0,0.01,0.02,0,0.15,0,0.31,-0.9,0.48,0.04
32.261,2,-0.491,0.16,-0.82,0.25,241.35,46.45,-124.92,0.01,-0,-0,3.87,-0.46,1.37,-0.15,-0.73,-0.56,-0.38
32.263,1,0.19,0.02,-0.01,0.98,172.19,-2.3,-0.68,0.01,0.01,0,3.85,0,0.92,0.46,0.03,-0.01,1
32.283,5,-0.288,0.04,-0.95,-0.08,196.27,33.81,171.32,0.03,0.01,-0,3.8,0.31,-0.31,-0.61,-0.58,0.11,-0.8
32.284,3,-0.468,0.06,-0.87,-0.17,187.87,56.04,154.77,0.02,-0,0.02,3.73,0,0.76,-1.98,-0.85,0.24,-0.5
32.34,4,-0.308,0.14,-0.94,-0.04,211.11,36.18,-179.09,-0.01,0,-0.01,3.72,-1.07,0.61,0.31,-0.57,-0.01,-0.81
32.342,6,0.746,-0.03,0.66,-0.08,320.49,78.72,-49.57,0,-0,0.01,3.74,1.53,0,-0.61,-0.99,-0.15,0.13
32.345,0,0.045,0.18,-0.03,-0.98,200.02,20.2,4.39,0,0.01,0.01,3.85,0,2.9,-0.15,-0.35,0.09,0.95
32.347,7,-0.704,-0.2,-0.66,-0.15,95.33,61.22,85.8,-0,0.01,0.01,0,-0.15,0.15,0.15,-0.89,0.48,0.04
32.351,2,-0.491,0.16,-0.82,0.25,241.48,46.4,-124.71,0.04,0.03,0.01,3.87,1.07,-2.9,-2.29,-0.74,-0.6,-0.35
32.352,1,0.189,0.02,-0.01,0.98,172.25,-2.27,-0.63,0.01,0,0,3.85,0,0.61,0,0.03,-0.01,1
32.402,5,-0.288,0.04,-0.95,-0.08,196.25,33.78,171.34,0.02,0,0.01,3.8,-1.07,0,0.61,-0.57,0.12,-0.82
32.404,3,-0.468,0.06,-0.87,-0.17,188.21,56.08,155.06,0.01,-0,0.01,3.73,0.15,0,-2.59,-0.84,0.24,-0.5
32.456,4,-0.307,0.14,-0.94,-0.04,211.07,36.06,-179.23,0.01,-0.01,0.01,3.72,0.15,-0.31,1.37,-0.61,-0,-0.81
32.458,6,0.747,-0.03,0.66,-0.08,320.34,78.64,-49.63,-0,0.01,0.01,3.74,0.61,0.15,-0.46,-0.99,-0.17,0.12
32.462,0,0.043,0.18,-0.03,-0.98,199.8,20.44,4.35,0,-0.01,0,3.85,-0.61,2.9,-1.37,-0.35,0.06,0.94
32.463,7,-0.705,-0.2,-0.66,-0.15,95.07,61.11,85.52,0,-0,0.02,0,0.31,0,0,-0.9,0.49,0.04
32.467,2,-0.492,0.16,-0.82,0.25,241.38,46.58,-124.68,0.03,-0,0,3.87,0.92,0,1.37,-0.74,-0.57,-0.37
32.468,1,0.189,0.02,-0.01,0.98,172.27,-2.2,-0.63,0,-0,0,3.84,-0.15,0.92,0,0.04,-0.02,1
32.489,5,-0.288,0.04,-0.95,-0.08,196.23,33.74,171.32,0.04,-0.01,0,3.8,0.31,0.46,-0.92,-0.6,0.12,-0.8
32.49,3,-0.468,0.06,-0.87,-0.17,188.44,56.16,155.28,0.01,0,0.01,3.73,-0.46,0.61,-4.43,-0.84,0.23,-0.5
32.555,4,-0.309,0.14,-0.94,-0.04,210.9,36.24,-179.25,0.02,-0,0.01,3.72,-0.61,-0.76,1.22,-0.63,-0.02,-0.8
32.557,6,0.746,-0.03,0.66,-0.08,319.98,78.68,-49.87,0,0,0,3.74,-0.61,-0.15,0.46,-0.99,-0.15,0.13
32.56,0,0.043,0.18,-0.03,-0.98,199.8,20.6,4.25,0,-0.01,-0,3.85,-0.46,0.31,0.15,-0.35,0.06,0.93
32.562,7,-0.705,-0.2,-0.66,-0.15,95.11,61.07,85.61,-0,0.01,0.02,0,-0.15,0,0.31,-0.89,0.49,0.04
32.565,2,-0.491,0.16,-0.82,0.25,240.85,46.73,-124.99,0.01,0.01,-0,3.87,0,0.92,1.22,-0.72,-0.57,-0.38
32.567,1,0.189,0.02,-0.01,0.98,172.29,-2.02,-0.72,0.01,0,0,3.84,-0.31,0.46,0.31,0.03,-0.01,1
32.59,5,-0.288,0.04,-0.95,-0.08,196.37,33.81,171.44,0.05,-0,0,3.8,0.46,-0.46,-0.61,-0.59,0.12,-0.8
32.592,3,-0.468,0.06,-0.87,-0.17,188.9,56.2,155.61,0.01,-0,0.01,3.73,-0.15,0,-2.59,-0.84,0.24,-0.5
32.657,4,-0.309,0.14,-0.94,-0.04,210.75,36.32,-179.38,-0.01,0.01,0,3.72,0.31,0,-0.15,-0.58,-0.01,-0.81
32.658,6,0.746,-0.03,0.66,-0.08,320.23,78.66,-49.77,0,-0.01,0.01,3.74,0,0,0.46,-0.99,-0.14,0.13
32.662,0,0.042,0.18,-0.03,-0.98,199.75,20.64,4.21,0,-0,0.01,3.85,0,0.61,-0.31,-0.35,0.07,0.94
32.664,7,-0.704,-0.2,-0.66,-0.15,95.23,61.03,85.71,-0,-0,0.02,0,-0.46,0,0.61,-0.89,0.5,0.03
32.668,2,-0.492,0.16,-0.82,0.25,240.98,46.76,-124.87,0.02,-0,-0,3.87,-0.61,0.15,-1.53,-0.73,-0.56,-0.37
32.669,1,0.186,0.02,-0.01,0.98,172.57,-2,-0.64,0.01,0,-0,3.85,0,0,0,0.02,-0.02,1
32.688,5,-0.289,0.04,-0.95,-0.08,196.46,33.86,171.53,0.04,0,0,3.8,0.15,0,-0.15,-0.59,0.12,-0.81
32.69,3,-0.469,0.06,-0.87,-0.17,188.93,56.28,155.6,0.01,-0.01,0.01,3.73,0,0,-0.61,-0.85,0.24,-0.5
32.757,4,-0.31,0.14,-0.94,-0.04,210.88,36.37,-179.2,-0,0.01,0.01,3.72,0.46,0.76,-1.07,-0.59,-0.01,-0.81
32.759,6,0.746,-0.03,0.66,-0.08,320.35,78.69,-49.64,0,-0,0.01,3.74,0.31,0.15,0,-0.99,-0.15,0.13
32.763,0,0.042,0.18,-0.03,-0.98,199.76,20.64,4.24,0,-0,0.01,3.85,0.31,0.61,0.61,-0.36,0.07,0.94
32.764,7,-0.704,-0.2,-0.66,-0.15,95.34,61.04,85.75,0,-0.01,0.02,0,0.31,-0.15,-0.15,-0.89,0.5,0.04
32.769,2,-0.492,0.16,-0.82,0.25,241.18,46.67,-124.78,0.02,-0.01,-0.01,3.87,-0.31,0,-1.68,-0.74,-0.56,-0.38
32.77,1,0.186,0.02,-0.01,0.98,172.58,-1.99,-0.62,0.01,-0,0,3.84,0.15,0.31,-0.15,0.03,-0.02,1
32.794,5,-0.289,0.04,-0.95,-0.08,196.79,33.94,171.82,0.04,-0,0,3.79,0.76,-0.31,-0.31,-0.59,0.12,-0.8
32.796,3,-0.468,0.06,-0.87,-0.17,188.88,56.19,155.58,0.02,-0,0.02,3.73,0.61,-0.46,0.92,-0.86,0.23,-0.5
32.866,4,-0.309,0.14,-0.94,-0.04,210.92,36.24,-179.15,-0.01,0.01,0,3.72,0,0.61,-0.15,-0.58,-0.02,-0.81
32.868,7,-0.705,-0.2,-0.66,-0.15,95.12,61.04,85.6,0,0.01,0.02,0,0.31,-0.76,-0.15,-0.89,0.48,0.04
32.873,0,0.043,0.18,-0.03,-0.98,199.86,20.79,4.29,0,-0,0,3.85,0,0.61,0.61,-0.36,0.07,0.93
32.875,6,0.747,-0.03,0.66,-0.08,320.5,78.62,-49.49,0,0,0,3.74,0.15,0,0,-0.98,-0.15,0.13
32.879,2,-0.493,0.16,-0.82,0.25,241.13,46.83,-124.78,0.03,-0.02,-0,3.87,1.07,-1.22,2.44,-0.75,-0.55,-0.38
32.88,1,0.186,0.02,-0.01,0.98,172.57,-1.89,-0.63,0.01,0,-0,3.84,0,0.15,0,0.03,-0.01,1
32.888,5,-0.29,0.04,-0.95,-0.08,196.84,34.06,171.85,0.04,0,-0,3.79,0.15,0.15,0.15,-0.59,0.11,-0.8
32.89,3,-0.468,0.06,-0.87,-0.17,189,56.2,155.68,0,0.01,0.01,3.73,-0.31,0,-1.83,-0.84,0.22,-0.51
32.949,4,-0.309,0.13,-0.94,-0.04,210.55,36.3,-179.4,-0.02,-0.03,-0,3.72,-2.9,-0.46,3.36,-0.58,0.03,-0.82
32.951,7,-0.705,-0.2,-0.66,-0.15,95.1,61.1,85.6,-0,0.01,0.02,0,-0.46,0,-0.46,-0.89,0.48,0.04
32.956,0,0.043,0.18,-0.03,-0.98,199.85,20.78,4.3,0,0,0.01,3.85,0.31,0.76,-1.37,-0.36,0.07,0.94
32.958,6,0.747,-0.03,0.66,-0.08,320.41,78.58,-49.53,-0.01,0,0,3.74,0,0,0.31,-0.98,-0.15,0.12
32.962,2,-0.494,0.15,-0.82,0.25,241.25,46.96,-124.49,0.01,0.03,0.01,3.87,-0.15,0.15,1.83,-0.72,-0.59,-0.38
32.963,1,0.186,0.02,-0.01,0.98,172.57,-1.88,-0.62,0,-0,0,3.84,-0.31,0,0.15,0.03,-0.02,1
33.011,5,-0.29,0.04,-0.95,-0.08,196.75,34.02,171.82,0.04,-0,0.01,3.79,0,0.76,1.68,-0.6,0.12,-0.8
33.012,3,-0.468,0.06,-0.87,-0.17,189.04,56.14,155.7,0.03,-0,0.01,3.73,0.61,0.61,0.92,-0.85,0.23,-0.5
33.073,4,-0.309,0.13,-0.94,-0.04,210.39,36.37,-179.63,-0.01,0.01,-0.01,3.72,1.22,-0.15,-0.61,-0.58,-0.02,-0.81
33.076,1,0.187,0.01,-0.01,0.98,172.54,-1.79,-0.73,0,-0,0,3.84,-0.31,0,0.15,0.02,-0.02,1
33.08,0,0.041,0.18,-0.03,-0.98,199.64,20.9,4.2,0,0,0.01,3.85,-0.46,0,-0.15,-0.37,0.07,0.94
33.082,6,0.746,-0.03,0.66,-0.08,320.16,78.71,-49.73,0,-0,0.01,3.74,-0.31,-0.15,0.31,-0.99,-0.14,0.13
33.088,2,-0.493,0.15,-0.82,0.25,241.08,46.84,-124.63,0.02,0,0,3.87,-0.76,3.05,1.22,-0.74,-0.57,-0.38
33.09,7,-0.705,-0.2,-0.66,-0.15,95.08,61.02,85.58,0,-0,0.02,0,-0.31,0.15,0.15,-0.89,0.49,0.04
33.095,5,-0.289,0.04,-0.95,-0.08,196.62,33.88,171.72,0.04,0,0,3.79,0,-0.15,0.15,-0.59,0.11,-0.8
33.097,3,-0.468,0.06,-0.87,-0.17,189.03,56.18,155.72,0.01,0,-0,3.73,0.46,0.31,-0.61,-0.83,0.22,-0.5
33.163,4,-0.309,0.13,-0.94,-0.04,210.43,36.35,-179.5,0,0.01,-0,3.72,0.46,-0.15,0.46,-0.59,0,-0.8
33.165,6,0.746,-0.03,0.66,-0.08,320.35,78.68,-49.61,0,-0,0.01,3.74,0.15,0,0.31,-0.98,-0.15,0.13
33.168,0,0.041,0.18,-0.03,-0.98,199.63,20.97,4.16,0.01,0,0.01,3.85,-0.15,0,0.46,-0.37,0.07,0.94
33.169,7,-0.705,-0.2,-0.66,-0.15,95.15,61.02,85.56,-0,-0,0.02,0,0,0,0,-0.9,0.5,0.03
33.174,2,-0.492,0.16,-0.82,0.25,240.95,46.78,-124.87,0.03,0.01,0.01,3.87,-0.15,0.15,-1.22,-0.75,-0.57,-0.37
33.176,1,0.186,0.01,-0.01,0.98,172.62,-1.61,-0.79,0,-0,0,3.84,0,0.46,-0.15,0.03,-0.02,1
33.197,5,-0.29,0.04,-0.95,-0.07,196.71,34.01,171.82,0.03,-0,0,3.79,0.31,0,-0.76,-0.59,0.12,-0.8
33.198,3,-0.468,0.06,-0.87,-0.17,188.94,56.15,155.69,0,0.01,-0,3.73,0.92,0.15,1.68,-0.83,0.21,-0.51
33.25,4,-0.31,0.13,-0.94,-0.04,210.34,36.38,-179.51,0.01,0,0.01,3.72,0.31,-0.15,-0.46,-0.61,-0.01,-0.8
33.252,6,0.746,-0.03,0.66,-0.08,319.85,78.77,-50.06,0,0.01,0.01,3.74,0,0,0.15,-0.98,-0.16,0.13
33.257,0,0.042,0.18,-0.03,-0.98,199.69,21,4.23,-0,0,0,3.85,0,-0.15,0,-0.36,0.07,0.93
33.259,7,-0.705,-0.2,-0.66,-0.15,95.22,61.07,85.58,-0,-0,0.02,0,0,0,0,-0.89,0.49,0.04
33.263,2,-0.492,0.16,-0.82,0.25,241,46.78,-124.81,0.01,-0.01,-0.01,3.87,0.31,-1.22,-2.59,-0.73,-0.56,-0.38
33.264,1,0.187,0.01,-0.01,0.98,172.5,-1.67,-0.83,0,-0,-0,3.84,0,-0.31,0,0.03,-0.02,1
33.292,5,-0.29,0.04,-0.95,-0.07,196.67,34.05,171.81,0.03,0.01,0,3.79,0.31,-0.15,0.31,-0.59,0.11,-0.8
33.294,3,-0.467,0.06,-0.87,-0.17,188,55.86,154.93,0.02,-0.02,0.01,3.73,-0.92,-2.29,6.71,-0.85,0.26,-0.48
33.366,4,-0.31,0.13,-0.94,-0.04,210.51,36.38,-179.36,-0,0,0,3.72,0.76,0.61,-2.44,-0.59,-0.01,-0.81
33.368,6,0.746,-0.03,0.66,-0.08,319.9,78.7,-50.11,0.01,0,0,3.74,-0.15,0.15,0,-0.98,-0.15,0.13
33.371,0,0.042,0.18,-0.03,-0.98,199.71,20.99,4.24,0,0,0.01,3.85,-0.15,0,0.31,-0.36,0.07,0.93
33.373,7,-0.704,-0.2,-0.66,-0.15,95.33,61.08,85.76,-0,0,0.02,0,-0.15,0,0.31,-0.89,0.49,0.04
33.377,2,-0.493,0.15,-0.82,0.25,240.98,46.95,-124.69,0.03,-0,0,3.87,0,0.76,0.92,-0.74,-0.56,-0.37
33.379,1,0.186,0.01,-0.01,0.98,172.58,-1.68,-0.83,0.01,0,0,3.84,0,0.15,0,0.03,-0.02,1
33.4,5,-0.291,0.04,-0.95,-0.07,196.55,34.07,171.77,0.03,0,-0,3.79,0.15,0.61,1.07,-0.58,0.12,-0.8
33.402,3,-0.467,0.05,-0.87,-0.17,187.62,55.89,154.53,0.04,0.02,0.01,3.73,-0.46,-0.31,0.92,-0.86,0.22,-0.49
33.454,4,-0.31,0.13,-0.94,-0.04,210.61,36.38,-179.24,0,0.01,0.01,3.72,0.15,-0.31,1.07,-0.6,-0.02,-0.81
33.456,6,0.746,-0.03,0.66,-0.08,320.1,78.73,-49.88,0.01,-0,0,3.74,0,0,-0.15,-0.98,-0.14,0.13
33.461,0,0.042,0.18,-0.03,-0.98,199.78,21.04,4.25,-0,0.01,0.01,3.85,-0.31,0.92,-0.15,-0.36,0.08,0.94
33.462,7,-0.704,-0.2,-0.66,-0.15,95.42,61.1,85.76,0,-0.01,0.02,0,-0.15,0,0,-0.89,0.5,0.04
33.466,2,-0.493,0.15,-0.82,0.25,240.69,47,-124.9,0.02,0,0,3.87,0,0.76,1.07,-0.74,-0.56,-0.38
33.467,1,0.185,0.01,-0.01,0.98,172.68,-1.67,-0.79,0,-0,-0,3.84,0.31,-0.15,0,0.03,-0.02,1
33.496,5,-0.29,0.04,-0.95,-0.08,196.38,34.04,171.69,0.03,0,-0,3.79,0,1.83,3.51,-0.57,0.12,-0.8
33.498,3,-0.467,0.06,-0.87,-0.17,187.98,55.95,154.76,0.01,0.02,-0,3.73,-0.15,0.76,-2.75,-0.83,0.21,-0.5
33.565,4,-0.309,0.14,-0.94,-0.04,210.63,36.34,-179.27,0.01,-0,0.01,3.72,0,0.31,0,-0.61,-0,-0.81
33.566,6,0.746,-0.03,0.66,-0.08,320.02,78.67,-49.98,0,0,0.01,3.74,0,0.15,-0.15,-0.99,-0.15,0.13
33.57,0,0.041,0.19,-0.03,-0.98,199.62,21.26,4.12,0,0,0.01,3.85,-0.15,0.61,-0.61,-0.36,0.07,0.93
33.571,7,-0.705,-0.2,-0.66,-0.15,95.25,61.11,85.57,-0,0,0.02,0,0.15,0,-0.15,-0.89,0.49,0.03
33.576,2,-0.492,0.15,-0.82,0.25,240.61,46.97,-125.04,0.03,0.01,0.02,3.87,0.15,1.07,2.44,-0.75,-0.58,-0.37
33.578,1,0.186,0.01,-0.01,0.98,172.67,-1.72,-0.75,0,0,0,3.85,0.46,0,-0.15,0.02,-0.01,1
33.601,5,-0.287,0.04,-0.95,-0.07,196.06,33.65,171.62,0.02,-0.01,0.01,3.79,-0.46,1.83,1.37,-0.58,0.13,-0.82
33.603,3,-0.467,0.06,-0.87,-0.17,188.38,55.91,155.06,0.02,-0.03,0.02,3.73,0,0.15,-0.31,-0.85,0.26,-0.5
33.663,4,-0.31,0.13,-0.94,-0.04,210.58,36.38,-179.31,-0,-0,0.01,3.72,-0.46,-1.22,2.44,-0.6,-0.01,-0.81
33.664,7,-0.705,-0.2,-0.66,-0.15,95.21,61.13,85.5,-0,0,0.01,0,-0.31,0,0,-0.89,0.49,0.03
33.668,0,0.039,0.19,-0.03,-0.98,199.36,21.43,4.02,-0,-0.01,0.01,3.85,-0.15,1.22,-1.37,-0.37,0.05,0.94
33.669,6,0.746,-0.03,0.66,-0.08,319.9,78.65,-50.14,0,0,0,3.74,0,0,0.31,-0.99,-0.16,0.13
33.674,2,-0.491,0.15,-0.82,0.25,240.08,47.05,-125.45,0.02,0.01,0.01,3.87,-1.98,1.07,-0.61,-0.74,-0.57,-0.38
33.676,1,0.186,0.01,-0.01,0.98,172.68,-1.69,-0.76,0,0,0,3.85,-0.15,0,0,0.03,-0.01,1
33.697,5,-0.287,0.04,-0.95,-0.08,196.21,33.6,171.61,0.03,-0.02,0.01,3.79,-1.53,-1.53,-3.36,-0.59,0.13,-0.81
33.699,3,-0.466,0.06,-0.87,-0.17,188.16,55.84,154.95,0.03,-0.02,0.03,3.73,0.92,0.31,1.07,-0.86,0.26,-0.49
33.774,4,-0.31,0.13,-0.94,-0.04,210.53,36.44,-179.32,0,0.01,0.01,3.72,1.98,-1.22,0.61,-0.6,-0.02,-0.81
33.776,7,-0.705,-0.2,-0.66,-0.15,95.27,61.13,85.56,0,-0,0.02,0,0.15,0,0.15,-0.89,0.49,0.04
33.779,0,0.039,0.19,-0.03,-0.98,199.34,21.51,3.98,0,0,0.01,3.85,0.31,-0.31,0.92,-0.37,0.07,0.93
33.781,6,0.746,-0.03,0.66,-0.08,319.95,78.62,-50.17,0,0,0,3.74,0,0,0,-0.98,-0.15,0.13
33.785,2,-0.491,0.15,-0.82,0.25,239.99,47.08,-125.65,0,-0.02,-0,3.87,0,-0.46,-0.61,-0.74,-0.54,-0.39
33.787,1,0.185,0.01,-0.01,0.98,172.69,-1.56,-0.81,0,-0,-0,3.85,-0.15,0,0,0.03,-0.02,1
33.807,5,-0.288,0.04,-0.95,-0.08,196.28,33.79,171.51,0.03,0,-0,3.79,0.31,-0.31,-1.22,-0.58,0.11,-0.8
33.809,3,-0.466,0.06,-0.87,-0.17,188.19,55.76,154.99,0.02,0,0,3.73,-0.31,0.76,-3.81,-0.84,0.23,-0.49
33.86,4,-0.311,0.13,-0.94,-0.04,210.3,36.53,-179.43,0.01,0.01,0,3.72,-1.22,0.92,-0.76,-0.6,-0.02,-0.81
33.862,6,0.746,-0.03,0.66,-0.08,320.05,78.67,-50.02,0,-0,0.01,3.74,0,0,-0.15,-0.99,-0.15,0.13
33.865,0,0.04,0.19,-0.03,-0.98,199.48,21.52,4.09,-0.01,0.01,-0,3.85,0.46,0.15,0.46,-0.36,0.07,0.93
33.866,7,-0.704,-0.2,-0.66,-0.15,95.35,61.13,85.66,0,0,0.02,0,-0.15,0.15,0.15,-0.89,0.48,0.03
33.87,2,-0.49,0.15,-0.82,0.25,240.08,47,-125.58,0.02,0.01,0,3.87,0.31,-0.46,0.61,-0.74,-0.56,-0.38
33.871,1,0.185,0.01,-0.01,0.98,172.73,-1.65,-0.78,0,-0,0,3.85,0,0,0,0.03,-0.02,1.01
33.9,5,-0.287,0.04,-0.95,-0.08,196.44,33.68,171.67,0.04,0.01,0,3.79,-0.92,0.31,0.76,-0.58,0.1,-0.81
33.902,3,-0.467,0.06,-0.87,-0.17,188.19,55.92,154.99,-0,0.02,-0.01,3.73,0.61,-0.31,-1.07,-0.83,0.22,-0.51
33.958,4,-0.31,0.13,-0.94,-0.04,210.24,36.47,-179.44,-0.01,-0,0,3.72,0,-0.15,0.31,-0.59,-0,-0.81
33.959,6,0.746,-0.03,0.66,-0.08,320.12,78.63,-50.01,0,-0,0.01,3.74,0,0,0,-0.99,-0.15,0.13
33.963,0,0.039,0.19,-0.03,-0.98,199.42,21.58,4.13,-0,0,0.01,3.85,-0.15,0,-0.15,-0.36,0.06,0.94
33.964,7,-0.704,-0.2,-0.66,-0.15,95.49,61.11,85.8,0,-0,0.02,0,0,0,0,-0.89,0.49,0.04
33.968,5,-0.288,0.04,-0.95,-0.08,196.35,33.81,171.52,0.05,-0.01,0,3.79,-1.22,-0.76,0,-0.6,0.13,-0.79
33.969,1,0.184,0.01,-0.01,0.98,172.82,-1.59,-0.79,0,-0,0,3.85,0,0,0,0.03,-0.02,1
33.998,2,-0.49,0.15,-0.82,0.25,239.9,47.04,-125.65,0.01,0.01,0,3.87,-0.31,-0.61,0.31,-0.73,-0.56,-0.37
34,3,-0.467,0.06,-0.87,-0.17,188.13,55.95,154.98,0.03,0,0.01,3.73,-0.46,-0.61,0.61,-0.86,0.24,-0.49
34.073,4,-0.31,0.13,-0.94,-0.04,210.35,36.47,-179.38,0.01,-0.01,0,3.72,-0.15,0.92,-0.92,-0.6,0,-0.8
34.075,6,0.747,-0.03,0.66,-0.08,320.6,78.59,-49.52,0,-0,0,3.74,0.15,0,0,-0.98,-0.15,0.13
34.078,0,0.04,0.19,-0.03,-0.98,199.47,21.57,4.13,0,-0,0.01,3.85,0.15,-0.15,0.46,-0.37,0.06,0.94
34.08,7,-0.704,-0.2,-0.66,-0.15,95.47,61.07,85.85,0,0,0.02,0,0.31,-0.15,-0.31,-0.89,0.49,0.04
34.083,2,-0.49,0.15,-0.82,0.25,239.97,47,-125.6,0.03,0.02,0,3.87,0.15,0,0.15,-0.74,-0.57,-0.37
34.084,1,0.184,0.01,-0.01,0.98,172.82,-1.58,-0.79,0,0,0,3.85,0,0,0,0.02,-0.01,1
34.108,5,-0.289,0.04,-0.95,-0.08,196.5,33.86,171.6,0.03,-0,0,3.79,0.92,0.15,-0.31,-0.58,0.11,-0.81
34.11,3,-0.467,0.06,-0.87,-0.17,188.06,55.94,154.85,0.01,-0.01,0.01,3.73,1.07,1.07,-0.92,-0.84,0.24,-0.5
34.165,4,-0.309,0.13,-0.94,-0.04,210.34,36.36,-179.43,0.01,0,0.01,3.72,0,0.76,-0.15,-0.6,-0.01,-0.81
34.166,6,0.747,-0.03,0.66,-0.08,320.72,78.59,-49.34,0,0,0,3.74,0.15,0,0,-0.99,-0.15,0.13
34.172,0,0.04,0.19,-0.03,-0.98,199.52,21.63,4.16,-0,0.01,0.01,3.85,-0.15,0.31,-0.15,-0.36,0.07,0.93
34.173,7,-0.704,-0.2,-0.66,-0.15,95.43,61.11,85.79,0,0,0.02,0,0,0,0,-0.89,0.49,0.04
34.179,2,-0.49,0.15,-0.82,0.25,240,47.02,-125.55,0.02,-0.01,-0,3.87,0.76,-0.31,0.92,-0.74,-0.54,-0.38
34.18,1,0.185,0.01,-0.01,0.98,172.76,-1.6,-0.8,0,-0,-0,3.85,0,0,-0.15,0.02,-0.02,1
34.201,5,-0.289,0.04,-0.95,-0.08,196.48,33.88,171.59,0.03,0.01,0.01,3.79,0,0.61,0.61,-0.58,0.1,-0.81
34.203,3,-0.466,0.06,-0.87,-0.17,187.98,55.82,154.87,0.01,0.01,-0,3.73,-0.76,-1.68,-2.29,-0.84,0.22,-0.51
34.279,4,-0.31,0.13,-0.94,-0.04,210.29,36.41,-179.41,0,-0.02,0.01,3.72,-0.76,-0.15,-1.07,-0.6,-0,-0.81
34.281,6,0.747,-0.03,0.66,-0.08,320.62,78.61,-49.37,-0,0,0,3.74,0,0,0,-0.98,-0.15,0.12
34.286,0,0.04,0.19,-0.03,-0.98,199.47,21.62,4.14,-0.01,-0,0,3.85,-0.15,0,-1.53,-0.36,0.06,0.93
34.288,7,-0.704,-0.2,-0.66,-0.15,95.37,61.11,85.72,-0,0.01,0.02,0,0,-0.76,1.83,-0.9,0.49,0.04
34.295,2,-0.49,0.15,-0.82,0.25,239.82,47,-125.59,0.03,-0,0,3.87,1.22,3.2,1.68,-0.74,-0.55,-0.37
34.297,1,0.184,0.01,-0.01,0.98,172.81,-1.5,-0.84,-0,-0,0,3.85,0,0,0.15,0.03,-0.02,1
34.302,5,-0.289,0.04,-0.95,-0.08,196.42,33.86,171.56,0.04,-0.01,0,3.79,-0.46,0,0.76,-0.59,0.13,-0.8
34.304,3,-0.466,0.06,-0.87,-0.17,188.14,55.8,154.93,0.01,0,0.01,3.73,0.31,0.15,0.15,-0.84,0.23,-0.51
34.371,4,-0.31,0.14,-0.94,-0.04,211.54,36.37,-178.77,0.01,0.02,0.01,3.72,0,0.31,-4.12,-0.61,-0.04,-0.8
34.373,6,0.747,-0.03,0.66,-0.08,320.52,78.66,-49.47,0,0,0.01,3.74,0,-0.15,0.31,-0.99,-0.15,0.13
34.378,0,0.039,0.19,-0.03,-0.98,199.42,21.55,4.09,-0,-0.01,0.01,3.85,0,0,0,-0.37,0.06,0.94
34.379,7,-0.704,-0.2,-0.67,-0.15,95.61,61.17,85.92,0,0,0.01,0,0.15,-0.15,0.15,-0.89,0.48,0.04
34.383,2,-0.489,0.15,-0.82,0.25,239.75,46.95,-125.58,0.02,0.01,0.01,3.87,0.46,0.15,0,-0.74,-0.57,-0.38
34.384,1,0.183,0.01,-0.01,0.98,172.98,-1.49,-0.8,0,0,-0,3.85,-0.15,0.15,0,0.02,-0.01,1
34.405,5,-0.29,0.04,-0.95,-0.08,196.34,33.98,171.41,0.03,0.01,0,3.79,-0.76,0,1.07,-0.58,0.11,-0.8
34.407,3,-0.466,0.06,-0.87,-0.17,188,55.8,154.87,0.02,-0.01,0.02,3.73,-0.31,-0.46,-0.31,-0.85,0.25,-0.5
34.465,4,-0.31,0.14,-0.94,-0.04,211.68,36.36,-178.63,0,0.01,0.01,3.72,0,0,0,-0.6,-0.02,-0.81
34.466,6,0.747,-0.03,0.66,-0.08,320.6,78.69,-49.34,-0,0,0,3.74,0,0,0,-0.99,-0.15,0.13
34.47,0,0.038,0.19,-0.03,-0.98,199.27,21.43,4.01,-0,-0.01,-0,3.85,0,-0.15,0.46,-0.36,0.05,0.93
34.471,7,-0.703,-0.2,-0.67,-0.15,95.67,61.12,86.1,0.01,0.01,0.01,0,0,0,0,-0.89,0.48,0.04
34.477,2,-0.489,0.15,-0.82,0.25,239.66,46.95,-125.63,0.02,0,-0,3.87,0,-0.61,0.15,-0.74,-0.56,-0.38
34.478,1,0.184,0.01,-0.01,0.98,172.86,-1.47,-0.85,-0,-0,-0,3.85,-0.15,0,0,0.02,-0.02,1
34.508,5,-0.29,0.04,-0.95,-0.08,196.35,33.95,171.46,0.02,0.01,0,3.79,1.37,-0.15,-1.53,-0.57,0.11,-0.81
34.509,3,-0.466,0.06,-0.87,-0.17,188.01,55.8,154.87,0.01,0,0.01,3.73,0,-0.31,-0.46,-0.84,0.23,-0.5
34.58,4,-0.31,0.14,-0.94,-0.04,211.93,36.38,-178.51,-0.01,-0,0.01,3.72,-0.31,0,0.31,-0.6,-0.01,-0.82
34.582,6,0.746,-0.03,0.66,-0.08,320.19,78.71,-49.78,0,0,0,3.74,0.15,0,0,-0.98,-0.15,0.13
34.585,0,0.038,0.19,-0.03,-0.98,199.18,21.44,3.97,0,-0,0.01,3.85,0,-0.46,0,-0.36,0.06,0.94
34.587,7,-0.703,-0.2,-0.67,-0.15,95.68,61.1,86.11,-0,-0,0.01,0,-0.15,0,0,-0.89,0.49,0.03
34.591,2,-0.49,0.15,-0.82,0.25,239.77,46.98,-125.53,0.01,-0.01,-0,3.87,0.15,-0.31,0.15,-0.74,-0.55,-0.38
34.594,1,0.185,0.01,-0.01,0.98,172.79,-1.43,-0.91,-0,0,0,3.85,0,0,0,0.03,-0.02,1
34.613,5,-0.289,0.04,-0.95,-0.08,196.51,33.9,171.57,0.03,-0,0,3.79,-0.31,0,-0.15,-0.58,0.12,-0.8
34.614,3,-0.467,0.06,-0.87,-0.17,187.95,55.84,154.87,0.01,0,0.01,3.73,0,0,-0.31,-0.85,0.24,-0.5
34.67,4,-0.31,0.14,-0.94,-0.04,212.05,36.32,-178.46,-0,-0,0.01,3.72,0,0,0.15,-0.59,-0.02,-0.81
34.671,6,0.746,-0.03,0.66,-0.08,319.85,78.76,-50.14,0,0,0.01,3.74,0,0,0.15,-0.99,-0.15,0.13
34.676,0,0.037,0.19,-0.03,-0.98,199.18,21.51,4,0,-0,0,3.85,0,0,-0.15,-0.37,0.06,0.93
34.678,7,-0.703,-0.2,-0.67,-0.15,95.62,61.07,86.03,0,-0,0.02,0,0,0,-0.15,-0.89,0.49,0.04
34.682,5,-0.289,0.04,-0.95,-0.08,196.43,33.87,171.51,0.04,0,-0,3.79,0.15,0.46,-0.15,-0.58,0.11,-0.8
34.683,1,0.185,0.01,-0.01,0.98,172.75,-1.51,-0.91,-0,-0,0,3.85,0,0,0,0.03,-0.02,1
34.709,2,-0.49,0.15,-0.82,0.25,239.82,46.96,-125.48,0.02,0.01,0.02,3.87,0,0.31,-0.61,-0.75,-0.57,-0.38
34.711,3,-0.467,0.06,-0.87,-0.17,188.01,55.88,154.9,0.01,0.01,0,3.73,-0.76,-1.83,-0.46,-0.84,0.23,-0.51
34.785,4,-0.309,0.15,-0.94,-0.04,212.17,36.19,-178.45,-0,0.01,0,3.72,0.76,0,0.92,-0.6,-0.03,-0.81
34.792,6,0.746,-0.03,0.66,-0.08,319.9,78.73,-50.13,0,-0,0,3.74,0,0,0,-0.98,-0.15,0.13
34.798,0,0.037,0.19,-0.03,-0.98,199.16,21.52,4,-0,0,0.01,3.85,-0.15,0.15,-0.46,-0.37,0.06,0.94
34.799,7,-0.704,-0.2,-0.66,-0.15,95.53,61.1,85.91,0,0,0.02,0,0,0,0,-0.9,0.49,0.04
34.803,5,-0.289,0.04,-0.95,-0.08,196.32,33.82,171.5,0.03,0,0,3.79,0.15,0.46,0,-0.59,0.12,-0.81
34.804,1,0.187,0.01,-0.01,0.98,172.54,-1.55,-0.96,0,-0,0,3.84,0,0,0,0.02,-0.02,1
34.808,2,-0.49,0.15,-0.82,0.25,239.76,46.97,-125.5,0.01,0,0,3.87,0,0.46,0,-0.73,-0.56,-0.39
34.81,3,-0.467,0.06,-0.87,-0.17,188.03,55.97,154.77,0.03,-0.03,0.02,3.73,1.37,2.29,-0.31,-0.84,0.25,-0.49
34.877,4,-0.308,0.15,-0.94,-0.04,212.15,36.14,-178.45,0,0.01,0,3.72,0,0.15,0.46,-0.59,-0.03,-0.81
34.879,6,0.746,-0.03,0.66,-0.08,320.12,78.7,-49.91,0,0,0,3.74,0,0,0,-0.98,-0.15,0.13
34.883,0,0.037,0.19,-0.03,-0.98,199.07,21.54,3.95,-0,0,0.01,3.85,-0.15,0,0,-0.37,0.06,0.94
34.884,7,-0.703,-0.2,-0.67,-0.15,95.64,61.13,86,0,-0,0.02,0,-0.15,0.15,0,-0.89,0.49,0.04
34.888,2,-0.49,0.15,-0.82,0.25,239.85,46.93,-125.44,0.02,0,0,3.87,-0.15,-0.15,-0.46,-0.74,-0.56,-0.39
34.892,1,0.186,0.01,-0.01,0.98,172.61,-1.63,-0.9,0,0,-0,3.84,0,-0.31,0,0.03,-0.02,1
34.911,5,-0.289,0.04,-0.95,-0.08,196.33,33.86,171.55,0.03,0,-0,3.79,0.61,0.15,0,-0.58,0.11,-0.81
34.912,3,-0.467,0.06,-0.87,-0.17,188.35,55.95,155.16,0,0.03,-0.01,3.73,-0.31,1.22,-2.14,-0.83,0.2,-0.52
34.98,4,-0.308,0.15,-0.94,-0.04,212.19,36.13,-178.4,-0.01,-0.01,0,3.72,0,-0.15,0.76,-0.58,-0.01,-0.81
34.982,6,0.746,-0.03,0.66,-0.08,320.24,78.65,-49.85,0,-0,0,3.74,0,0.15,0,-0.98,-0.15,0.13
34.985,0,0.037,0.19,-0.03,-0.98,199.12,21.57,3.97,-0,0.01,0.01,3.85,0,0,-0.15,-0.37,0.07,0.93
34.986,7,-0.703,-0.2,-0.67,-0.15,95.69,61.11,86.08,0,-0,0.02,0,0,0,0,-0.89,0.49,0.04
34.99,2,-0.49,0.15,-0.82,0.25,239.96,46.9,-125.36,0.02,-0,-0,3.87,-0.15,0,0,-0.74,-0.55,-0.38
34.992,1,0.185,0.01,-0.01,0.98,172.69,-1.6,-0.9,0,0,0,3.84,0,-0.15,0,0.03,-0.02,1
35.014,5,-0.289,0.04,-0.95,-0.08,196.29,33.87,171.59,0.02,-0,0,3.79,0.31,-0.15,-2.75,-0.57,0.11,-0.82
35.016,3,-0.466,0.06,-0.87,-0.17,188.4,55.87,155.23,0.01,0.01,0.01,3.73,0,0.15,-1.07,-0.84,0.23,-0.51
35.072,4,-0.309,0.14,-0.94,-0.04,211.8,36.18,-178.55,-0,-0.01,0.01,3.72,1.22,-0.61,2.9,-0.6,-0.03,-0.81
35.074,6,0.746,-0.03,0.66,-0.08,320.21,78.7,-49.83,-0,-0,0.01,3.74,0.15,0,0,-0.99,-0.15,0.12
35.078,0,0.037,0.19,-0.03,-0.98,199.09,21.65,3.98,0,0,0.01,3.85,0,-0.15,0.15,-0.37,0.06,0.93
35.08,7,-0.703,-0.2,-0.67,-0.15,95.66,61.1,86.01,0,-0,0.02,0,-0.15,0,0,-0.89,0.49,0.03
35.084,2,-0.49,0.15,-0.82,0.25,240.06,46.87,-125.35,0.03,-0.01,0,3.87,-0.46,0.15,-1.53,-0.74,-0.56,-0.37
35.085,1,0.186,0.01,-0.01,0.98,172.61,-1.56,-0.95,0,-0,0.01,3.84,0,0,0,0.03,-0.02,1
35.112,5,-0.291,0.04,-0.95,-0.08,196.52,34.17,171.62,0.03,-0.01,-0.01,3.79,-2.29,-1.98,1.68,-0.59,0.11,-0.79
35.114,3,-0.467,0.06,-0.87,-0.17,188.36,55.9,155.2,0.02,0,0,3.73,-0.15,0.31,0.31,-0.84,0.23,-0.5
35.187,4,-0.309,0.14,-0.94,-0.04,211.57,36.23,-178.69,0.01,0,0,3.72,0.15,0,0.46,-0.6,-0.02,-0.8
35.188,6,0.746,-0.03,0.66,-0.08,320.46,78.72,-49.53,0.01,0,0,3.74,-0.15,0,0,-0.99,-0.15,0.13
35.196,0,0.037,0.19,-0.03,-0.98,199.07,21.66,3.97,-0,0.01,0.01,3.85,0.15,-0.15,0.92,-0.37,0.08,0.93
35.197,7,-0.704,-0.2,-0.66,-0.15,95.47,61.05,85.88,0.01,0,0.02,0,0.15,0,0,-0.89,0.49,0.04
35.202,2,-0.49,0.15,-0.82,0.25,240.13,46.8,-125.32,0.01,0,0,3.87,0,0.15,0,-0.73,-0.56,-0.39
35.203,1,0.187,0.01,-0.01,0.98,172.47,-1.63,-0.96,0.01,0,-0,3.84,0,0,0,0.02,-0.01,1
35.219,5,-0.291,0.04,-0.95,-0.08,196.6,34.15,171.68,0.03,0.01,-0,3.79,0.92,0.15,-0.15,-0.58,0.11,-0.8
35.221,3,-0.467,0.06,-0.87,-0.17,188.28,56,155.11,0.02,-0.01,0.02,3.73,0,0.46,0.92,-0.85,0.24,-0.5
35.277,4,-0.31,0.14,-0.94,-0.04,211.62,36.3,-178.62,-0.01,-0,-0,3.72,0.46,0,0,-0.58,-0.01,-0.81
35.279,6,0.746,-0.03,0.66,-0.08,320.47,78.71,-49.48,-0,0,-0,3.74,0,0,0,-0.98,-0.15,0.12
35.284,0,0.037,0.19,-0.03,-0.98,199.13,21.55,4.03,-0.01,0,0.01,3.85,-0.15,0.15,0,-0.36,0.07,0.94
35.286,7,-0.704,-0.2,-0.66,-0.15,95.46,61.09,85.85,-0,0,0.01,0,-0.15,0.15,0.31,-0.89,0.49,0.03
35.29,2,-0.49,0.15,-0.82,0.25,240.08,46.86,-125.38,0.02,-0.01,0,3.87,-0.15,-0.61,-1.22,-0.74,-0.55,-0.38
35.292,1,0.186,0.01,-0.01,0.98,172.61,-1.62,-0.9,-0,-0,0,3.84,0,0,0,0.03,-0.02,1
35.314,5,-0.291,0.04,-0.95,-0.08,196.66,34.08,171.76,0.03,0,0,3.79,0.31,0.61,-0.76,-0.58,0.11,-0.81
35.316,3,-0.468,0.06,-0.87,-0.17,188.41,56.05,155.22,0.02,-0,0.01,3.73,0,0.31,-0.31,-0.85,0.24,-0.5
35.371,4,-0.309,0.14,-0.94,-0.04,211.65,36.22,-178.63,0,-0.01,0,3.72,-0.61,0,0.31,-0.59,-0.01,-0.81
35.372,6,0.747,-0.03,0.66,-0.08,320.54,78.7,-49.39,-0,0,0,3.74,-0.15,0,0,-0.99,-0.15,0.13
35.377,0,0.038,0.19,-0.03,-0.98,199.21,21.43,4.08,-0.01,0,0.01,3.85,0,0,0.15,-0.36,0.07,0.94
35.379,7,-0.704,-0.2,-0.66,-0.15,95.41,61.08,85.73,0,-0,0.02,0,0,0,0,-0.89,0.49,0.04
35.383,2,-0.49,0.15,-0.82,0.25,240.01,46.86,-125.42,0,-0.01,-0.01,3.87,0.15,-0.61,-0.31,-0.73,-0.54,-0.39
35.384,1,0.186,0.01,-0.01,0.98,172.67,-1.73,-0.82,0.01,-0,0,3.84,0,0.15,0.15,0.02,-0.02,1
35.415,5,-0.29,0.04,-0.95,-0.07,196.71,34.06,171.82,0.02,0,0,3.79,0.61,0.46,-0.31,-0.58,0.11,-0.81
35.417,3,-0.468,0.06,-0.87,-0.17,188.33,56.04,155.12,0.01,-0.02,0.02,3.73,-1.07,-0.15,-2.14,-0.86,0.26,-0.5
35.488,4,-0.308,0.14,-0.94,-0.04,211.46,36.18,-178.78,-0,-0,0,3.72,0,0.31,0.15,-0.59,-0.01,-0.81
35.489,6,0.747,-0.03,0.66,-0.08,320.56,78.7,-49.44,0,-0.01,0,3.74,-0.15,-0.15,0,-0.98,-0.14,0.13
35.495,0,0.037,0.19,-0.03,-0.98,199.18,21.49,4.06,0,0,0.01,3.85,0,0.46,-0.46,-0.37,0.07,0.93
35.496,7,-0.704,-0.2,-0.66,-0.15,95.43,61.15,85.63,-0,0,0.02,0,-0.15,0,0,-0.89,0.49,0.03
35.5,2,-0.49,0.15,-0.82,0.25,240.04,46.91,-125.37,0.02,0,0,3.87,0,0,0.61,-0.74,-0.56,-0.38
35.501,1,0.186,0.01,-0.01,0.98,172.67,-1.69,-0.83,0,0,-0,3.84,0,0,0,0.03,-0.01,0.99
35.522,5,-0.29,0.04,-0.95,-0.07,196.75,34.07,171.84,0.03,0,0,3.79,-0.15,0,0,-0.59,0.11,-0.8
35.524,3,-0.468,0.06,-0.87,-0.17,188.58,56.09,155.31,0.01,-0.01,0.01,3.73,0,-1.98,1.83,-0.85,0.24,-0.49
35.582,4,-0.309,0.14,-0.94,-0.04,211.41,36.2,-178.83,0.01,0,-0,3.72,-0.31,0.31,0,-0.6,-0.02,-0.8
35.584,6,0.747,-0.03,0.66,-0.08,321.01,78.6,-49.04,-0,0,0.01,3.74,0.46,0.31,-0.15,-0.98,-0.15,0.13
35.587,0,0.038,0.19,-0.03,-0.98,199.28,21.56,4.11,-0.01,0,0.01,3.85,0,0.46,0,-0.37,0.07,0.94
35.588,7,-0.704,-0.2,-0.66,-0.15,95.38,61.15,85.56,0,0,0.01,0,0,0,0,-0.89,0.49,0.04
35.593,2,-0.491,0.15,-0.82,0.25,239.94,47.17,-125.31,0.01,-0.01,0,3.87,4.73,-1.83,5.65,-0.75,-0.54,-0.39
35.595,1,0.185,0.01,-0.01,0.98,172.72,-1.7,-0.77,0.01,0,-0.01,3.84,0,0,-0.31,0.02,-0.02,0.99
35.616,5,-0.29,0.04,-0.95,-0.07,196.73,34.05,171.85,0.03,0,0,3.79,-0.15,0,0,-0.6,0.11,-0.8
35.618,3,-0.468,0.06,-0.87,-0.17,188.81,56.12,155.5,0.02,0,0.01,3.73,-0.61,0.61,-0.31,-0.85,0.23,-0.5
35.68,4,-0.308,0.14,-0.94,-0.04,211.2,36.16,-179.19,-0.04,-0.03,-0,3.72,-5.34,-0.46,8.24,-0.58,0.02,-0.82
35.681,6,0.747,-0.03,0.66,-0.08,320.71,78.62,-49.28,-0.01,0,0,3.74,0.15,0,0.31,-0.99,-0.15,0.12
35.685,0,0.038,0.19,-0.03,-0.98,199.26,21.61,4.08,-0,-0.01,0.01,3.85,-0.46,0.15,0.31,-0.37,0.06,0.93
35.686,7,-0.704,-0.2,-0.66,-0.15,95.49,61.15,85.69,-0,-0,0.01,0,-0.15,0,0,-0.89,0.49,0.03
35.69,2,-0.493,0.14,-0.82,0.25,239.61,47.55,-125.12,0.02,0.02,-0,3.87,0.92,-1.53,0.76,-0.74,-0.56,-0.37
35.692,1,0.186,0.01,-0.01,0.98,172.65,-1.72,-0.79,0,0,0,3.84,0,-0.31,0,0.03,-0.01,1
35.718,5,-0.29,0.04,-0.95,-0.07,196.96,34.06,172.06,0.04,-0.01,0.01,3.79,0.92,-0.31,-3.81,-0.6,0.12,-0.81
35.719,3,-0.467,0.06,-0.87,-0.17,188.95,56.09,155.59,0.01,-0,0.01,3.73,0,0.76,0.31,-0.85,0.24,-0.5
35.786,4,-0.308,0.14,-0.94,-0.04,210.44,36.24,-179.93,-0.01,0.01,0,3.72,1.37,-1.22,0.61,-0.58,-0.01,-0.81
35.788,6,0.747,-0.03,0.66,-0.08,320.5,78.63,-49.54,0,0,0.01,3.74,0,0,0.15,-0.99,-0.15,0.13
35.792,0,0.038,0.19,-0.03,-0.98,199.31,21.73,4.06,0,-0.01,0.01,3.85,-0.31,-0.31,-0.15,-0.38,0.06,0.94
35.793,7,-0.704,-0.2,-0.66,-0.15,95.47,61.1,85.75,0,-0,0.02,0,0,0,0,-0.89,0.49,0.04
35.799,2,-0.494,0.14,-0.82,0.25,239.68,47.66,-125.09,0.04,0.01,0.01,3.87,-1.68,-0.15,-1.22,-0.76,-0.57,-0.35
35.8,1,0.187,0.01,-0.01,0.98,172.49,-1.74,-0.85,0,0,0,3.84,0,0.31,0,0.03,-0.02,1
35.82,5,-0.291,0.04,-0.95,-0.07,196.99,34.1,172.02,0.04,-0.01,0.01,3.8,-0.76,-0.61,-0.92,-0.61,0.13,-0.8
35.822,3,-0.468,0.06,-0.87,-0.17,189,56.19,155.61,0.01,0,0.01,3.73,-0.76,-1.07,0.31,-0.84,0.22,-0.51
35.891,4,-0.309,0.13,-0.94,-0.04,210.41,36.38,-179.79,0.01,0.02,0.01,3.72,1.37,-0.61,1.98,-0.6,-0.02,-0.81
35.893,6,0.747,-0.03,0.66,-0.08,320.56,78.64,-49.5,-0,0,0,3.74,0,0,0.15,-0.99,-0.15,0.13
35.897,0,0.037,0.19,-0.03,-0.98,199.15,21.7,3.97,0,-0,0.01,3.85,0,0,-0.61,-0.38,0.06,0.94
35.899,7,-0.704,-0.2,-0.66,-0.15,95.5,61.14,85.72,-0,-0,0.02,0,-0.15,0,0.15,-0.89,0.49,0.03
35.903,5,-0.291,0.05,-0.95,-0.07,197.12,34.18,172.08,0.02,-0.01,0,3.8,0.15,-0.46,-0.76,-0.59,0.12,-0.8
35.904,1,0.187,0.01,-0.01,0.98,172.48,-1.79,-0.83,0,0,0,3.85,0,0.46,0,0.03,-0.02,1
35.918,2,-0.494,0.14,-0.82,0.25,239.56,47.72,-125.23,0.01,0.01,0.01,3.87,-0.46,0.76,0,-0.74,-0.56,-0.38
35.919,3,-0.468,0.06,-0.87,-0.17,189.26,56.21,155.74,-0.01,-0.01,-0,3.73,0.46,0.76,-1.22,-0.82,0.23,-0.51
35.997,4,-0.31,0.13,-0.94,-0.04,210.24,36.42,-179.86,0,0,0,3.72,0.15,-0.61,1.07,-0.6,-0.01,-0.8
35.998,6,0.747,-0.03,0.66,-0.08,320.55,78.68,-49.43,-0,0,0.01,3.74,0,0,0.31,-0.99,-0.15,0.12
36.004,0,0.037,0.19,-0.03,-0.98,199.17,21.68,3.99,-0.01,-0,0.01,3.85,0,-0.31,0,-0.36,0.06,0.94
36.006,7,-0.704,-0.2,-0.66,-0.15,95.52,61.12,85.76,-0,0,0.02,0,0.15,-0.31,0,-0.89,0.49,0.03
36.009,5,-0.291,0.05,-0.95,-0.07,197.15,34.17,172.08,0.03,0,-0,3.8,0,0.31,0,-0.58,0.11,-0.8
36.011,1,0.188,0.01,-0.01,0.98,172.4,-1.73,-0.86,0,0,-0,3.85,0,0.31,-0.15,0.03,-0.01,1
36.018,2,-0.493,0.14,-0.82,0.25,239.36,47.74,-125.39,0,0,-0.01,3.87,-0.76,-0.15,0,-0.74,-0.54,-0.38
36.019,3,-0.469,0.06,-0.87,-0.17,188.89,56.24,155.52,0.04,-0,0.02,3.73,0,2.14,0.15,-0.86,0.23,-0.49
36.081,4,-0.309,0.13,-0.94,-0.04,210.26,36.3,-179.82,-0,-0.01,-0,3.72,-0.15,1.07,-0.31,-0.59,0.01,-0.81
36.083,6,0.747,-0.03,0.66,-0.08,320.72,78.71,-49.26,-0.01,0,0.01,3.74,0.61,0.15,1.98,-0.99,-0.15,0.12
36.086,0,0.038,0.19,-0.03,-0.98,199.3,21.68,4.06,-0,0,0.01,3.85,0,0.76,0,-0.37,0.07,0.94
36.087,7,-0.703,-0.2,-0.67,-0.15,95.68,61.15,85.94,-0,0,0.02,0,-0.15,0,0,-0.89,0.49,0.04
36.091,2,-0.493,0.14,-0.82,0.25,239.42,47.63,-125.38,0.02,0.01,0.01,3.87,2.14,1.07,2.59,-0.75,-0.57,-0.37
36.093,1,0.188,0.01,-0.01,0.98,172.42,-1.79,-0.86,0.01,0,-0,3.85,-0.15,-0.61,0,0.02,-0.02,1
36.121,5,-0.291,0.04,-0.95,-0.07,197.01,34.14,172.14,0.02,0.02,0,3.8,2.14,0.92,-0.61,-0.58,0.1,-0.81
36.123,3,-0.468,0.06,-0.87,-0.17,188.71,56.18,155.42,0.02,-0.01,0.01,3.73,-0.15,0,-0.15,-0.85,0.25,-0.49
36.179,4,-0.308,0.13,-0.94,-0.04,209.99,36.22,179.85,0,0.02,0.01,3.72,-0.92,0.31,2.9,-0.59,-0.02,-0.82
36.181,6,0.746,-0.03,0.66,-0.08,320.22,78.76,-49.77,0,0.01,0.01,3.74,0,0.31,0.15,-0.99,-0.15,0.13
36.184,0,0.038,0.19,-0.03,-0.98,199.21,21.76,4,-0,0,0,3.85,-0.46,1.53,0.61,-0.37,0.06,0.93
36.186,7,-0.704,-0.2,-0.66,-0.15,95.61,61.09,85.9,0.01,0,0.02,0,0.15,0,0.15,-0.89,0.49,0.04
36.19,2,-0.493,0.14,-0.82,0.25,239.24,47.73,-125.37,0.02,-0.01,-0.01,3.87,-0.76,-1.07,-0.31,-0.75,-0.53,-0.37
36.191,1,0.188,0.01,-0.01,0.98,172.39,-1.78,-0.88,0.01,-0,-0,3.85,0,-0.15,0,0.02,-0.02,1
36.223,5,-0.29,0.05,-0.95,-0.07,197.15,34.06,172.4,0.01,-0.01,0,3.8,0,1.22,0.76,-0.58,0.11,-0.81
36.224,3,-0.468,0.06,-0.87,-0.17,188.6,56.18,155.35,0.01,-0,0.01,3.73,0.15,0.46,0,-0.84,0.24,-0.51
36.297,4,-0.307,0.13,-0.94,-0.04,209.63,36.15,179.71,0.01,-0.02,0.01,3.72,1.07,0.92,-0.61,-0.61,0.01,-0.81
36.299,6,0.746,-0.03,0.66,-0.08,320.25,78.7,-49.76,-0,0.01,0,3.74,-0.15,0,-0.15,-0.98,-0.16,0.12
36.302,0,0.038,0.19,-0.03,-0.98,199.22,21.93,3.98,0.01,-0,0,3.85,0,0.31,-0.92,-0.38,0.06,0.93
36.304,7,-0.703,-0.2,-0.67,-0.15,95.67,61.08,85.98,-0,0,0.02,0,0,0,0.15,-0.89,0.49,0.03
36.308,2,-0.494,0.14,-0.82,0.25,239.47,47.78,-125.26,0.03,-0.01,-0,3.87,0.61,1.07,1.37,-0.75,-0.54,-0.37
36.31,1,0.187,0.01,-0.01,0.98,172.49,-1.78,-0.84,0,-0,0,3.85,0,-0.15,-0.15,0.03,-0.01,1
36.331,5,-0.29,0.05,-0.95,-0.07,197.21,34.01,172.43,0.02,-0.01,-0,3.8,0.15,-0.76,-0.31,-0.57,0.11,-0.81
36.333,3,-0.469,0.06,-0.87,-0.17,188.66,56.25,155.37,0.01,-0,0.01,3.73,-0.31,0.76,0,-0.84,0.23,-0.5
36.386,4,-0.307,0.13,-0.94,-0.05,209.46,36.2,179.54,-0,0.01,0,3.72,-0.46,-0.31,0.76,-0.59,-0,-0.81
36.388,6,0.746,-0.03,0.66,-0.08,320.32,78.67,-49.74,0,0,0,3.74,-0.15,0,-0.31,-0.98,-0.16,0.13
36.392,0,0.038,0.19,-0.03,-0.98,199.3,21.93,3.99,0.01,-0.01,0.01,3.85,0,-0.61,0.31,-0.38,0.05,0.94
36.394,7,-0.704,-0.2,-0.66,-0.15,95.46,61.05,85.77,0,0,0.02,0,0,0,0,-0.89,0.49,0.04
36.4,5,-0.29,0.05,-0.95,-0.07,197.19,34.07,172.42,0.02,0,0,3.8,-0.76,-0.76,0.46,-0.57,0.11,-0.81
36.401,1,0.188,0.01,-0.01,0.98,172.41,-1.63,-0.92,0,-0,0,3.85,0,0,0,0.02,-0.02,1
36.43,2,-0.494,0.14,-0.82,0.25,239.37,47.75,-125.31,0.02,0,0,3.87,-0.46,0.46,0.31,-0.75,-0.55,-0.37
36.432,3,-0.468,0.06,-0.87,-0.17,188.63,56.19,155.32,0.01,0,0.01,3.73,0.31,0.61,0,-0.84,0.23,-0.51
36.487,4,-0.309,0.13,-0.94,-0.05,209.3,36.37,179.53,-0.01,0.01,0,3.72,0.46,-0.92,0.61,-0.59,0,-0.81
36.489,6,0.747,-0.03,0.66,-0.08,320.39,78.64,-49.72,-0,-0,0,3.74,-0.15,0,-0.76,-0.98,-0.15,0.13
36.492,0,0.038,0.19,-0.03,-0.98,199.28,21.91,3.99,-0,-0,0.01,3.85,0,-0.31,0.31,-0.38,0.06,0.94
36.494,7,-0.704,-0.2,-0.66,-0.15,95.46,61.06,85.8,0,0,0.01,0,-0.15,0,0.15,-0.89,0.49,0.04
36.499,5,-0.291,0.05,-0.95,-0.07,197.18,34.13,172.38,0.02,-0,0,3.8,-0.15,0,0.15,-0.58,0.11,-0.81
36.5,1,0.187,0.01,-0.01,0.98,172.47,-1.64,-0.87,0,0,0,3.85,0.15,0,0,0.03,-0.01,1
36.527,2,-0.493,0.14,-0.82,0.25,239.27,47.76,-125.44,0.02,0.01,0.01,3.87,-0.46,0.15,0.15,-0.75,-0.56,-0.38
36.53,3,-0.468,0.06,-0.87,-0.17,188.81,56.17,155.49,0,-0,0,3.73,0,0,-1.37,-0.83,0.23,-0.5
36.587,4,-0.309,0.13,-0.94,-0.05,209.26,36.36,179.52,0.01,0,0.01,3.72,0,0,0,-0.59,0,-0.81
36.589,6,0.747,-0.03,0.66,-0.08,320.53,78.64,-49.55,0.01,-0,0.01,3.74,-0.46,0,-0.31,-0.99,-0.15,0.13
36.593,0,0.038,0.19,-0.03,-0.98,199.28,21.85,3.99,-0,0,0.01,3.85,0,0,0.46,-0.37,0.07,0.94
36.595,7,-0.704,-0.2,-0.66,-0.15,95.39,61.08,85.66,0,0,0.02,0,-0.15,0.15,0.15,-0.89,0.49,0.04
36.599,2,-0.493,0.14,-0.82,0.25,239.12,47.81,-125.52,0.01,0,0,3.87,-0.15,0.61,1.68,-0.74,-0.55,-0.38
36.601,1,0.188,0.01,-0.01,0.98,172.35,-1.59,-0.93,0,0.01,0,3.85,0,0,0,0.02,-0.01,1
36.627,5,-0.291,0.05,-0.95,-0.07,197.24,34.1,172.41,0.02,-0,-0,3.8,-0.15,0,0,-0.58,0.11,-0.8
36.629,3,-0.467,0.06,-0.87,-0.17,188.84,56.09,155.5,0.02,0,0.01,3.73,0.46,-0.46,1.22,-0.85,0.22,-0.5
36.687,4,-0.309,0.13,-0.94,-0.05,209.25,36.42,179.5,0,0,0,3.72,-0.15,0.15,0.15,-0.59,0.01,-0.81
36.689,6,0.747,-0.03,0.66,-0.08,320.76,78.61,-49.33,-0,-0.01,0.01,3.74,0,0.15,0.31,-0.99,-0.14,0.13
36.694,0,0.038,0.19,-0.03,-0.98,199.23,21.8,3.95,-0,0.01,0.01,3.85,0,0.15,-0.31,-0.38,0.07,0.93
36.695,7,-0.704,-0.2,-0.66,-0.15,95.54,61.1,85.77,-0,0,0.02,0,0,0,0.15,-0.89,0.49,0.03
36.7,2,-0.493,0.14,-0.82,0.25,239.16,47.82,-125.5,0.01,-0.01,-0.01,3.87,0.31,-0.46,0.76,-0.73,-0.53,-0.38
36.701,1,0.189,0.01,-0.01,0.98,172.31,-1.61,-0.91,-0,-0,0,3.85,0,0,-0.31,0.03,-0.02,1
36.727,5,-0.291,0.05,-0.95,-0.07,197.28,34.13,172.39,0.03,-0,-0,3.8,-0.15,0.31,0.92,-0.58,0.1,-0.81
36.729,3,-0.467,0.06,-0.87,-0.17,188.58,56.02,155.35,0.01,-0.01,0.02,3.73,0.31,-0.61,0.15,-0.85,0.24,-0.5
36.785,4,-0.309,0.13,-0.94,-0.05,209.31,36.44,179.57,0,-0.01,0,3.72,-0.15,0.92,-1.37,-0.6,0.02,-0.81
36.79,6,0.747,-0.03,0.66,-0.08,320.74,78.63,-49.36,-0,0,0,3.74,0.15,0,0,-0.98,-0.15,0.13
36.795,0,0.037,0.19,-0.03,-0.98,199.16,21.83,3.92,-0,0.01,0.01,3.85,-0.15,0.61,0,-0.38,0.07,0.94
36.797,7,-0.704,-0.2,-0.66,-0.15,95.44,61.03,85.78,0,0,0.01,0,0.46,0,-1.22,-0.88,0.49,0.04
36.8,2,-0.493,0.14,-0.82,0.25,239.17,47.8,-125.5,0.02,0,0,3.87,-0.15,-0.76,0,-0.75,-0.55,-0.38
36.802,1,0.189,0.01,-0.01,0.98,172.24,-1.63,-0.93,0,0,0,3.85,0,0,0,0.02,-0.01,1
36.827,5,-0.291,0.05,-0.95,-0.07,197.21,34.11,172.33,0.02,0.01,-0,3.8,0,0.92,1.07,-0.57,0.1,-0.81
36.829,3,-0.468,0.06,-0.87,-0.17,188.71,56.11,155.47,0.01,0.01,-0,3.73,-0.61,0.46,-2.9,-0.83,0.22,-0.51
36.9,4,-0.308,0.13,-0.94,-0.04,209.64,36.27,179.86,-0.01,0.01,0,3.72,0.92,-0.76,1.22,-0.6,-0,-0.81
36.902,6,0.747,-0.03,0.66,-0.08,320.75,78.6,-49.32,-0,0,0,3.74,-0.15,0,0.31,-0.99,-0.15,0.13
36.906,0,0.037,0.19,-0.02,-0.98,199.08,21.94,3.89,0,0,0.01,3.85,-0.76,0.46,-1.68,-0.38,0.06,0.93
36.908,7,-0.703,-0.2,-0.67,-0.15,95.72,61.15,86.03,0,0.01,0.01,0,0,0.15,0.92,-0.89,0.48,0.04
36.914,2,-0.494,0.14,-0.82,0.25,238.94,47.97,-125.59,0.01,-0,0,3.87,0.46,0.76,1.37,-0.75,-0.55,-0.38
36.916,1,0.189,0.01,-0.01,0.98,172.24,-1.75,-0.89,0,0,0,3.85,-0.46,0,0,0.03,-0.02,1
36.933,5,-0.29,0.05,-0.95,-0.07,197.12,34.01,172.27,0.03,0,0.01,3.8,0.31,0.31,0.31,-0.59,0.11,-0.81
36.935,3,-0.467,0.06,-0.87,-0.17,188.96,56.07,155.62,-0.01,0.01,0,3.73,0.15,-0.46,-0.46,-0.82,0.22,-0.53
36.991,4,-0.309,0.13,-0.94,-0.04,209.46,36.36,179.74,-0,0.01,-0,3.72,0,-0.15,0.92,-0.59,-0,-0.81
36.993,6,0.747,-0.03,0.66,-0.08,320.6,78.66,-49.49,-0,-0.01,0.01,3.74,0,0,0.31,-0.99,-0.15,0.13
36.999,0,0.036,0.19,-0.02,-0.98,198.98,22.07,3.79,-0,-0.01,0.01,3.85,-0.31,0,0.61,-0.38,0.06,0.93
37.001,7,-0.703,-0.2,-0.67,-0.15,95.83,61.12,86.12,0,-0,0.02,0,-0.15,0,0.46,-0.89,0.49,0.03
37.006,2,-0.493,0.14,-0.82,0.25,239,47.9,-125.57,0.01,0,-0,3.87,0,-1.53,-2.14,-0.74,-0.54,-0.38
37.007,1,0.188,0.01,-0.01,0.98,172.39,-1.72,-0.87,0,-0,0,3.85,0,0,0,0.03,-0.02,1
37.031,5,-0.289,0.04,-0.95,-0.07,197.06,33.92,172.26,0.03,0,0.01,3.8,-0.31,-0.46,-0.15,-0.59,0.11,-0.81
37.033,3,-0.467,0.06,-0.87,-0.17,188.94,56.01,155.59,0.01,0,0.01,3.73,0,-0.76,0.61,-0.84,0.23,-0.51
37.102,4,-0.308,0.13,-0.94,-0.04,209.51,36.19,179.81,-0.01,-0.02,0,3.72,0.92,1.53,-3.51,-0.59,0.02,-0.82
37.104,6,0.747,-0.03,0.66,-0.08,320.94,78.69,-49.1,0,-0,0,3.74,0,0,-0.31,-0.98,-0.15,0.13
37.107,0,0.036,0.19,-0.02,-0.98,198.95,22.12,3.73,-0,-0.01,0.01,3.85,0,0,0.92,-0.38,0.05,0.93
37.109,7,-0.703,-0.2,-0.67,-0.15,95.9,61.12,86.17,0,-0,0.02,0,0.31,-0.15,-0.46,-0.89,0.49,0.03
37.115,2,-0.493,0.14,-0.82,0.25,239.29,47.73,-125.45,0.02,-0,0.01,3.87,-0.92,-1.22,-4.27,-0.77,-0.56,-0.37
37.116,1,0.188,0.01,-0.01,0.98,172.36,-1.68,-0.89,0,0,-0,3.85,0.15,0,-0.15,0.02,-0.02,1
37.136,5,-0.29,0.04,-0.95,-0.07,197.08,33.98,172.29,0.02,0,-0.01,3.8,0.46,-0.31,-0.76,-0.57,0.1,-0.81
37.137,3,-0.467,0.06,-0.87,-0.17,188.74,55.95,155.38,0.02,-0.02,0.02,3.73,-1.22,0.76,3.05,-0.86,0.25,-0.49
37.196,4,-0.306,0.13,-0.94,-0.04,210.02,36,-179.77,-0,-0.01,0.01,3.72,0.61,0.61,-2.9,-0.6,0,-0.81
37.198,6,0.747,-0.03,0.66,-0.08,320.81,78.67,-49.2,-0,0,0,3.74,0,0.15,-0.31,-0.99,-0.15,0.13
37.202,0,0.037,0.19,-0.02,-0.98,199.1,22.11,3.83,-0,0.01,0.01,3.85,0,0.15,0.15,-0.38,0.07,0.94
37.203,7,-0.703,-0.2,-0.67,-0.15,95.9,61.18,86.21,0,0.01,0.02,0,0.15,0,-0.15,-0.89,0.48,0.04
37.207,2,-0.494,0.14,-0.82,0.25,239.28,47.85,-125.42,0.01,0.01,0,3.87,-0.15,0.92,0.46,-0.75,-0.55,-0.38
37.209,1,0.19,0.01,-0.01,0.98,172.19,-1.64,-0.93,0,0,-0,3.85,0,0,0,0.03,-0.02,1
37.231,5,-0.289,0.05,-0.95,-0.07,197.13,33.95,172.28,0.03,0.01,0,3.8,0.61,0.76,0.31,-0.59,0.1,-0.81
37.233,3,-0.467,0.06,-0.87,-0.17,188.74,56.01,155.31,-0,-0,0.01,3.73,0,-0.76,0.61,-0.84,0.24,-0.51
37.31,4,-0.307,0.13,-0.94,-0.04,210.06,36.06,-179.78,0.01,0.01,0.01,3.72,0,-0.15,-0.61,-0.59,-0.02,-0.81
37.312,6,0.747,-0.03,0.66,-0.08,320.7,78.67,-49.24,-0,0,0,3.74,-0.15,0,0,-0.98,-0.15,0.12
37.316,0,0.037,0.19,-0.02,-0.98,199.07,22.03,3.84,0,0,0.01,3.85,-0.31,0.15,-0.76,-0.38,0.06,0.93
37.318,7,-0.703,-0.2,-0.67,-0.15,95.92,61.19,86.24,0,0,0.01,0,-0.15,0,0.15,-0.89,0.49,0.03
37.322,2,-0.494,0.14,-0.82,0.25,239.16,47.86,-125.49,0.01,-0.01,-0.01,3.87,0,0,-0.15,-0.74,-0.53,-0.38
37.324,1,0.19,0.01,-0.01,0.98,172.19,-1.63,-0.93,0,0,-0,3.85,0,0,0.15,0.02,-0.02,1
37.342,5,-0.29,0.05,-0.95,-0.07,197.13,33.97,172.3,0.03,0,0,3.8,0,0.46,1.07,-0.59,0.11,-0.81
37.344,3,-0.467,0.06,-0.87,-0.17,188.77,56.08,155.31,0.01,-0.01,0.02,3.73,-0.31,0.61,-1.37,-0.85,0.25,-0.51
37.397,4,-0.307,0.13,-0.94,-0.04,210.2,36.12,-179.63,-0,-0.01,0,3.72,0,0.15,-1.07,-0.59,0.01,-0.81
37.398,6,0.746,-0.03,0.66,-0.08,320.45,78.71,-49.55,0,-0,0,3.74,0,0,0.15,-0.98,-0.14,0.13
37.403,0,0.036,0.19,-0.02,-0.98,199.05,22.12,3.82,0,-0,0.01,3.85,0,-0.15,-0.76,-0.38,0.06,0.93
37.404,7,-0.703,-0.2,-0.67,-0.15,95.93,61.16,86.25,0,-0,0.02,0,-0.15,0,0.31,-0.89,0.49,0.04
37.409,2,-0.494,0.14,-0.82,0.25,239.31,47.85,-125.36,0.01,0.01,0.01,3.87,0,0.31,1.37,-0.75,-0.56,-0.38
37.412,1,0.19,0.01,-0.01,0.98,172.12,-1.72,-0.92,0,0,-0,3.85,-0.15,0,0,0.02,-0.01,1
37.437,5,-0.289,0.04,-0.95,-0.07,197.07,33.92,172.33,0.01,-0.02,0,3.8,-0.31,-0.46,-0.46,-0.58,0.12,-0.81
37.438,3,-0.468,0.06,-0.87,-0.17,188.79,56.12,155.34,0.02,-0.01,0.01,3.73,-0.31,0.92,-1.22,-0.84,0.24,-0.5
37.509,4,-0.307,0.13,-0.94,-0.04,210.27,36.1,-179.62,0,0.01,-0,3.72,0.31,0,-0.46,-0.59,-0.01,-0.8
37.51,6,0.746,-0.03,0.66,-0.08,320.17,78.78,-49.83,0,0,0.01,3.74,0,0.15,0,-0.99,-0.15,0.13
37.515,0,0.037,0.19,-0.02,-0.98,199.09,22.02,3.83,-0,-0,0,3.85,0,-0.15,0.61,-0.37,0.06,0.94
37.516,7,-0.703,-0.2,-0.67,-0.15,95.97,61.19,86.18,0,-0,0.02,0,0,0,0,-0.89,0.49,0.04
37.52,2,-0.494,0.14,-0.82,0.25,239.2,47.87,-125.43,0.02,0.01,0.01,3.87,-0.15,0.31,-0.31,-0.76,-0.56,-0.37
37.521,1,0.189,0.01,-0.01,0.98,172.28,-1.75,-0.85,0,-0,0,3.85,0,0,-0.15,0.02,-0.02,1
37.543,5,-0.29,0.05,-0.95,-0.07,197.1,33.98,172.26,0.03,-0,0.01,3.79,-0.15,0.31,0.31,-0.6,0.11,-0.81
37.545,3,-0.467,0.06,-0.87,-0.17,188.7,56.06,155.28,0.02,-0.01,0.01,3.73,-0.15,0,-0.31,-0.85,0.24,-0.5
37.604,4,-0.308,0.13,-0.94,-0.04,210.4,36.14,-179.5,0,0.01,0,3.72,0,-0.15,0.46,-0.59,-0.01,-0.81
37.606,6,0.746,-0.03,0.66,-0.08,320.28,78.74,-49.72,0,0,0.01,3.74,-0.15,0,0,-0.99,-0.15,0.13
37.609,0,0.036,0.19,-0.02,-0.98,199.04,21.99,3.81,-0,0,-0,3.85,0,0,0.31,-0.37,0.06,0.93
37.611,7,-0.703,-0.2,-0.67,-0.15,95.92,61.18,86.11,0,0,0.02,0,0,0,-0.15,-0.89,0.49,0.04
37.616,2,-0.494,0.14,-0.82,0.25,239.13,47.94,-125.45,0.01,0,-0,3.87,0,-0.76,0.76,-0.74,-0.55,-0.38
37.618,1,0.189,0.01,-0.01,0.98,172.29,-1.74,-0.81,0.01,0,-0,3.85,0.15,0,0,0.02,-0.02,1
37.638,5,-0.29,0.04,-0.95,-0.07,197.02,33.97,172.21,0.02,-0,-0.01,3.8,-0.15,0,-0.15,-0.57,0.11,-0.8
37.639,3,-0.468,0.06,-0.87,-0.17,188.54,56.13,155.16,0.02,-0,0.02,3.73,0.31,0.46,-0.31,-0.85,0.24,-0.51
37.697,4,-0.307,0.13,-0.94,-0.04,210.44,36.12,-179.48,0.01,-0.01,0.01,3.72,0.15,0.76,-0.76,-0.61,-0,-0.81
37.699,6,0.747,-0.03,0.66,-0.08,320.61,78.7,-49.38,0,-0,0.01,3.74,0,0.15,-0.15,-0.98,-0.15,0.13
37.702,0,0.037,0.19,-0.02,-0.98,199.14,21.92,3.87,0,-0,0.01,3.85,0,0.15,0,-0.37,0.06,0.94
37.704,7,-0.703,-0.2,-0.67,-0.15,95.96,61.18,86.16,0,0,0.02,0,0,0,0,-0.89,0.49,0.03
37.708,2,-0.494,0.14,-0.82,0.25,239.14,47.93,-125.45,0.01,-0,0,3.87,-0.15,0.46,0.61,-0.75,-0.54,-0.38
37.709,1,0.189,0.01,-0.01,0.98,172.29,-1.77,-0.79,0.01,0,0,3.85,0,0,-0.15,0.03,-0.01,1
37.738,5,-0.289,0.04,-0.95,-0.07,197.06,33.93,172.25,0.02,0.01,-0,3.8,0,0.15,0,-0.57,0.1,-0.81
37.74,3,-0.468,0.06,-0.87,-0.17,188.59,56.14,155.21,0.01,0,0.01,3.73,0,0.15,-1.98,-0.84,0.23,-0.5
37.807,4,-0.307,0.13,-0.94,-0.04,210.48,36.07,-179.47,0,-0.01,0,3.72,-0.15,0.46,-0.46,-0.6,-0.01,-0.8
37.809,6,0.747,-0.03,0.66,-0.08,320.46,78.71,-49.49,-0,0,0.01,3.74,0,0,0,-0.99,-0.15,0.13
37.813,0,0.038,0.19,-0.02,-0.98,199.22,22.03,3.91,0,-0,0.01,3.85,0.31,0.46,0.31,-0.38,0.06,0.93
37.815,7,-0.703,-0.2,-0.67,-0.15,96.01,61.19,86.23,0,-0.01,0.02,0,-0.46,0.61,0.15,-0.9,0.5,0.03
37.819,2,-0.494,0.14,-0.82,0.25,239.22,47.94,-125.38,0.02,0.01,0.01,3.87,0.31,0.31,1.83,-0.75,-0.55,-0.37
37.82,1,0.188,0.01,-0.01,0.98,172.44,-1.66,-0.78,0,-0,0,3.85,0,0,0,0.03,-0.02,1
37.841,5,-0.289,0.04,-0.95,-0.07,197.07,33.84,172.27,0.03,-0,-0,3.79,-0.46,0.15,0.76,-0.58,0.11,-0.81
37.843,3,-0.468,0.06,-0.87,-0.17,188.65,56.14,155.22,-0,-0,0.01,3.73,-1.22,0.61,-2.44,-0.83,0.23,-0.51
37.907,4,-0.307,0.13,-0.94,-0.04,210.55,36.01,-179.46,0,-0.01,0,3.72,-0.31,-0.15,0.15,-0.6,0,-0.81
37.908,6,0.747,-0.03,0.66,-0.08,320.54,78.68,-49.42,-0,-0,0,3.74,-0.15,0,0.31,-0.98,-0.15,0.13
37.913,0,0.038,0.19,-0.02,-0.98,199.26,22.09,3.94,-0,0,0.01,3.85,-0.15,0,0,-0.38,0.07,0.93
37.915,7,-0.703,-0.2,-0.67,-0.15,96.03,61.21,86.21,0,-0.01,0.03,0,-0.15,0,0.31,-0.9,0.5,0.03
37.919,2,-0.495,0.14,-0.82,0.25,239.32,47.94,-125.29,0.01,0,-0,3.87,0.31,-0.31,0.46,-0.75,-0.55,-0.38
37.922,1,0.187,0.01,-0.01,0.98,172.54,-1.68,-0.74,0.01,0,0,3.85,0.15,0,0,0.02,-0.02,1
37.939,5,-0.288,0.04,-0.95,-0.07,197.01,33.75,172.21,0.04,-0,0,3.79,-0.31,0,0.31,-0.58,0.11,-0.81
37.941,3,-0.468,0.06,-0.87,-0.17,188.69,56.11,155.2,0.02,-0,0.01,3.73,0.31,0.61,0.46,-0.85,0.23,-0.49
37.997,4,-0.307,0.14,-0.94,-0.04,210.6,36.03,-179.46,-0.01,-0.01,0,3.72,0.31,-0.15,-0.15,-0.59,-0.01,-0.82
37.999,6,0.747,-0.03,0.66,-0.08,320.83,78.76,-49.02,0,-0,0.01,3.74,0,0,0,-0.99,-0.14,0.13
38.002,0,0.037,0.19,-0.02,-0.98,199.12,22.13,3.88,0,-0,0.01,3.85,0.31,0.31,0.46,-0.38,0.06,0.93
38.003,7,-0.703,-0.2,-0.67,-0.15,95.92,61.2,86.07,0.01,-0,0.02,0,0.15,0,0,-0.89,0.5,0.04
38.007,2,-0.495,0.14,-0.82,0.25,239.48,47.86,-125.23,0.02,0,0,3.87,-0.15,0,-2.29,-0.76,-0.56,-0.37
38.008,1,0.187,0.01,-0.01,0.98,172.55,-1.58,-0.77,0.01,0,-0,3.85,0,0,-0.15,0.02,-0.01,1
38.058,5,-0.289,0.04,-0.95,-0.07,196.98,33.84,172.17,0.03,0,-0,3.79,-0.31,0,0.61,-0.58,0.1,-0.81
38.06,3,-0.467,0.06,-0.87,-0.17,188.7,56.02,155.29,0.01,0.01,0,3.73,0,-0.15,-0.31,-0.85,0.22,-0.5
38.113,4,-0.306,0.14,-0.94,-0.04,210.63,35.98,-179.42,0.01,0.01,0.01,3.72,0.46,-0.15,0,-0.6,-0.02,-0.81
38.115,6,0.747,-0.03,0.66,-0.08,320.81,78.74,-49,-0.01,0,0,3.74,0.31,0.15,-0.31,-0.98,-0.15,0.12
38.119,0,0.038,0.19,-0.03,-0.98,199.22,22.05,3.98,-0.01,-0.01,0,3.85,0.15,0,0.76,-0.37,0.06,0.93
38.12,7,-0.703,-0.2,-0.67,-0.15,95.95,61.24,86.07,0,0,0.01,0,0,0,0.46,-0.89,0.49,0.04
38.124,2,-0.493,0.14,-0.82,0.25,239.55,47.64,-125.33,0.02,-0,0.01,3.87,-2.59,0.76,-2.44,-0.75,-0.55,-0.37
38.126,1,0.187,0.01,-0.01,0.98,172.48,-1.57,-0.79,-0,-0,0,3.85,0,-0.15,0,0.03,-0.02,1
38.147,5,-0.289,0.04,-0.95,-0.07,196.88,33.83,172.1,0,0.01,-0,3.79,0.15,0.31,0.76,-0.56,0.1,-0.81
38.149,3,-0.467,0.06,-0.87,-0.17,188.68,56.03,155.32,0.01,0.01,0,3.73,0,0.76,-0.76,-0.83,0.22,-0.52
38.205,4,-0.307,0.14,-0.94,-0.04,210.67,36.06,-179.23,0.01,0.01,0.01,3.72,1.98,-1.22,-1.68,-0.6,-0.02,-0.81
38.207,6,0.747,-0.03,0.66,-0.08,320.66,78.7,-49.14,-0,0.01,0.01,3.74,-0.31,0,0.15,-0.98,-0.15,0.13
38.21,0,0.037,0.19,-0.03,-0.98,199.21,22.12,4.01,0,0,0.01,3.85,0.31,-0.46,0,-0.39,0.07,0.94
38.213,7,-0.703,-0.2,-0.67,-0.15,95.96,61.23,86.07,0,0,0.02,0,0,0.15,0.31,-0.89,0.49,0.03
38.218,2,-0.493,0.14,-0.82,0.25,239.6,47.59,-125.36,0,0.01,0,3.87,0.61,1.53,2.14,-0.74,-0.55,-0.39
38.219,1,0.188,0.01,-0.01,0.98,172.38,-1.62,-0.84,0,-0,0,3.85,-0.15,0.15,0.15,0.02,-0.01,1
38.243,5,-0.289,0.04,-0.95,-0.07,196.72,33.83,172,0.02,0.01,0,3.79,-1.07,-0.15,1.07,-0.57,0.1,-0.81
38.245,3,-0.467,0.06,-0.87,-0.17,188.77,55.97,155.41,0.01,-0,0.01,3.73,0,0.31,0.61,-0.85,0.24,-0.51
38.32,4,-0.308,0.13,-0.94,-0.04,210.56,36.17,-179.3,0,0.01,-0,3.72,-0.31,-0.76,1.68,-0.59,-0.01,-0.81
38.322,6,0.747,-0.03,0.66,-0.08,320.97,78.69,-48.88,0,-0.01,0,3.74,-0.15,0,0,-0.99,-0.14,0.13
38.326,0,0.037,0.19,-0.03,-0.98,199.12,22.1,3.97,0,-0,0.01,3.85,-0.15,0,0,-0.38,0.07,0.93
38.329,7,-0.703,-0.2,-0.67,-0.15,95.97,61.17,86.09,0,-0.01,0.02,0,-0.15,0,0,-0.89,0.5,0.03
38.333,2,-0.492,0.14,-0.82,0.25,239.45,47.56,-125.42,0.01,0.01,0,3.87,-0.15,-0.92,0,-0.74,-0.56,-0.38
38.335,1,0.188,0.01,-0.01,0.98,172.38,-1.64,-0.85,-0,-0,0,3.85,0,0.15,0,0.02,-0.01,1
38.347,5,-0.289,0.04,-0.95,-0.07,196.73,33.88,172.04,0.03,-0.01,-0,3.79,0,-0.46,0.46,-0.58,0.12,-0.8
38.35,3,-0.468,0.06,-0.87,-0.17,188.87,56.22,155.38,0.04,-0.02,0.01,3.73,-0.46,0.61,-1.68,-0.85,0.24,-0.48
38.404,4,-0.308,0.14,-0.94,-0.04,210.66,36.18,-179.21,-0,-0.01,0.01,3.72,0.15,0,-0.31,-0.59,-0,-0.81
38.406,6,0.747,-0.03,0.66,-0.08,320.74,78.73,-49.08,-0,0,0.01,3.74,0.46,0,0.15,-0.98,-0.15,0.13
38.414,0,0.037,0.19,-0.03,-0.98,199.11,22.02,3.95,-0,0,0.01,3.85,0,-0.15,-0.15,-0.38,0.06,0.93
38.416,7,-0.703,-0.2,-0.67,-0.15,96.02,61.15,86.12,0,-0,0.02,0,0.46,-0.15,-0.15,-0.89,0.49,0.04
38.421,2,-0.493,0.14,-0.82,0.25,239.46,47.56,-125.41,0.01,-0.01,-0,3.87,0.61,0,0.92,-0.75,-0.54,-0.39
38.423,1,0.188,0.01,-0.01,0.98,172.44,-1.7,-0.81,0.01,0,0,3.85,0.15,-0.15,-0.15,0.02,-0.02,1
38.448,5,-0.289,0.04,-0.95,-0.07,196.6,33.89,171.92,0.02,0.01,-0.01,3.79,0.61,0.15,-2.44,-0.57,0.1,-0.81
38.45,3,-0.468,0.06,-0.87,-0.17,189.09,56.18,155.55,0,0,0,3.73,0.15,0.92,-2.9,-0.82,0.22,-0.5
38.508,4,-0.308,0.14,-0.94,-0.04,210.73,36.12,-179.19,-0.01,-0,-0,3.72,-0.31,0.31,0.15,-0.58,-0.01,-0.81
38.51,6,0.746,-0.03,0.66,-0.08,320.23,78.72,-49.65,-0,0,0,3.74,-0.15,0.15,-0.46,-0.99,-0.15,0.12
38.516,0,0.036,0.19,-0.03,-0.98,199.03,22.08,3.9,-0,0,0.01,3.85,-0.15,0.46,0.15,-0.37,0.07,0.93
38.518,7,-0.702,-0.2,-0.67,-0.15,95.99,61.12,86.24,0.01,0.01,0.02,0,-0.15,0.31,-0.15,-0.9,0.49,0.04
38.523,2,-0.493,0.14,-0.82,0.25,239.37,47.64,-125.42,0.02,-0.02,-0.01,3.87,0,-0.46,-1.83,-0.74,-0.54,-0.38
38.525,1,0.187,0.01,-0.01,0.98,172.49,-1.52,-0.85,0,0,0,3.85,0.15,0,0,0.03,-0.01,1
38.552,5,-0.289,0.04,-0.95,-0.07,196.78,33.89,172.1,0.02,0.01,-0.01,3.79,0.31,0.46,-0.15,-0.56,0.09,-0.81
38.554,3,-0.468,0.06,-0.87,-0.17,189.12,56.2,155.58,0.01,0.01,0.01,3.73,-1.07,0.15,-0.46,-0.85,0.22,-0.51
38.618,4,-0.307,0.14,-0.94,-0.04,210.65,36.09,-179.22,-0,-0.01,0,3.72,0,0.61,-0.92,-0.59,-0,-0.81
38.619,6,0.746,-0.03,0.66,-0.08,320.13,78.69,-49.8,-0,0,0,3.74,0,-0.15,0.15,-0.99,-0.15,0.13
38.623,0,0.036,0.19,-0.03,-0.98,199.08,22.18,3.94,0,0.01,0.01,3.85,0.61,-0.15,0.61,-0.38,0.07,0.93
38.625,7,-0.702,-0.2,-0.67,-0.15,96.09,61.14,86.34,-0,-0,0.02,0,-0.15,-0.15,0,-0.89,0.49,0.03
38.629,2,-0.493,0.14,-0.82,0.25,239.53,47.55,-125.33,0.02,-0,-0,3.87,-0.76,-0.92,-3.51,-0.75,-0.55,-0.37
38.631,1,0.187,0.01,-0.01,0.98,172.49,-1.47,-0.86,-0,-0,0,3.85,0.15,0,0,0.02,-0.01,1
38.652,5,-0.29,0.04,-0.95,-0.07,197,34.03,172.25,0.04,-0.01,-0,3.79,-0.92,-1.07,-0.76,-0.58,0.1,-0.81
38.654,3,-0.467,0.06,-0.87,-0.17,189.25,56.15,155.66,0.01,0.01,0.01,3.73,0.31,0.61,-0.46,-0.84,0.21,-0.5
38.72,4,-0.307,0.13,-0.94,-0.04,210.62,36.08,-179.24,0,-0,0,3.72,0.31,0.61,-1.68,-0.58,0,-0.82
38.721,6,0.746,-0.03,0.66,-0.08,320.07,78.71,-49.89,0,-0,0.01,3.74,0,0.15,0,-0.98,-0.15,0.13
38.725,0,0.037,0.19,-0.03,-0.98,199.12,22.18,4,-0,0,0.01,3.85,0.76,0,1.07,-0.38,0.07,0.93
38.726,7,-0.702,-0.2,-0.67,-0.15,96.13,61.15,86.36,0.01,0,0.02,0,0.46,-0.15,-0.15,-0.89,0.49,0.04
38.731,2,-0.493,0.14,-0.82,0.25,239.68,47.49,-125.27,0.02,0,0,3.87,0,-0.31,0.46,-0.75,-0.56,-0.38
38.732,1,0.187,0.01,-0.01,0.98,172.46,-1.48,-0.86,0,-0,-0,3.85,0,0.15,0,0.02,-0.02,1
38.754,5,-0.291,0.05,-0.95,-0.07,197.21,34.08,172.32,0.03,0.01,-0,3.79,-0.61,0.46,1.83,-0.58,0.1,-0.8
38.756,3,-0.468,0.06,-0.87,-0.17,189.52,56.21,155.89,0,-0,-0,3.73,0.61,0,0.15,-0.83,0.23,-0.51
38.815,4,-0.307,0.13,-0.94,-0.04,210.49,36.04,-179.34,-0,0,0,3.72,-0.31,0,-0.31,-0.58,-0.01,-0.81
38.816,6,0.746,-0.03,0.66,-0.08,320.34,78.68,-49.57,-0,0,0.01,3.74,0.61,0.15,0,-0.99,-0.15,0.13
38.82,0,0.037,0.19,-0.03,-0.98,199.15,22.19,4.07,-0.01,0.01,0,3.85,-0.15,0.31,-0.31,-0.37,0.07,0.93
38.822,7,-0.702,-0.2,-0.67,-0.15,96.13,61.16,86.4,0,0,0.02,0,-0.15,0.15,0.31,-0.89,0.49,0.04
38.825,2,-0.493,0.14,-0.82,0.25,239.61,47.54,-125.31,0,-0,0,3.87,-0.15,-0.15,0.76,-0.74,-0.55,-0.39
38.827,1,0.186,0.01,-0.01,0.98,172.62,-1.42,-0.76,-0,-0,-0,3.85,0,1.22,0.15,0.02,-0.01,1
38.852,5,-0.29,0.05,-0.95,-0.07,197.17,34,172.31,0.01,0,-0,3.79,0,0.61,-0.15,-0.57,0.1,-0.81
38.854,3,-0.468,0.06,-0.87,-0.17,189.56,56.27,155.92,0.01,-0.01,0.01,3.73,0,0.46,-1.83,-0.84,0.24,-0.51
38.913,4,-0.307,0.13,-0.94,-0.04,210.5,36.03,-179.37,-0.01,-0,-0,3.72,-0.61,0,0,-0.58,-0,-0.81
38.915,6,0.746,-0.03,0.66,-0.08,320.37,78.72,-49.4,-0.01,0,0.01,3.74,-0.15,0,0.46,-0.99,-0.15,0.12
38.919,0,0.036,0.19,-0.03,-0.98,199.07,22.18,4.05,0,0,0.01,3.85,0,-0.15,-0.76,-0.38,0.07,0.93
38.92,7,-0.702,-0.2,-0.67,-0.15,96.11,61.13,86.29,0,-0,0.02,0,-0.15,0,0,-0.89,0.5,0.03
38.924,2,-0.493,0.14,-0.82,0.25,239.68,47.57,-125.26,-0,0,-0.01,3.87,-0.31,-1.07,-1.53,-0.73,-0.54,-0.39
38.926,1,0.186,0.01,-0.01,0.98,172.61,-1.42,-0.78,-0,-0,0,3.85,0,0,0.31,0.03,-0.02,1
38.952,5,-0.291,0.05,-0.95,-0.07,197.26,34.08,172.33,0.02,0,-0,3.79,0,-0.15,-0.46,-0.58,0.1,-0.81
38.953,3,-0.468,0.07,-0.87,-0.16,189.79,56.31,156.18,-0.01,-0.01,0,3.73,0.31,0.15,-0.15,-0.83,0.23,-0.51
39.011,4,-0.307,0.13,-0.94,-0.04,210.55,36.06,-179.34,-0.02,0,0,3.72,0.15,0.92,-1.68,-0.57,-0.01,-0.82
39.014,6,0.747,-0.03,0.66,-0.08,320.57,78.73,-49.16,0,0,0,3.74,0,0,0,-0.99,-0.15,0.13
39.018,0,0.036,0.19,-0.03,-0.98,199.07,22.2,4.08,0.01,0,0.01,3.85,0,0,0,-0.38,0.06,0.93
39.019,7,-0.702,-0.2,-0.67,-0.15,96.08,61.08,86.27,0,-0,0.02,0,0.15,0,0.15,-0.9,0.49,0.03
39.023,2,-0.494,0.15,-0.82,0.25,240.19,47.44,-124.94,0.02,-0.01,-0,3.87,0.31,-2.75,-2.9,-0.75,-0.55,-0.37
39.025,1,0.185,0.01,-0.01,0.98,172.73,-1.31,-0.78,0,0,0,3.85,0,0.15,0,0.02,-0.01,1
39.069,5,-0.291,0.05,-0.95,-0.07,197.27,34.1,172.31,0.03,-0,0,3.79,0,0.76,0.61,-0.58,0.09,-0.81
39.071,3,-0.468,0.07,-0.87,-0.16,189.8,56.31,156.2,0.02,-0.01,0.01,3.73,0.31,1.53,-1.07,-0.84,0.23,-0.5
39.108,4,-0.306,0.14,-0.94,-0.04,210.82,35.89,-179.26,0.01,-0.01,0.02,3.72,-0.46,0.31,-1.68,-0.61,-0.01,-0.82
39.11,6,0.746,-0.03,0.66,-0.08,320.41,78.73,-49.34,-0,0,0.01,3.74,0,0,0,-0.99,-0.15,0.13
39.114,0,0.037,0.19,-0.03,-0.98,199.16,22.17,4.15,0,0,0,3.85,0.92,-0.31,1.07,-0.38,0.07,0.93
39.116,7,-0.703,-0.2,-0.67,-0.15,95.86,61.02,86.09,0,0,0.02,0,0.46,-0.15,0,-0.88,0.49,0.03
39.12,2,-0.494,0.15,-0.82,0.25,240.46,47.26,-124.81,0.02,0.01,0.01,3.87,0.15,0.46,4.43,-0.74,-0.56,-0.37
39.121,1,0.185,0.01,-0.01,0.98,172.74,-1.3,-0.78,0,-0,0.01,3.85,0,0.15,0,0.03,-0.02,1
39.16,5,-0.291,0.04,-0.95,-0.07,196.93,34.08,172.08,0.03,0,-0,3.79,-0.15,-0.92,1.22,-0.57,0.1,-0.82
39.162,3,-0.467,0.06,-0.87,-0.16,189.83,56.13,156.28,0,-0.01,0.02,3.73,0,0,-2.9,-0.84,0.23,-0.51
39.215,4,-0.306,0.14,-0.94,-0.04,210.76,35.93,-179.28,0,-0.01,0.01,3.72,0.46,-1.22,1.37,-0.59,-0,-0.82
39.216,6,0.747,-0.03,0.66,-0.08,320.37,78.68,-49.44,-0,0,0,3.74,0,-0.31,-0.15,-0.98,-0.16,0.13
39.22,0,0.037,0.19,-0.03,-0.98,199.26,22.1,4.26,-0,0,0.01,3.85,-0.15,-0.31,-0.76,-0.38,0.07,0.93
39.221,7,-0.703,-0.2,-0.67,-0.15,95.84,61.05,86.07,0,0.01,0.01,0,0.15,0,-0.31,-0.88,0.48,0.03
39.225,2,-0.494,0.15,-0.82,0.25,240.28,47.44,-124.95,0.02,-0,-0.01,3.87,0.31,-1.22,1.22,-0.74,-0.55,-0.37
39.226,1,0.185,0.01,-0.01,0.98,172.71,-1.41,-0.76,-0.01,0,0,3.85,0,-0.15,0,0.02,-0.01,1
39.256,5,-0.291,0.04,-0.95,-0.07,196.84,34.17,172.06,0.02,0,-0,3.79,-0.46,0.15,1.83,-0.57,0.11,-0.81
39.257,3,-0.468,0.07,-0.87,-0.16,189.89,56.35,156.29,0,-0,-0,3.73,0.46,-1.07,0.31,-0.83,0.22,-0.5
39.322,4,-0.307,0.14,-0.94,-0.04,210.81,36.07,-179.13,0,-0.02,0.02,3.72,0.76,-0.92,0,-0.61,-0.01,-0.81
39.324,6,0.747,-0.03,0.66,-0.08,320.37,78.64,-49.48,0,0,0.01,3.74,0,0.15,0,-0.98,-0.15,0.13
39.331,0,0.037,0.19,-0.03,-0.98,199.18,22.11,4.23,-0,-0.01,0,3.85,-0.31,-0.76,-1.07,-0.37,0.06,0.92
39.333,7,-0.703,-0.2,-0.67,-0.15,95.82,61.06,86.14,0.01,0.01,0.02,0,0.46,0,0.15,-0.9,0.49,0.04
39.338,2,-0.495,0.15,-0.82,0.25,240.21,47.56,-125.03,-0,-0.01,-0.01,3.87,0.31,-0.61,0.15,-0.73,-0.54,-0.39
39.339,1,0.186,0.01,-0.01,0.98,172.66,-1.37,-0.78,0,0,0,3.85,-0.31,0.61,0,0.02,-0.01,1
39.356,5,-0.292,0.04,-0.95,-0.07,196.75,34.28,171.9,0.06,-0.01,0.02,3.79,-0.15,0,0.61,-0.61,0.09,-0.8
39.358,3,-0.468,0.06,-0.87,-0.16,189.69,56.33,156.15,0.01,0.01,0.01,3.73,-0.15,0,2.14,-0.85,0.22,-0.5
39.419,4,-0.309,0.14,-0.94,-0.04,210.76,36.23,-179.15,0,-0,0.01,3.72,-0.61,-0.46,1.68,-0.6,-0.01,-0.81
39.42,6,0.747,-0.03,0.66,-0.08,320.19,78.61,-49.77,-0,0,0,3.74,-0.31,0,0,-0.98,-0.15,0.13
39.425,0,0.037,0.19,-0.03,-0.98,199.23,22,4.22,-0,-0,0,3.85,-1.07,-0.46,1.07,-0.37,0.06,0.93
39.427,7,-0.703,-0.2,-0.67,-0.15,95.96,61.09,86.21,0,0,0.02,0,-0.15,0.15,0.31,-0.89,0.49,0.04
39.434,5,-0.293,0.04,-0.95,-0.07,196.74,34.3,172.02,-0,0.03,-0.01,3.79,0.92,-0.92,0.31,-0.56,0.08,-0.82
39.436,1,0.186,0.01,-0.01,0.98,172.65,-1.33,-0.84,-0,-0,0,3.85,0,0.46,0.31,0.03,-0.01,1
39.457,2,-0.495,0.15,-0.82,0.25,240.04,47.67,-125.02,0,0,-0.01,3.87,0.92,0,0.61,-0.73,-0.54,-0.38
39.459,3,-0.468,0.06,-0.87,-0.16,189.71,56.27,156.17,0.02,0,0.01,3.73,-0.61,0.15,0.31,-0.85,0.23,-0.49
39.529,4,-0.309,0.13,-0.94,-0.04,210.35,36.28,-179.46,0.01,0,0.01,3.72,0.15,0,-1.07,-0.59,-0.01,-0.81
39.531,6,0.746,-0.03,0.66,-0.08,320.18,78.65,-49.8,0,-0.01,0,3.74,-0.15,0,0,-0.98,-0.14,0.13
39.535,0,0.039,0.19,-0.03,-0.98,199.39,21.83,4.19,-0,0.01,0.01,3.85,0,-0.61,-0.92,-0.37,0.07,0.93
39.537,7,-0.702,-0.2,-0.67,-0.15,96.04,61.12,86.19,0,-0,0.02,0,0,0,0.15,-0.89,0.49,0.04
39.541,5,-0.293,0.04,-0.95,-0.07,196.61,34.32,172.02,0.01,0.01,-0.01,3.8,-0.15,0.61,1.07,-0.57,0.1,-0.81
39.542,1,0.186,0.01,-0.01,0.98,172.64,-1.32,-0.84,0,0,-0,3.85,0,0.15,0,0.02,-0.01,1
39.563,2,-0.495,0.14,-0.82,0.25,239.9,47.72,-125.1,0,-0.01,0,3.87,0.15,0.76,2.29,-0.74,-0.55,-0.39
39.565,3,-0.468,0.07,-0.87,-0.16,189.83,56.24,156.27,0.01,0,0.01,3.73,0.31,-0.15,1.22,-0.84,0.21,-0.51
39.626,4,-0.308,0.13,-0.94,-0.04,210.31,36.21,-179.45,-0,-0.01,-0.01,3.72,-0.46,0,1.07,-0.59,0.01,-0.8
39.628,6,0.746,-0.03,0.66,-0.08,319.88,78.72,-50.1,0,-0,0,3.74,0.31,0.15,-0.15,-0.98,-0.15,0.13
39.633,0,0.036,0.19,-0.03,-0.98,199.06,21.87,4.04,-0.01,0.01,0.01,3.85,-0.15,0.61,-1.68,-0.37,0.06,0.94
39.635,7,-0.702,-0.2,-0.67,-0.15,96.16,61.15,86.28,0,0,0.01,0,0,0,0,-0.89,0.49,0.04
39.638,2,-0.495,0.14,-0.82,0.25,239.56,47.84,-125.32,-0,0,-0.02,3.87,0.15,0,0.76,-0.73,-0.54,-0.38
39.64,1,0.187,0.01,-0.01,0.98,172.54,-1.31,-0.89,-0,-0,-0,3.85,0,-0.76,-0.15,0.02,-0.01,1
39.66,5,-0.292,0.04,-0.95,-0.07,196.56,34.22,172.06,0.02,-0.01,0.01,3.79,-0.15,0.15,-0.76,-0.59,0.12,-0.81
39.662,3,-0.467,0.06,-0.87,-0.16,189.78,56.2,156.18,0,0,0.01,3.73,-0.15,-0.31,-0.76,-0.83,0.22,-0.51
39.732,4,-0.308,0.13,-0.94,-0.04,210.14,36.22,-179.54,-0.01,-0.01,0.01,3.72,1.37,0.31,-2.44,-0.59,-0.01,-0.82
39.734,6,0.746,-0.03,0.66,-0.08,319.75,78.69,-50.2,-0,0,0,3.74,0,0,0.31,-0.98,-0.15,0.12
39.738,0,0.037,0.19,-0.03,-0.98,199.12,21.93,4.04,0,-0.01,0.01,3.85,0.15,0.76,-0.31,-0.38,0.06,0.93
39.739,7,-0.702,-0.2,-0.67,-0.15,96.26,61.17,86.39,0,-0,0.02,0,0,-0.15,0,-0.89,0.49,0.04
39.743,2,-0.494,0.14,-0.82,0.25,239.74,47.77,-125.36,0.02,-0,0.01,3.87,-1.98,0,-0.92,-0.76,-0.55,-0.38
39.744,1,0.188,0.01,-0.01,0.98,172.43,-1.42,-0.89,-0,-0,0,3.85,0.15,-0.15,0,0.03,-0.02,1
39.765,5,-0.293,0.04,-0.95,-0.07,196.77,34.35,172.15,0.02,-0,0,3.79,-0.31,-0.15,-1.22,-0.58,0.11,-0.81
39.767,3,-0.467,0.07,-0.87,-0.16,190.11,56.18,156.4,0.03,0,0.02,3.73,-0.92,0.15,-2.14,-0.87,0.22,-0.5
39.818,4,-0.309,0.13,-0.94,-0.04,210.51,36.26,-179.13,0.02,0.01,0.01,3.72,1.07,-1.07,1.22,-0.61,-0.02,-0.8
39.82,6,0.747,-0.03,0.66,-0.08,320.4,78.69,-49.49,0,-0,0.01,3.74,-0.46,-0.31,0.61,-0.99,-0.15,0.13
39.823,0,0.037,0.19,-0.03,-0.98,199.22,22.04,4.11,0.01,0,0.01,3.85,0,0.15,0.31,-0.38,0.07,0.93
39.825,7,-0.702,-0.2,-0.67,-0.15,96.14,61.17,86.26,0.01,-0,0.02,0,-0.15,0,-0.15,-0.89,0.49,0.04
39.828,2,-0.495,0.14,-0.82,0.25,239.78,47.85,-125.33,0.02,0.01,0.01,3.87,0.46,0,-0.31,-0.75,-0.57,-0.38
39.83,1,0.187,0.01,-0.01,0.98,172.53,-1.38,-0.87,0,0,0,3.85,0.15,0.31,0.31,0.02,-0.01,1
39.86,5,-0.293,0.04,-0.95,-0.07,196.74,34.36,172.11,0.02,-0,-0,3.8,0.61,0,0,-0.59,0.11,-0.8
39.862,3,-0.466,0.07,-0.87,-0.16,190.46,56.16,156.64,-0,-0.02,0,3.73,1.37,0.76,-0.76,-0.82,0.23,-0.52
39.934,4,-0.31,0.13,-0.94,-0.04,210.58,36.36,-179.18,0.01,0,0.01,3.72,-1.07,0.15,0,-0.59,0,-0.8
39.937,6,0.747,-0.03,0.66,-0.08,320.79,78.64,-49.12,0,0,0,3.74,0.15,0.31,0,-0.99,-0.15,0.13
39.943,0,0.038,0.19,-0.03,-0.98,199.3,22.02,4.14,-0.01,-0,0.01,3.85,-0.15,-0.61,0.15,-0.37,0.06,0.93
39.945,7,-0.702,-0.2,-0.67,-0.15,96.07,61.15,86.23,0.01,0,0.02,0,0.15,0.15,0,-0.89,0.49,0.04
39.952,2,-0.494,0.14,-0.82,0.25,239.66,47.77,-125.38,0.01,-0,-0,3.87,0.15,0,-0.15,-0.74,-0.55,-0.38
39.953,1,0.187,0.01,-0.01,0.98,172.48,-1.35,-0.87,-0,0,-0,3.85,-0.31,-0.15,0,0.02,-0.01,1
39.975,5,-0.293,0.04,-0.95,-0.07,196.63,34.35,172.08,0.01,0.01,-0.01,3.8,0.31,0,-0.46,-0.57,0.1,-0.81
39.977,3,-0.466,0.07,-0.87,-0.16,190.21,56.07,156.56,0.03,0.01,0.01,3.73,1.07,-0.61,2.14,-0.86,0.22,-0.5
40.017,4,-0.309,0.14,-0.94,-0.04,210.64,36.32,-179.23,-0.01,0,0,3.72,-0.31,0.31,-0.15,-0.59,-0.01,-0.81
40.019,6,0.747,-0.03,0.66,-0.08,320.6,78.63,-49.27,-0.01,0,0.01,3.74,0.31,0,0.15,-0.98,-0.15,0.12
40.022,0,0.038,0.19,-0.03,-0.98,199.24,21.99,4.1,-0.02,0,0.01,3.85,0.31,-0.15,1.53,-0.37,0.07,0.94
40.023,7,-0.702,-0.2,-0.67,-0.15,96.04,61.08,86.23,0,-0,0.02,0,0,0.15,0.31,-0.89,0.5,0.03
40.027,2,-0.494,0.15,-0.82,0.25,239.85,47.68,-125.29,-0.01,-0,-0,3.87,-0.46,-0.76,0.46,-0.74,-0.54,-0.4
40.028,1,0.188,0.01,-0.01,0.98,172.43,-1.55,-0.89,0,-0,0,3.85,-0.15,-1.07,0,0.02,-0.02,1
40.079,5,-0.294,0.04,-0.95,-0.07,196.8,34.47,172.22,0.01,0.02,-0,3.8,0.46,-0.92,-0.61,-0.57,0.09,-0.81
40.081,3,-0.467,0.06,-0.87,-0.16,189.78,56.09,156.3,-0,0.01,0,3.73,-1.53,-0.61,-0.46,-0.83,0.23,-0.51
40.143,4,-0.31,0.13,-0.94,-0.04,210.59,36.34,-179.11,0,-0.01,0.01,3.72,1.22,0.15,-0.31,-0.6,-0,-0.81
40.145,6,0.746,-0.03,0.66,-0.08,320.28,78.69,-49.58,-0,0,0.01,3.74,-0.15,-0.15,0,-0.99,-0.15,0.13
40.149,0,0.037,0.19,-0.03,-0.98,199.17,21.94,4.05,0.01,0,0.01,3.85,-0.31,0.61,1.53,-0.38,0.07,0.92
40.151,7,-0.702,-0.2,-0.67,-0.15,96.03,61.05,86.2,-0,-0,0.02,0,0,0,-0.15,-0.89,0.49,0.03
40.155,2,-0.495,0.15,-0.82,0.25,239.99,47.66,-125.18,0.03,0.01,0.01,3.87,-0.15,0.15,-0.31,-0.76,-0.56,-0.36
40.157,1,0.187,0.01,-0.01,0.98,172.53,-1.62,-0.89,-0,0,0,3.85,0.15,-0.15,0,0.02,-0.01,1
40.165,5,-0.294,0.04,-0.95,-0.07,196.81,34.51,172.19,0.01,0.01,-0,3.8,-1.68,-0.15,1.98,-0.57,0.1,-0.81
40.167,3,-0.467,0.06,-0.87,-0.16,189.52,56.06,156.05,-0,-0.02,0.01,3.73,1.07,-0.61,2.14,-0.84,0.24,-0.52
40.232,4,-0.31,0.13,-0.94,-0.04,210.42,36.43,-179.13,0.02,0,0.01,3.72,1.68,-1.07,-0.46,-0.61,-0.01,-0.8
40.234,6,0.747,-0.03,0.66,-0.08,320.31,78.65,-49.61,0,0,0,3.74,0.15,0,0,-0.99,-0.15,0.13
40.237,0,0.038,0.19,-0.03,-0.98,199.3,21.95,4.12,0.01,-0,0.01,3.85,0,-0.46,-0.76,-0.39,0.07,0.93
40.239,7,-0.703,-0.2,-0.67,-0.15,95.97,61.08,86.13,0,0,0.02,0,0.31,-0.15,0,-0.89,0.49,0.03
40.242,2,-0.495,0.15,-0.82,0.25,240.18,47.71,-125.09,0.01,-0.01,-0,3.87,1.37,-0.61,0.92,-0.75,-0.53,-0.37
40.244,1,0.187,0.01,-0.01,0.98,172.54,-1.63,-0.84,0,-0,0.01,3.85,0,1.22,-0.15,0.03,-0.02,1
40.266,5,-0.296,0.04,-0.95,-0.07,196.68,34.67,171.99,0.03,0.01,0.01,3.8,-0.76,-0.31,2.44,-0.6,0.1,-0.8
40.267,3,-0.467,0.06,-0.87,-0.17,189.52,56.07,155.95,0,-0.03,0.01,3.73,0.15,0.46,-1.83,-0.84,0.23,-0.5
40.324,4,-0.312,0.14,-0.94,-0.04,210.79,36.64,-178.87,0.01,-0.01,0.01,3.72,-1.53,-0.61,-0.15,-0.6,-0.02,-0.8
40.326,6,0.746,-0.03,0.66,-0.08,320.07,78.73,-49.82,-0,0,0.01,3.74,-0.31,-0.15,0.31,-0.99,-0.15,0.13
40.329,0,0.037,0.19,-0.03,-0.98,199.16,21.87,4.03,-0.01,-0.01,0,3.85,-0.46,-1.53,0,-0.36,0.05,0.93
40.331,7,-0.703,-0.2,-0.67,-0.15,95.83,61.07,86.04,0,-0.01,0.01,0,0,0.76,0.15,-0.89,0.5,0.04
40.335,2,-0.496,0.14,-0.82,0.25,240.03,47.86,-125.08,-0.02,-0,-0.01,3.87,0,-0.15,0.92,-0.72,-0.54,-0.4
40.337,1,0.187,0.01,-0.01,0.98,172.49,-1.59,-0.84,0,-0,0,3.85,0.15,0.46,0,0.02,-0.02,1
40.366,5,-0.295,0.04,-0.95,-0.07,196.45,34.64,171.91,-0,0,-0,3.8,1.07,-0.31,-0.46,-0.57,0.12,-0.81
40.368,3,-0.467,0.06,-0.87,-0.17,189.44,56.09,155.81,0.03,0.02,0,3.73,-0.61,0,-0.76,-0.85,0.2,-0.49
40.439,4,-0.312,0.13,-0.94,-0.04,210.7,36.64,-178.97,-0.02,-0.01,-0.01,3.72,0,0.15,-0.15,-0.58,0.01,-0.81
40.44,6,0.746,-0.03,0.66,-0.08,320.28,78.74,-49.65,0,-0.01,0.01,3.74,-0.15,0.15,-0.31,-0.99,-0.14,0.13
40.446,0,0.038,0.19,-0.03,-0.98,199.24,21.77,4.02,-0.02,0,0.01,3.85,-0.15,0.15,-0.15,-0.36,0.06,0.94
40.448,7,-0.704,-0.2,-0.66,-0.15,95.63,61.08,85.84,0,0,0.02,0,0,0.31,0.46,-0.9,0.5,0.04
40.452,2,-0.496,0.15,-0.82,0.25,240.11,47.76,-125.09,0,0.01,0,3.87,0.31,0.76,0.15,-0.75,-0.56,-0.38
40.454,1,0.187,0.01,-0.01,0.98,172.56,-1.52,-0.82,0,0,-0,3.85,0.15,-0.15,0,0.02,-0.01,1
40.472,5,-0.295,0.04,-0.95,-0.07,196.22,34.59,171.79,0.02,0.02,0,3.8,0.92,1.53,2.14,-0.58,0.1,-0.8
40.474,3,-0.468,0.06,-0.87,-0.17,189.54,56.21,155.88,-0,0.01,0,3.73,0.31,-1.22,2.44,-0.84,0.23,-0.51
40.544,4,-0.311,0.14,-0.94,-0.04,210.82,36.54,-178.97,-0.01,0.01,0.01,3.72,1.07,0.15,0,-0.6,-0.03,-0.81
40.546,6,0.746,-0.03,0.66,-0.08,319.98,78.77,-49.93,0,0,0,3.74,0.31,0,-0.46,-0.98,-0.15,0.13
40.55,0,0.038,0.19,-0.03,-0.98,199.29,21.82,4.03,-0,0,0,3.85,0.15,0.61,0.46,-0.37,0.07,0.93
40.552,7,-0.703,-0.2,-0.67,-0.15,95.92,61.2,85.97,-0,0,0.02,0,0,0,0.31,-0.89,0.49,0.03
40.556,2,-0.494,0.15,-0.82,0.25,240,47.6,-125.32,0.01,-0.01,0,3.87,-1.53,0.31,1.37,-0.75,-0.54,-0.38
40.558,1,0.186,0.01,-0.01,0.98,172.62,-1.55,-0.77,0,0,0.01,3.85,0,-0.15,-0.31,0.03,-0.01,1.01
40.567,5,-0.294,0.04,-0.95,-0.07,196.27,34.46,171.94,0.01,0,-0,3.79,-0.15,0.92,-0.46,-0.57,0.11,-0.8
40.569,3,-0.469,0.06,-0.87,-0.17,189.36,56.31,155.78,-0,0,0,3.73,-0.46,-0.61,1.83,-0.84,0.23,-0.5
40.628,4,-0.311,0.14,-0.94,-0.04,210.83,36.5,-178.86,0.01,-0.01,-0,3.72,-0.61,1.07,-0.46,-0.6,-0,-0.79
40.63,6,0.746,-0.03,0.66,-0.08,320.02,78.72,-49.88,-0,0,0,3.74,0,-0.15,0.31,-0.98,-0.15,0.12
40.634,0,0.039,0.19,-0.03,-0.98,199.34,21.89,4.06,0.02,0.01,0.01,3.85,0,0.76,0,-0.39,0.07,0.93
40.636,7,-0.703,-0.2,-0.67,-0.15,95.96,61.24,85.95,0,0,0.02,0,0.31,-0.31,0,-0.89,0.48,0.04
40.639,2,-0.494,0.15,-0.82,0.25,239.97,47.66,-125.37,0.01,-0,0,3.87,0.46,-0.61,1.22,-0.74,-0.54,-0.38
40.641,1,0.187,0.01,-0.01,0.98,172.49,-1.57,-0.82,-0,-0,0,3.85,0,-0.15,0,0.02,-0.02,1
40.67,5,-0.294,0.04,-0.95,-0.07,196.33,34.43,171.96,0.02,-0,0,3.79,0.15,-0.15,-1.53,-0.59,0.12,-0.81
40.672,3,-0.468,0.06,-0.87,-0.17,189.31,56.28,155.7,0,-0.01,0.01,3.73,-0.15,-0.31,0.61,-0.84,0.24,-0.51
40.744,4,-0.311,0.14,-0.94,-0.04,210.8,36.5,-178.97,-0.02,-0.02,-0,3.72,-0.76,0.61,-0.46,-0.59,-0,-0.81
40.746,6,0.746,-0.03,0.66,-0.08,320.01,78.72,-49.95,0,-0,0,3.74,-0.15,0,0,-0.99,-0.15,0.13
40.751,0,0.04,0.19,-0.03,-0.98,199.52,21.95,4.16,0.01,0.01,0.02,3.85,-0.15,0.31,-0.15,-0.38,0.08,0.93
40.753,7,-0.703,-0.2,-0.67,-0.15,96.04,61.24,86.08,0,0,0.02,0,-0.15,0,0.15,-0.89,0.49,0.04
40.756,2,-0.495,0.15,-0.82,0.25,240,47.78,-125.23,0.01,0,-0,3.87,0,-1.53,-1.68,-0.75,-0.55,-0.38
40.758,1,0.187,0.01,-0.01,0.98,172.5,-1.47,-0.86,-0,0,-0,3.85,0,0.15,0.15,0.02,-0.01,1
40.769,5,-0.294,0.04,-0.95,-0.07,196.42,34.45,172.04,0.01,0,0.01,3.8,0,-0.31,0,-0.58,0.11,-0.82
40.771,3,-0.468,0.06,-0.87,-0.17,189.06,56.22,155.43,0,-0.01,0.01,3.73,-0.15,0.61,0.76,-0.84,0.24,-0.51
40.826,4,-0.311,0.14,-0.94,-0.04,210.97,36.45,-178.91,-0.01,-0.01,0,3.72,0.15,0,-1.22,-0.59,-0.01,-0.82
40.828,6,0.746,-0.03,0.66,-0.08,320.29,78.75,-49.58,-0,0,0.01,3.74,0,0,0.31,-0.98,-0.15,0.13
40.831,0,0.04,0.19,-0.03,-0.98,199.51,21.89,4.17,-0,-0,0,3.85,0.31,-0.46,-0.92,-0.37,0.06,0.93
40.833,7,-0.703,-0.2,-0.67,-0.15,96.05,61.2,86.07,0,-0,0.02,0,0,0,0,-0.89,0.49,0.03
40.837,2,-0.495,0.15,-0.82,0.25,240.02,47.79,-125.23,-0.01,-0,-0,3.87,0.31,0.15,-0.15,-0.74,-0.55,-0.39
40.838,1,0.187,0.01,-0.01,0.98,172.53,-1.5,-0.83,0,0,0,3.85,-0.15,0,0.15,0.02,-0.02,1
40.887,5,-0.293,0.04,-0.95,-0.07,196.38,34.33,172.03,0.02,-0.01,0.01,3.79,-0.31,-0.15,-0.46,-0.59,0.12,-0.81
40.889,3,-0.469,0.06,-0.87,-0.17,188.99,56.28,155.41,0,0.01,0.01,3.73,0.15,-0.46,1.98,-0.84,0.22,-0.51
40.942,4,-0.311,0.14,-0.94,-0.04,210.85,36.5,-179.04,-0.01,0,-0.01,3.72,-0.76,0,0.76,-0.58,-0.01,-0.81
40.945,6,0.746,-0.03,0.66,-0.08,320.36,78.77,-49.5,0,-0.01,0,3.74,0,0.15,-0.15,-0.98,-0.14,0.13
40.95,0,0.04,0.19,-0.03,-0.98,199.57,21.87,4.22,-0,-0.01,0.01,3.85,0,-0.15,0,-0.37,0.06,0.93
40.952,7,-0.703,-0.2,-0.67,-0.15,96.1,61.23,86.05,0,0,0.02,0,0.31,0,-0.15,-0.89,0.48,0.03
40.956,2,-0.495,0.15,-0.82,0.25,239.98,47.77,-125.22,0.01,-0,0.01,3.87,2.14,0,0,-0.75,-0.55,-0.39
40.958,1,0.187,0.01,-0.01,0.98,172.54,-1.47,-0.85,0,0,0,3.85,0,0,-0.15,0.02,-0.02,1
40.976,5,-0.293,0.04,-0.95,-0.07,196.36,34.38,171.99,0.01,-0,0,3.79,-0.46,0.15,0,-0.57,0.11,-0.81
40.978,3,-0.469,0.06,-0.87,-0.17,189.01,56.29,155.44,0.01,-0.01,0.02,3.73,0.61,-0.15,1.22,-0.85,0.25,-0.5
41.033,4,-0.31,0.14,-0.94,-0.04,210.85,36.46,-179.2,-0.02,-0.01,0,3.72,-2.44,0.61,3.2,-0.58,-0.01,-0.81
41.035,6,0.746,-0.03,0.66,-0.08,320.33,78.74,-49.53,-0,0,0.01,3.74,0.31,0,0,-0.99,-0.15,0.12
41.039,0,0.041,0.19,-0.03,-0.98,199.64,21.94,4.23,-0.01,-0.01,0,3.85,0,0.61,1.37,-0.37,0.06,0.93
41.04,7,-0.703,-0.2,-0.67,-0.15,96,61.18,86.01,0,-0,0.02,0,-0.15,0,0,-0.89,0.49,0.03
41.044,2,-0.495,0.14,-0.82,0.25,239.82,47.76,-125.18,0.02,0.02,0.01,3.87,-2.29,1.83,-5.04,-0.75,-0.57,-0.37
41.045,1,0.187,0.01,-0.01,0.98,172.49,-1.55,-0.85,0,-0,0,3.85,0,-0.15,0,0.03,-0.02,1
41.094,5,-0.293,0.04,-0.95,-0.07,196.44,34.37,171.99,0.01,0,-0,3.79,-0.15,0,-1.37,-0.57,0.11,-0.81
41.096,3,-0.469,0.06,-0.87,-0.17,188.83,56.25,155.34,0,0,0.01,3.73,0,0.15,-1.37,-0.84,0.24,-0.5
41.148,4,-0.31,0.14,-0.94,-0.04,211.24,36.4,-178.98,0.01,0,0,3.72,2.59,0.61,-13.12,-0.6,-0.02,-0.8
41.15,6,0.746,-0.03,0.66,-0.08,320.34,78.72,-49.49,-0,0,0,3.74,-0.31,0,0.15,-0.99,-0.15,0.13
41.154,0,0.041,0.19,-0.03,-0.98,199.64,21.94,4.24,0.01,0.01,0.01,3.85,-0.15,0.15,-0.76,-0.38,0.08,0.93
41.156,7,-0.703,-0.2,-0.67,-0.15,96.1,61.23,85.99,-0,-0,0.02,0,0,0,0,-0.89,0.49,0.03
41.159,5,-0.293,0.04,-0.95,-0.07,196.42,34.33,171.96,0.01,0.01,-0,3.79,0.15,0.46,-0.92,-0.57,0.1,-0.81
41.161,1,0.186,0.01,-0.01,0.98,172.58,-1.53,-0.82,0,0,0,3.85,0,-0.15,0,0.02,-0.01,1
41.183,2,-0.494,0.15,-0.82,0.25,239.82,47.59,-125.31,0.02,-0.01,0,3.87,0.31,1.22,1.07,-0.75,-0.54,-0.38
41.185,3,-0.469,0.06,-0.87,-0.17,188.75,56.28,155.26,-0,-0,0.01,3.73,0,-0.31,-0.15,-0.84,0.23,-0.52
41.232,4,-0.311,0.14,-0.94,-0.04,211.83,36.42,-178.49,-0.01,-0.01,0,3.72,-0.15,-0.15,-0.15,-0.59,-0.01,-0.81
41.234,6,0.746,-0.03,0.66,-0.08,320.31,78.72,-49.54,-0,-0,0,3.74,0,0.15,0,-0.99,-0.15,0.13
41.238,0,0.039,0.19,-0.03,-0.98,199.36,21.94,4.1,0,-0,0.01,3.85,-0.15,0.31,-1.53,-0.38,0.06,0.94
41.239,7,-0.703,-0.2,-0.67,-0.15,95.96,61.17,85.94,-0,0,0.02,0,0,0,0.15,-0.89,0.49,0.03
41.243,5,-0.292,0.04,-0.95,-0.07,196.4,34.26,172.04,0.02,-0.01,0,3.79,-0.15,0.31,0.76,-0.58,0.12,-0.81
41.244,1,0.186,0.01,-0.01,0.98,172.59,-1.4,-0.86,0,0,0,3.85,0,0,0,0.03,-0.02,1
41.294,2,-0.493,0.14,-0.82,0.25,239.6,47.67,-125.42,-0,-0,-0,3.87,0,-1.22,0.61,-0.74,-0.55,-0.39
41.296,3,-0.468,0.06,-0.87,-0.17,189.03,56.21,155.48,0,0.01,0,3.73,0.15,-0.92,0,-0.84,0.21,-0.5
41.332,4,-0.31,0.14,-0.94,-0.04,211.91,36.32,-178.46,-0.01,-0.01,0,3.72,-0.31,0.15,-1.53,-0.58,-0.01,-0.81
41.334,6,0.746,-0.03,0.66,-0.08,319.96,78.72,-50,0,0,0.01,3.74,0,0,0,-0.99,-0.15,0.13
41.339,0,0.037,0.19,-0.03,-0.98,199.11,22,3.93,-0,-0.01,0.01,3.85,0,0.15,0.46,-0.37,0.06,0.93
41.341,7,-0.703,-0.2,-0.67,-0.15,96.04,61.12,86.06,-0,-0,0.02,0,0.15,0,0,-0.89,0.49,0.03
41.344,2,-0.494,0.14,-0.82,0.25,239.64,47.68,-125.4,0,-0,-0.01,3.87,0.31,-0.46,-0.92,-0.74,-0.55,-0.39
41.346,1,0.185,0.01,-0.01,0.98,172.71,-1.38,-0.83,-0,-0,0.01,3.85,0,0.31,0,0.03,-0.01,1
41.385,5,-0.292,0.04,-0.95,-0.07,196.27,34.24,172.01,0.02,0,0,3.79,0,0,0,-0.58,0.11,-0.81
41.388,3,-0.468,0.06,-0.87,-0.17,189.02,56.16,155.49,0.01,-0,0.01,3.73,-0.61,0,-0.76,-0.85,0.23,-0.5
41.437,4,-0.309,0.14,-0.94,-0.04,212.03,36.24,-178.46,-0.01,-0.01,0,3.72,-0.92,1.22,-0.61,-0.58,-0.01,-0.81
41.439,6,0.746,-0.03,0.66,-0.08,320.34,78.7,-49.61,0,-0,0,3.74,-0.15,-0.15,0,-0.99,-0.15,0.13
41.443,0,0.037,0.19,-0.03,-0.98,199.18,22.07,3.96,-0,0,0.01,3.85,0,0.15,0.15,-0.38,0.07,0.93
41.444,7,-0.703,-0.2,-0.67,-0.15,96.04,61.12,86.09,0,0,0.02,0,0,0,-0.31,-0.89,0.49,0.03
41.448,2,-0.493,0.14,-0.82,0.25,239.71,47.53,-125.34,0.01,0.01,0,3.87,-0.15,0.15,-0.61,-0.74,-0.55,-0.38
41.45,1,0.185,0.01,-0.01,0.98,172.79,-1.26,-0.83,0,-0,-0,3.85,0.15,-0.15,0,0.02,-0.02,1
41.479,5,-0.292,0.04,-0.95,-0.07,196.14,34.23,171.91,0.01,0.01,-0,3.79,0,0.31,0.46,-0.57,0.11,-0.82
41.481,3,-0.467,0.06,-0.87,-0.17,189.39,56.09,155.72,0.01,-0,0.01,3.73,-0.15,0.15,-1.98,-0.84,0.23,-0.5
41.534,4,-0.308,0.15,-0.94,-0.04,212.18,36.1,-178.4,0,-0.01,0,3.72,0,0.61,-1.37,-0.59,-0.01,-0.81
41.536,6,0.747,-0.03,0.66,-0.08,320.6,78.67,-49.37,0,0,0.01,3.74,0.15,0,-0.15,-0.99,-0.15,0.13
41.54,0,0.038,0.19,-0.03,-0.98,199.28,22.19,4.07,-0,0.01,0.01,3.85,0,0.61,-0.61,-0.38,0.08,0.93
41.542,7,-0.702,-0.2,-0.67,-0.15,96.11,61.14,86.14,0,-0,0.02,0,0,0,0,-0.89,0.49,0.03
41.546,2,-0.493,0.14,-0.82,0.25,239.66,47.56,-125.34,-0,-0.01,-0,3.87,0.61,-0.31,0.15,-0.74,-0.54,-0.39
41.547,1,0.185,0.01,-0.01,0.98,172.75,-1.31,-0.81,0,0,0,3.85,0.15,0,-0.15,0.02,-0.01,1
41.595,5,-0.292,0.04,-0.95,-0.07,196.07,34.24,171.86,0.03,0.01,0.01,3.8,-0.15,0.46,-0.15,-0.6,0.11,-0.81
41.597,3,-0.467,0.06,-0.87,-0.17,189.55,56.2,155.79,0,0.01,0,3.73,0,0,-1.22,-0.84,0.21,-0.51
41.649,4,-0.307,0.14,-0.94,-0.04,212.04,36.05,-178.53,-0.02,-0.01,-0,3.72,-0.46,0.31,1.53,-0.58,-0.01,-0.82
41.652,6,0.747,-0.03,0.66,-0.08,320.3,78.65,-49.7,-0,0,0,3.74,-0.15,0,0,-0.98,-0.15,0.12
41.656,0,0.037,0.19,-0.03,-0.98,199.21,22.25,4.05,0,-0,0.01,3.85,0,0.46,-1.22,-0.38,0.06,0.93
41.657,7,-0.702,-0.2,-0.67,-0.15,96.12,61.14,86.19,0,0,0.02,0,0.15,0,-0.15,-0.89,0.49,0.03
41.661,2,-0.494,0.14,-0.82,0.25,239.71,47.67,-125.28,0.01,-0,0,3.87,-0.31,-0.61,-0.31,-0.75,-0.55,-0.38
41.662,1,0.185,0.01,-0.01,0.98,172.69,-1.39,-0.8,0,-0,0,3.85,0,0,0.31,0.03,-0.02,1
41.683,5,-0.292,0.04,-0.95,-0.07,196.15,34.24,171.92,0.02,-0,0.01,3.8,-0.31,-0.15,0,-0.58,0.12,-0.81
41.685,3,-0.468,0.07,-0.87,-0.17,189.81,56.31,155.98,0,0.01,-0.01,3.73,-0.31,0,-0.15,-0.83,0.21,-0.51
41.742,4,-0.307,0.14,-0.94,-0.04,211.78,36.05,-178.72,-0.01,-0.01,0.01,3.72,0.46,-0.61,0.31,-0.59,-0.02,-0.82
41.744,6,0.746,-0.03,0.66,-0.08,320.11,78.63,-50,0,-0,0.01,3.74,0,0,0.15,-0.98,-0.15,0.13
41.747,0,0.037,0.19,-0.03,-0.98,199.2,22.29,4.04,-0,-0,0,3.85,-0.15,0,0,-0.38,0.06,0.93
41.749,7,-0.703,-0.2,-0.67,-0.15,95.98,61.14,86.05,0,0,0.02,0,0,0,0,-0.89,0.49,0.04
41.754,2,-0.494,0.14,-0.82,0.25,239.73,47.66,-125.29,0.01,0,0,3.87,0,-0.76,-0.92,-0.75,-0.55,-0.38
41.755,1,0.186,0.01,-0.01,0.98,172.62,-1.46,-0.81,0,0,-0,3.85,-0.15,0,0,0.03,-0.02,1
41.78,5,-0.292,0.04,-0.95,-0.07,196.25,34.26,171.98,0.01,0.01,0,3.8,0,0.15,0.31,-0.58,0.11,-0.81
41.782,3,-0.468,0.07,-0.87,-0.17,189.7,56.35,155.86,0,0.01,0,3.73,0.46,0.31,-0.76,-0.83,0.21,-0.5
41.855,4,-0.307,0.14,-0.94,-0.04,211.85,35.98,-178.73,0.01,0.01,0,3.72,-0.76,0.31,0,-0.59,-0.03,-0.8
41.857,6,0.746,-0.03,0.66,-0.08,320.03,78.68,-50.1,-0,-0.01,0,3.74,0,0,0,-0.98,-0.15,0.12
41.861,0,0.037,0.19,-0.03,-0.98,199.14,22.31,4.03,-0,0.01,0,3.85,0.15,0.15,0.46,-0.37,0.07,0.93
41.862,7,-0.702,-0.2,-0.67,-0.15,96.06,61.09,86.19,0,-0,0.02,0,-0.15,0.15,0,-0.89,0.5,0.03
41.866,5,-0.293,0.04,-0.95,-0.07,196.31,34.3,172.02,0.01,0,0,3.8,0.15,-0.46,-0.76,-0.57,0.11,-0.81
41.868,1,0.184,0.01,-0.01,0.98,172.81,-1.32,-0.82,0,-0,0.01,3.85,0,0,0,0.02,-0.02,1
41.889,2,-0.494,0.14,-0.82,0.25,239.72,47.73,-125.21,0.01,0.01,0.01,3.87,-0.46,1.68,-0.76,-0.74,-0.56,-0.38
41.891,3,-0.47,0.07,-0.86,-0.17,189.81,56.52,155.94,-0,0.01,0.01,3.73,-0.61,0,-0.31,-0.84,0.22,-0.51
41.945,4,-0.306,0.14,-0.94,-0.04,211.6,35.96,-178.96,0.01,-0,0.01,3.72,-0.15,-1.07,6.26,-0.61,-0,-0.8
41.947,6,0.746,-0.03,0.66,-0.08,320.19,78.69,-49.91,0,-0,0.01,3.74,0,0.15,0,-0.98,-0.15,0.13
41.951,0,0.038,0.19,-0.03,-0.98,199.25,22.29,4.11,-0,0.01,0.01,3.85,0,-0.15,0.31,-0.38,0.08,0.93
41.953,7,-0.702,-0.2,-0.67,-0.15,96.14,61.08,86.25,0,-0,0.02,0,0.15,-0.15,-0.15,-0.89,0.49,0.03
41.957,2,-0.494,0.14,-0.82,0.25,239.59,47.73,-125.28,0,-0,-0,3.87,0.92,-0.31,-0.46,-0.74,-0.55,-0.38
41.959,1,0.185,0.01,-0.01,0.98,172.72,-1.4,-0.81,0,-0,0,3.85,0.15,0,-0.15,0.02,-0.02,1
41.989,5,-0.294,0.04,-0.95,-0.07,196.36,34.4,172.13,0,0,-0.01,3.79,0,0.46,0.92,-0.56,0.11,-0.81
41.991,3,-0.469,0.07,-0.86,-0.17,189.98,56.48,156,0,-0.01,0.01,3.73,-0.15,0.92,0.61,-0.84,0.24,-0.5
42.049,4,-0.306,0.14,-0.94,-0.04,211.17,35.94,-179.31,-0,0.01,0,3.72,-0.31,0.15,0.92,-0.59,-0.02,-0.82
42.051,6,0.746,-0.03,0.66,-0.08,319.96,78.73,-50.07,0,0,0,3.74,0.15,0,-0.15,-0.99,-0.15,0.12
42.056,0,0.038,0.19,-0.03,-0.98,199.28,22.25,4.13,0,0,0.01,3.85,0.31,0.15,0.15,-0.38,0.07,0.93
42.057,7,-0.702,-0.2,-0.67,-0.15,96.09,61.05,86.33,0.01,0,0.02,0,0,0,-0.15,-0.89,0.49,0.03
42.061,2,-0.493,0.14,-0.82,0.25,239.61,47.62,-125.32,0.01,-0,0.01,3.87,-0.31,-0.46,-1.53,-0.75,-0.56,-0.38
42.063,1,0.185,0.01,-0.01,0.98,172.71,-1.38,-0.8,0,0,-0,3.85,0.31,0.15,0,0.02,-0.01,1
42.086,5,-0.294,0.04,-0.95,-0.07,196.4,34.41,172.16,0.01,0,-0,3.79,-0.15,0.31,0.31,-0.58,0.1,-0.81
42.087,3,-0.468,0.07,-0.87,-0.17,190.02,56.41,156.07,0,0.01,0.01,3.73,-0.76,0.46,-0.15,-0.84,0.22,-0.51
42.144,4,-0.305,0.14,-0.94,-0.04,211.3,35.86,-179.16,0,0,0,3.72,0,0.31,-0.76,-0.59,-0.03,-0.81
42.145,6,0.746,-0.03,0.66,-0.08,320.18,78.64,-49.88,-0,0,0,3.74,0,0,0,-0.99,-0.15,0.13
42.149,0,0.038,0.2,-0.03,-0.98,199.3,22.36,4.17,-0,-0,0.01,3.85,0,0.31,0.15,-0.38,0.07,0.93
42.151,7,-0.702,-0.2,-0.67,-0.15,96.07,61.09,86.29,0,0,0.02,0,0,0,0,-0.89,0.49,0.03
42.157,2,-0.494,0.14,-0.82,0.25,239.8,47.59,-125.22,0.01,0,0,3.87,-0.31,0,-0.92,-0.74,-0.55,-0.39
42.159,1,0.186,0.01,-0.01,0.98,172.66,-1.36,-0.78,0,-0,0,3.85,0.15,0.15,0,0.02,-0.01,1
42.186,5,-0.294,0.04,-0.95,-0.07,196.48,34.45,172.23,0.02,0,-0,3.8,0.15,0.15,-0.15,-0.58,0.11,-0.81
42.188,3,-0.468,0.07,-0.86,-0.17,190.3,56.44,156.22,0,0.01,0,3.73,0,-0.61,0.46,-0.84,0.21,-0.51
42.24,4,-0.306,0.14,-0.94,-0.04,211.56,35.91,-179.03,0,0,-0,3.72,0,0.61,-0.61,-0.58,-0,-0.82
42.242,6,0.747,-0.03,0.66,-0.08,320.44,78.66,-49.56,-0,-0,0.01,3.74,0,0,0.31,-0.99,-0.15,0.13
42.245,0,0.039,0.19,-0.03,-0.98,199.4,22.32,4.23,0,-0,0.01,3.85,0,0.31,-0.46,-0.38,0.07,0.93
42.246,7,-0.702,-0.2,-0.67,-0.15,96.08,61.14,86.22,0,0,0.02,0,-0.15,0,0,-0.89,0.49,0.04
42.251,2,-0.494,0.14,-0.82,0.25,239.88,47.68,-125.14,0.01,0.01,0.01,3.87,0,0.31,0.92,-0.75,-0.57,-0.38
42.253,1,0.186,0.01,-0.01,0.98,172.64,-1.25,-0.82,-0,0,0,3.85,0,0,0,0.02,-0.01,1
42.303,5,-0.293,0.04,-0.95,-0.07,196.47,34.36,172.21,0.01,-0.01,0,3.8,-0.61,0.31,0.15,-0.58,0.11,-0.81
42.305,3,-0.468,0.07,-0.86,-0.17,190.55,56.45,156.38,0,0,0.01,3.73,0,0,-0.92,-0.84,0.22,-0.51
42.357,4,-0.306,0.14,-0.94,-0.04,211.59,35.88,-179.05,0.01,0.01,0,3.72,-0.46,0,1.53,-0.59,-0.02,-0.81
42.358,6,0.746,-0.03,0.66,-0.08,320.24,78.7,-49.77,0,0,0,3.74,0,0,0,-0.98,-0.15,0.13
42.362,0,0.038,0.2,-0.03,-0.98,199.32,22.35,4.19,-0,-0,0,3.85,0,0.31,0.76,-0.38,0.06,0.93
42.364,7,-0.702,-0.2,-0.67,-0.15,96.14,61.16,86.25,0,-0,0.02,0,0.15,0,0.15,-0.89,0.49,0.03
42.368,2,-0.495,0.14,-0.82,0.25,239.97,47.79,-125.05,0.01,0,0,3.87,-0.46,-0.15,0.31,-0.74,-0.55,-0.37
42.37,1,0.186,0.01,-0.01,0.98,172.64,-1.21,-0.83,-0,-0,0,3.85,0,0.31,0,0.02,-0.01,1
42.391,5,-0.293,0.04,-0.95,-0.07,196.6,34.29,172.29,0.01,0,-0,3.8,0.46,0.31,-1.22,-0.57,0.11,-0.81
42.393,3,-0.468,0.07,-0.86,-0.17,190.75,56.48,156.52,-0,0,0.01,3.73,0,0.15,-0.61,-0.83,0.22,-0.51
42.447,4,-0.305,0.14,-0.94,-0.04,211.68,35.79,-179.05,0,-0,0.01,3.72,-0.61,0.46,-0.92,-0.59,-0.01,-0.81
42.448,6,0.746,-0.03,0.66,-0.08,320.24,78.65,-49.81,0,0,0.01,3.74,0,0.15,0.31,-0.99,-0.15,0.13
42.453,0,0.037,0.2,-0.03,-0.98,199.26,22.38,4.18,0,0.01,0.01,3.85,0.15,0.15,-0.15,-0.39,0.07,0.93
42.455,7,-0.702,-0.2,-0.67,-0.15,96.17,61.18,86.24,0,-0,0.02,0,0,0,0.15,-0.89,0.49,0.04
42.46,2,-0.495,0.14,-0.82,0.25,240.04,47.75,-125.01,0,0.01,0,3.87,0,0,0.15,-0.74,-0.56,-0.38
42.462,1,0.185,0.01,-0.01,0.98,172.71,-1.21,-0.77,0,-0,0,3.85,0,0,0.15,0.02,-0.01,1
42.489,5,-0.293,0.04,-0.95,-0.07,196.74,34.28,172.36,0.02,-0,0,3.8,0,0,-0.61,-0.57,0.11,-0.81
42.491,3,-0.468,0.07,-0.87,-0.17,190.56,56.39,156.38,0.01,-0.01,0.02,3.73,0.61,0,1.07,-0.85,0.23,-0.51
42.563,4,-0.305,0.14,-0.94,-0.04,211.88,35.83,-179,0.01,0.01,0.01,3.72,0,0.31,-0.31,-0.59,-0.02,-0.81
42.565,6,0.746,-0.03,0.66,-0.08,320.04,78.69,-50.04,-0,-0,0.01,3.74,0,0,0,-0.99,-0.15,0.12
42.573,0,0.037,0.2,-0.03,-0.98,199.26,22.45,4.22,0,0,0.01,3.85,0.15,0,-0.15,-0.39,0.07,0.93
42.574,7,-0.702,-0.2,-0.67,-0.15,96.3,61.23,86.26,0,-0,0.02,0,-0.15,0,0,-0.89,0.49,0.03
42.579,2,-0.495,0.14,-0.82,0.25,240.03,47.73,-125.01,0.01,-0,-0,3.87,0.92,-0.31,-0.15,-0.74,-0.56,-0.38
42.582,1,0.185,0.01,-0.01,0.98,172.76,-1.3,-0.71,0,-0,0,3.85,0.31,0,0,0.02,-0.01,1
42.588,5,-0.293,0.04,-0.95,-0.07,196.83,34.29,172.45,0.01,-0,-0,3.79,0.31,0,-0.15,-0.58,0.11,-0.81
42.59,3,-0.468,0.07,-0.87,-0.17,190.48,56.37,156.35,-0,0,0.01,3.73,0.46,0,-0.76,-0.84,0.22,-0.51
42.647,4,-0.304,0.14,-0.94,-0.04,211.85,35.69,-179.06,-0.02,-0,0,3.72,-0.15,0.15,-0.61,-0.57,-0.01,-0.82
42.649,7,-0.702,-0.2,-0.67,-0.15,96.41,61.27,86.33,0,-0,0.02,0,0.31,-0.15,0,-0.9,0.49,0.04
42.653,0,0.038,0.2,-0.03,-0.98,199.34,22.43,4.27,0,-0,0.01,3.85,0,0.15,-0.76,-0.38,0.07,0.93
42.654,6,0.746,-0.03,0.66,-0.08,320.04,78.72,-49.98,0,0,0,3.74,0,0,0,-0.99,-0.15,0.13
42.658,2,-0.495,0.14,-0.82,0.25,239.98,47.68,-125.04,0,-0.01,0.01,3.87,-0.46,-0.31,0.76,-0.76,-0.55,-0.39
42.66,1,0.183,0.01,-0.01,0.98,172.99,-1.23,-0.62,0,-0,0,3.85,0.15,0.15,-0.15,0.02,-0.01,1
42.689,5,-0.292,0.04,-0.95,-0.07,196.72,34.22,172.42,0.01,0.01,0,3.79,0.31,0.31,0.31,-0.57,0.1,-0.81
42.691,3,-0.468,0.07,-0.87,-0.17,190.34,56.42,156.26,0,0,0.01,3.73,-0.46,0.61,-2.9,-0.84,0.23,-0.51
42.763,4,-0.304,0.14,-0.94,-0.04,211.88,35.69,-179,-0,-0,0.01,3.72,0.31,-0.46,0.31,-0.58,-0.01,-0.82
42.765,7,-0.702,-0.2,-0.67,-0.15,96.42,61.3,86.36,0,0,0.02,0,-0.15,0,0.31,-0.9,0.49,0.03
42.769,0,0.037,0.2,-0.03,-0.98,199.27,22.61,4.23,-0,0,0,3.85,-0.31,0.46,-0.46,-0.39,0.07,0.92
42.771,6,0.745,-0.03,0.66,-0.08,319.32,78.76,-50.74,0,0,0,3.74,0,0.15,0,-0.99,-0.15,0.12
42.775,2,-0.495,0.14,-0.82,0.25,239.94,47.72,-125.13,0,0,0.01,3.87,0,0,1.22,-0.75,-0.56,-0.39
42.776,1,0.182,0.01,-0.01,0.98,173.06,-1.23,-0.58,-0,-0,0.01,3.85,-0.15,0.31,0,0.02,-0.01,1.01
42.798,5,-0.292,0.04,-0.95,-0.07,196.67,34.2,172.36,0.01,0,0,3.8,-0.15,0.31,0.61,-0.57,0.11,-0.82
42.8,3,-0.469,0.07,-0.86,-0.17,190.68,56.52,156.5,-0,0.01,0.02,3.73,-0.15,-0.31,-1.98,-0.84,0.22,-0.52
42.857,4,-0.304,0.14,-0.94,-0.04,211.82,35.72,-179.08,-0.01,0,-0,3.72,0,-0.15,0,-0.58,-0.02,-0.81
42.859,6,0.745,-0.03,0.66,-0.08,319.34,78.77,-50.74,0,-0,0,3.74,-0.31,0,0.15,-0.98,-0.15,0.13
42.862,0,0.037,0.2,-0.03,-0.98,199.26,22.66,4.19,0,0,0.01,3.85,-0.15,0,0,-0.39,0.07,0.93
42.864,7,-0.702,-0.2,-0.67,-0.15,96.35,61.26,86.24,0,-0,0.02,0,0,0,0.31,-0.89,0.49,0.03
42.867,2,-0.494,0.15,-0.82,0.25,239.9,47.67,-125.2,0,0,-0,3.87,-0.15,-0.31,-0.61,-0.74,-0.55,-0.38
42.869,1,0.182,0.01,-0.01,0.98,173.11,-1.17,-0.62,0.01,-0,0.01,3.85,0,0.31,0.31,0.02,-0.02,1.01
42.893,5,-0.292,0.04,-0.95,-0.07,196.7,34.25,172.36,0.02,0,0,3.8,-0.15,0.31,0.76,-0.58,0.1,-0.81
42.895,3,-0.469,0.07,-0.86,-0.16,190.94,56.59,156.76,0.01,0.01,0.02,3.73,0,0,0,-0.85,0.21,-0.51
42.95,4,-0.302,0.15,-0.94,-0.04,211.91,35.49,-179.03,0.02,0,0,3.72,0,0.92,-1.53,-0.59,-0.02,-0.8
42.952,6,0.746,-0.03,0.66,-0.08,319.85,78.73,-50.26,0,-0.01,0.01,3.74,0,0,-0.15,-0.99,-0.15,0.13
42.957,0,0.037,0.2,-0.03,-0.98,199.2,22.68,4.15,-0,0.01,0.01,3.85,0,0.46,-0.15,-0.39,0.07,0.93
42.958,7,-0.702,-0.2,-0.67,-0.15,96.34,61.24,86.17,0,-0,0.02,0,0,0,-0.15,-0.89,0.49,0.03
42.962,2,-0.494,0.15,-0.82,0.25,239.97,47.64,-125.19,0.02,0,-0,3.87,0,0,0.46,-0.74,-0.55,-0.38
42.963,1,0.182,0.01,-0.01,0.98,173.08,-1.11,-0.66,0,-0,0,3.85,0,0,0,0.02,-0.01,1
42.993,5,-0.292,0.04,-0.95,-0.07,196.89,34.24,172.49,0.02,-0,0,3.8,0.31,0,-1.22,-0.58,0.11,-0.81
42.994,3,-0.469,0.07,-0.86,-0.16,191.06,56.57,156.89,0,-0.01,0,3.73,0.61,0.61,1.53,-0.84,0.22,-0.51
43.066,4,-0.302,0.15,-0.94,-0.04,212.01,35.48,-178.97,-0,0,0,3.72,-0.15,0.31,-0.15,-0.58,-0.02,-0.82
43.068,6,0.746,-0.03,0.66,-0.08,319.99,78.7,-50.09,0,-0,0.01,3.74,0.46,0.15,-0.31,-0.98,-0.15,0.13
43.073,0,0.037,0.2,-0.03,-0.98,199.23,22.82,4.21,-0,0.01,0.01,3.85,0,0.46,-0.15,-0.39,0.08,0.93
43.074,7,-0.703,-0.2,-0.67,-0.15,96.2,61.2,86.03,0,-0,0.02,0,0.15,-0.15,0.15,-0.89,0.49,0.04
43.078,2,-0.494,0.14,-0.82,0.25,239.83,47.67,-125.23,0.01,-0.02,-0.01,3.87,1.22,0.92,1.83,-0.75,-0.54,-0.38
43.08,1,0.182,0.01,-0.01,0.98,173.08,-1.09,-0.66,0,-0,0,3.85,0,0,-0.15,0.02,-0.01,1
43.1,5,-0.293,0.04,-0.95,-0.07,196.97,34.32,172.55,0,-0.01,-0.01,3.8,0,-0.76,-2.29,-0.58,0.1,-0.82
43.103,3,-0.468,0.07,-0.87,-0.16,191.01,56.46,156.84,0,-0.01,0.01,3.73,0,0.46,-0.15,-0.84,0.24,-0.52
43.159,4,-0.302,0.14,-0.94,-0.04,211.7,35.51,-179.18,0.01,0,0.01,3.72,-0.46,0,2.14,-0.6,-0.02,-0.81
43.161,6,0.746,-0.03,0.66,-0.08,319.55,78.69,-50.51,-0,0,0,3.74,0,0.15,-0.31,-0.98,-0.15,0.12
43.164,0,0.037,0.2,-0.03,-0.98,199.21,22.92,4.21,-0.01,0,0.01,3.85,0,0,0.92,-0.38,0.07,0.92
43.166,7,-0.702,-0.2,-0.67,-0.15,96.25,61.14,86.16,0,0,0.02,0,0.15,0,0.15,-0.9,0.49,0.03
43.17,2,-0.493,0.14,-0.82,0.25,239.56,47.65,-125.4,0,-0,0,3.87,-1.07,0.15,-1.22,-0.75,-0.55,-0.39
43.172,1,0.181,0.01,-0.01,0.98,173.19,-1.1,-0.62,0,-0,0,3.85,0,0.31,0,0.02,-0.01,1
43.213,5,-0.294,0.04,-0.95,-0.07,197.06,34.45,172.55,0.02,-0,-0,3.8,0.46,-0.61,-1.83,-0.58,0.1,-0.8
43.215,3,-0.468,0.07,-0.87,-0.16,191.06,56.49,156.94,0,-0.01,0.01,3.73,-0.46,0.76,-1.83,-0.84,0.23,-0.51
43.267,4,-0.303,0.14,-0.94,-0.04,211.62,35.58,-179.21,-0.01,-0,-0.01,3.72,0.15,-0.15,-0.61,-0.57,-0,-0.81
43.27,6,0.746,-0.03,0.66,-0.08,319.55,78.67,-50.53,0,-0,0,3.74,0,0,0.15,-0.98,-0.15,0.13
43.274,0,0.038,0.2,-0.03,-0.98,199.34,22.85,4.28,0,0.01,0.01,3.85,0,-0.15,0,-0.39,0.08,0.93
43.275,7,-0.702,-0.2,-0.67,-0.15,96.39,61.19,86.27,0,0,0.02,0,0,0,0.15,-0.89,0.49,0.03
43.279,2,-0.494,0.14,-0.82,0.25,239.64,47.66,-125.33,0,-0,-0,3.87,-0.76,-0.15,-0.76,-0.74,-0.55,-0.38
43.281,1,0.181,0.01,-0.01,0.98,173.25,-1.04,-0.61,0,0,0,3.85,0,0.76,0,0.02,-0.01,1
43.301,5,-0.294,0.04,-0.95,-0.07,197.11,34.53,172.58,0,0.01,0,3.8,0.15,0.31,0.31,-0.57,0.09,-0.82
43.304,3,-0.468,0.07,-0.87,-0.16,191,56.44,156.89,0.01,0,0.01,3.73,-0.76,0.15,-1.22,-0.84,0.21,-0.51
43.37,4,-0.303,0.14,-0.94,-0.04,211.7,35.62,-179.12,-0,-0,-0,3.72,0.61,0.15,-0.92,-0.58,-0.01,-0.81
43.372,6,0.746,-0.03,0.66,-0.08,319.78,78.69,-50.23,0,0,0,3.74,-0.15,0,0.15,-0.98,-0.15,0.13
43.376,0,0.038,0.2,-0.03,-0.98,199.41,22.83,4.33,-0.01,0.01,0.01,3.85,0,-0.15,-0.31,-0.39,0.08,0.93
43.377,7,-0.702,-0.2,-0.67,-0.15,96.26,61.11,86.18,0,-0,0.02,0,0,0,0.31,-0.89,0.49,0.04
43.38,2,-0.494,0.14,-0.82,0.25,239.68,47.7,-125.3,0,0,0,3.87,0,0.15,0.31,-0.74,-0.56,-0.39
43.382,1,0.18,0.01,-0.01,0.98,173.33,-0.98,-0.6,0,-0,0,3.85,0,0.61,0,0.01,-0.02,1
43.404,5,-0.294,0.04,-0.95,-0.07,197.01,34.47,172.51,0.01,0.01,-0.01,3.79,-0.15,0.15,0.46,-0.57,0.1,-0.81
43.406,3,-0.468,0.07,-0.87,-0.16,191.15,56.43,156.98,0.01,0,0.01,3.73,0.31,0.61,-0.15,-0.84,0.21,-0.5
43.461,4,-0.303,0.14,-0.94,-0.04,211.81,35.6,-179.04,-0.01,-0,0,3.72,0.15,0,0,-0.58,-0.02,-0.81
43.463,6,0.746,-0.03,0.66,-0.08,319.72,78.74,-50.27,0,-0,0,3.74,0,0.15,0,-0.98,-0.14,0.13
43.466,0,0.039,0.2,-0.03,-0.98,199.49,22.71,4.36,-0.01,0,0.01,3.85,-0.15,0.76,0,-0.38,0.07,0.93
43.468,7,-0.702,-0.2,-0.67,-0.15,96.29,61.06,86.3,0,0,0.02,0,0,0,0,-0.89,0.49,0.03
43.472,2,-0.494,0.14,-0.82,0.25,239.64,47.7,-125.32,0.01,-0,0,3.87,0,0.31,-0.61,-0.75,-0.56,-0.38
43.474,1,0.18,0.01,-0.01,0.98,173.28,-0.97,-0.61,0,-0,0,3.85,0.15,0.46,0,0.02,-0.02,1.01
43.499,5,-0.295,0.04,-0.95,-0.07,197.1,34.54,172.63,-0,0,-0,3.79,0.76,0.31,-0.92,-0.57,0.1,-0.82
43.501,3,-0.468,0.07,-0.87,-0.16,191.46,56.5,157.2,-0.01,0.02,0.01,3.73,0.15,0,-2.59,-0.83,0.2,-0.52
43.556,4,-0.303,0.15,-0.94,-0.04,211.95,35.52,-178.95,0.01,0,0,3.72,-0.31,0.31,0.15,-0.59,-0.02,-0.81
43.558,6,0.746,-0.03,0.66,-0.08,319.81,78.74,-50.14,0,0,0.01,3.74,0,0,-0.15,-0.99,-0.15,0.12
43.561,0,0.038,0.2,-0.03,-0.98,199.4,22.89,4.31,-0.01,0,0.01,3.85,0,0.92,0,-0.39,0.07,0.93
43.563,7,-0.702,-0.2,-0.67,-0.15,96.17,61.05,86.17,-0,0,0.02,0,0,0,-0.15,-0.89,0.49,0.03
43.566,2,-0.494,0.14,-0.82,0.25,239.66,47.69,-125.28,0.01,0.01,0.01,3.87,-0.46,0.61,0.46,-0.75,-0.56,-0.38
43.568,1,0.179,0.01,-0.01,0.98,173.42,-0.87,-0.56,0,-0,0.01,3.85,0.46,0.92,0,0.01,-0.01,1.01
43.619,5,-0.293,0.04,-0.95,-0.07,197.23,34.36,172.8,0.01,0,-0,3.79,0.46,0.61,-0.15,-0.57,0.1,-0.82
43.621,3,-0.467,0.07,-0.87,-0.16,191.47,56.46,157.15,0.03,-0.02,0.02,3.73,0.31,0.92,-0.31,-0.86,0.22,-0.5
43.673,4,-0.302,0.15,-0.94,-0.04,212.03,35.47,-178.91,0.01,-0,0,3.72,0,0.46,-0.46,-0.59,-0.02,-0.81
43.675,6,0.746,-0.03,0.66,-0.08,319.99,78.68,-49.98,-0,0,0.01,3.74,0,0,0,-0.98,-0.15,0.13
43.678,0,0.039,0.2,-0.03,-0.98,199.45,22.98,4.33,0,0,0.01,3.85,0,0.61,-0.61,-0.4,0.07,0.93
43.68,7,-0.702,-0.2,-0.67,-0.15,96.23,61.1,86.2,0,0,0.02,0,0,0,-0.61,-0.9,0.49,0.03
43.683,2,-0.494,0.14,-0.82,0.25,239.71,47.61,-125.3,0.01,0.01,0,3.87,-0.46,0,-0.92,-0.74,-0.56,-0.39
43.685,1,0.181,0.01,-0.01,0.98,173.24,-0.79,-0.6,-0,-0,0,3.85,0.15,0.46,0,0.02,-0.01,1
43.707,5,-0.293,0.05,-0.95,-0.07,197.29,34.32,172.81,0.01,-0.01,0,3.79,-0.15,0.61,0,-0.58,0.11,-0.81
43.709,3,-0.467,0.07,-0.87,-0.16,191.41,56.45,157.13,-0,-0.01,0,3.73,0.15,-0.92,0.15,-0.83,0.22,-0.51
43.765,4,-0.302,0.15,-0.94,-0.04,212.21,35.46,-178.8,0.01,0.01,0,3.72,0.46,0.61,-1.37,-0.58,-0.02,-0.82
43.767,6,0.746,-0.03,0.66,-0.08,319.9,78.69,-50.05,0,0,0.01,3.74,0,0.15,-0.15,-0.99,-0.15,0.13
43.771,0,0.038,0.2,-0.03,-0.98,199.35,23.15,4.26,-0,0.01,0.01,3.85,0,0.92,0.15,-0.4,0.08,0.93
43.772,7,-0.702,-0.2,-0.67,-0.15,96.33,61.2,86.22,0.01,0,0.02,0,0,0,0,-0.89,0.49,0.04
43.776,2,-0.494,0.15,-0.82,0.25,239.97,47.52,-125.23,0,0,0,3.87,-0.76,-0.46,-1.83,-0.74,-0.55,-0.39
43.778,1,0.179,0.01,-0.01,0.98,173.4,-0.84,-0.49,0.01,0,-0,3.85,0,0.15,0,0.01,-0.01,1
43.803,5,-0.293,0.05,-0.95,-0.07,197.44,34.31,172.98,0.02,-0.01,0,3.79,1.22,0.92,-0.46,-0.6,0.12,-0.79
43.805,3,-0.468,0.07,-0.87,-0.16,191.41,56.48,157.15,0,-0.01,0.02,3.73,-0.15,0,-0.31,-0.85,0.23,-0.51
43.864,4,-0.302,0.15,-0.94,-0.04,212.46,35.41,-178.64,0.01,0,0,3.72,-0.15,0.92,-1.83,-0.59,-0.01,-0.82
43.866,6,0.746,-0.03,0.66,-0.08,319.59,78.7,-50.36,-0,0,0,3.74,0.31,0,-0.15,-0.98,-0.15,0.12
43.87,0,0.039,0.2,-0.03,-0.98,199.5,23.23,4.38,-0.01,0.01,0,3.85,0.46,0,-0.46,-0.38,0.08,0.92
43.871,7,-0.702,-0.2,-0.67,-0.15,96.5,61.23,86.28,-0,-0,0.02,0,-0.15,0,0.15,-0.89,0.49,0.03
43.875,2,-0.494,0.15,-0.82,0.25,240.1,47.51,-125.12,0.01,0,-0,3.87,0,1.22,1.83,-0.74,-0.55,-0.39
43.877,1,0.18,0.01,-0.01,0.98,173.3,-0.92,-0.49,0,-0,0,3.85,-0.15,0.46,0,0.01,-0.01,1
43.902,5,-0.293,0.05,-0.95,-0.07,197.45,34.35,173.02,0.02,0.01,0,3.79,-0.15,-0.46,-0.46,-0.58,0.09,-0.81
43.904,3,-0.467,0.07,-0.87,-0.16,191.59,56.45,157.31,0.01,-0,0.01,3.73,1.07,0.76,-0.46,-0.84,0.21,-0.51
43.963,4,-0.303,0.15,-0.94,-0.04,212.65,35.47,-178.53,-0.01,-0,-0,3.72,0,-0.31,0,-0.57,-0.02,-0.82
43.965,6,0.745,-0.03,0.66,-0.08,319.43,78.74,-50.46,0,-0,0,3.74,-0.15,0,0.31,-0.99,-0.15,0.13
43.968,0,0.038,0.2,-0.03,-0.98,199.42,23.21,4.36,0,0.01,0.01,3.85,0,0,0,-0.4,0.08,0.92
43.97,7,-0.702,-0.2,-0.67,-0.15,96.41,61.13,86.26,0,-0,0.02,0,0,0,0,-0.89,0.49,0.03
43.974,2,-0.494,0.15,-0.82,0.25,240.04,47.51,-125.15,0.01,0,0,3.87,-0.31,-0.46,0.61,-0.74,-0.55,-0.38
43.975,1,0.181,0.01,-0.01,0.98,173.25,-0.76,-0.57,0.01,0,0,3.85,0,0.15,0,0.01,-0.01,1
44.004,5,-0.293,0.05,-0.95,-0.07,197.42,34.38,172.99,0.01,0.01,0,3.79,-0.76,0,1.53,-0.57,0.1,-0.82
44.006,3,-0.467,0.07,-0.87,-0.16,191.59,56.43,157.33,-0.01,-0,0,3.73,0,-0.61,0.31,-0.83,0.22,-0.52
44.064,4,-0.302,0.15,-0.94,-0.04,212.66,35.45,-178.51,0,-0.02,-0,3.72,0.31,-0.15,0,-0.58,-0.01,-0.82
44.066,6,0.745,-0.03,0.66,-0.08,319.47,78.73,-50.45,0,0,0,3.74,0,0,0.15,-0.99,-0.15,0.13
44.07,0,0.038,0.2,-0.03,-0.98,199.4,23.19,4.38,-0,0,0.01,3.85,-0.15,-0.15,-0.92,-0.39,0.07,0.93
44.072,7,-0.702,-0.2,-0.67,-0.15,96.44,61.13,86.27,0,-0,0.02,0,0,0,0,-0.89,0.49,0.03
44.076,2,-0.494,0.15,-0.82,0.25,240.08,47.5,-125.16,-0,0,0,3.87,0.61,-0.15,-0.15,-0.74,-0.55,-0.38
44.077,1,0.18,0,-0.01,0.98,173.32,-0.64,-0.6,0,0,0.01,3.85,0,0,0,0.01,-0.01,1
44.104,5,-0.293,0.05,-0.95,-0.07,197.36,34.41,172.92,0,0,0.01,3.79,0,-0.15,-0.15,-0.57,0.1,-0.81
44.106,3,-0.467,0.07,-0.87,-0.16,191.6,56.45,157.3,0,0,0.01,3.73,0,-0.61,-1.22,-0.84,0.22,-0.51
44.161,4,-0.303,0.15,-0.94,-0.04,212.61,35.49,-178.55,-0,0,0,3.72,0.15,0,-0.31,-0.58,-0.02,-0.82
44.163,6,0.746,-0.03,0.66,-0.08,319.61,78.68,-50.34,-0,-0,0,3.74,0,0,-0.15,-0.98,-0.15,0.12
44.166,0,0.039,0.2,-0.03,-0.98,199.56,23.15,4.43,-0,-0.01,0.01,3.85,-0.46,0,0.31,-0.39,0.07,0.92
44.168,7,-0.702,-0.2,-0.67,-0.15,96.37,61.09,86.22,0,-0,0.02,0,0,0,0,-0.89,0.49,0.03
44.172,2,-0.495,0.15,-0.82,0.25,240.18,47.56,-125.01,0.01,-0,0,3.87,0,0,0,-0.75,-0.54,-0.38
44.175,1,0.179,0,-0.01,0.98,173.41,-0.4,-0.66,-0,-0,-0,3.85,0,0.15,0,0.01,-0.01,1
44.222,5,-0.294,0.05,-0.95,-0.07,197.34,34.43,172.84,0.01,0,-0,3.79,0.31,0.15,0.76,-0.56,0.1,-0.81
44.223,3,-0.467,0.07,-0.87,-0.16,191.43,56.44,157.17,0,-0,0.01,3.73,0,0.15,-0.46,-0.84,0.22,-0.51
44.275,4,-0.303,0.15,-0.94,-0.04,212.76,35.47,-178.42,-0,-0,-0,3.72,-0.15,0,0.15,-0.58,-0.01,-0.81
44.277,6,0.746,-0.03,0.66,-0.08,319.47,78.72,-50.44,-0,-0,0,3.74,0.15,0,0,-0.99,-0.15,0.12
44.282,0,0.037,0.2,-0.03,-0.98,199.3,23.23,4.25,-0.01,0.01,0.01,3.85,-0.31,0.31,0,-0.39,0.07,0.93
44.283,7,-0.702,-0.2,-0.67,-0.15,96.33,61.08,86.19,0,-0,0.02,0,0,0,0,-0.89,0.49,0.03
44.289,2,-0.495,0.15,-0.82,0.25,240.09,47.61,-125.02,-0,0.01,0,3.87,-0.46,0,0,-0.74,-0.56,-0.39
44.291,1,0.178,0,-0.01,0.98,173.55,-0.3,-0.64,-0,-0,-0,3.85,0.15,0.46,0,0.01,-0.01,1
44.308,5,-0.293,0.05,-0.95,-0.07,197.48,34.33,173,0.03,-0,0.02,3.79,0,0.61,1.53,-0.59,0.09,-0.82
44.309,3,-0.467,0.07,-0.87,-0.16,191.5,56.46,157.19,0,0,0.01,3.73,0,0.15,0,-0.84,0.2,-0.51
44.367,4,-0.302,0.15,-0.94,-0.04,212.66,35.4,-178.5,0,-0,0.01,3.72,0.92,0.46,-1.22,-0.58,-0.01,-0.82
44.369,6,0.746,-0.03,0.66,-0.08,319.53,78.73,-50.37,0,0,0.01,3.74,0,0,0.31,-0.98,-0.15,0.13
44.375,0,0.036,0.2,-0.03,-0.98,199.14,23.2,4.15,-0,0,0,3.85,-0.15,0.46,-0.31,-0.39,0.06,0.92
44.378,7,-0.702,-0.2,-0.67,-0.15,96.41,61.17,86.17,0,-0,0.02,0,0,0,-0.31,-0.89,0.49,0.04
44.382,2,-0.495,0.15,-0.82,0.25,240.09,47.65,-125.04,0.02,-0,0,3.87,0.61,0,0.46,-0.75,-0.55,-0.37
44.384,1,0.179,0,-0.01,0.98,173.41,-0.3,-0.69,-0,0,-0,3.85,0,0,0,0,-0.01,1
44.423,5,-0.292,0.05,-0.95,-0.07,197.52,34.3,173,0.01,0,0,3.79,0.31,0,0,-0.57,0.1,-0.82
44.425,3,-0.468,0.07,-0.87,-0.16,191.33,56.55,157.08,0.01,0,0.01,3.73,0,0,1.53,-0.85,0.21,-0.5
44.477,4,-0.302,0.15,-0.94,-0.04,212.74,35.37,-178.43,-0,-0,0,3.72,-0.31,0,0.31,-0.57,-0.02,-0.83
44.479,6,0.745,-0.03,0.66,-0.08,319.13,78.71,-50.86,0,0,-0,3.74,0,0.15,-0.15,-0.99,-0.15,0.12
44.484,0,0.036,0.2,-0.03,-0.98,199.14,23.22,4.14,0,-0,0,3.85,-0.15,0.46,-0.31,-0.4,0.05,0.92
44.485,7,-0.702,-0.2,-0.67,-0.15,96.4,61.15,86.23,0,0,0.02,0,0,0,0.31,-0.89,0.49,0.03
44.491,2,-0.494,0.14,-0.82,0.25,239.83,47.7,-125.23,0.01,-0.01,0,3.87,-0.15,-0.61,-0.31,-0.75,-0.55,-0.38
44.493,1,0.179,0,-0.01,0.98,173.48,-0.28,-0.65,-0,0,0,3.85,0,-0.15,0,0.01,-0.01,1
44.513,5,-0.292,0.05,-0.95,-0.07,197.27,34.21,172.81,0.01,0,0,3.79,-0.31,0.31,1.83,-0.57,0.1,-0.81
44.515,3,-0.468,0.07,-0.87,-0.16,191.24,56.54,157.03,0,0.01,0,3.73,0.15,-0.31,0.15,-0.84,0.21,-0.51
44.564,4,-0.302,0.15,-0.94,-0.04,212.69,35.37,-178.45,0,0,0.01,3.72,0,0,-0.31,-0.58,-0.02,-0.82
44.566,6,0.745,-0.03,0.66,-0.08,319.17,78.64,-50.92,-0,0,0,3.74,0,0,-0.31,-0.99,-0.15,0.12
44.573,0,0.036,0.2,-0.03,-0.98,199.11,23.32,4.11,-0,0,0.01,3.85,0,0.46,0,-0.4,0.07,0.92
44.575,7,-0.702,-0.2,-0.67,-0.15,96.46,61.14,86.27,-0,0,0.02,0,-0.15,0,0.15,-0.89,0.49,0.03
44.579,2,-0.495,0.14,-0.82,0.25,239.74,47.78,-125.23,0,-0,-0,3.87,0,0,1.37,-0.74,-0.55,-0.39
44.58,1,0.179,0,-0.01,0.98,173.48,-0.19,-0.69,-0.01,0,0,3.84,0,0,0,0.01,-0.01,1
44.626,5,-0.291,0.04,-0.95,-0.07,197.16,34.09,172.73,0,0,0,3.79,0.15,0.31,-0.46,-0.56,0.11,-0.82
44.628,3,-0.468,0.07,-0.87,-0.16,191.19,56.53,157.02,-0,0.01,0,3.73,-0.31,-0.31,0,-0.83,0.21,-0.52
44.68,4,-0.302,0.15,-0.94,-0.04,212.57,35.34,-178.57,0.01,0,0,3.72,-0.31,0.31,-0.92,-0.58,-0.01,-0.81
44.682,6,0.745,-0.03,0.66,-0.08,319.09,78.65,-51.06,0,-0,0,3.74,0,0,-0.15,-0.99,-0.15,0.13
44.688,0,0.036,0.2,-0.03,-0.98,199.06,23.4,4.09,0,-0,0.01,3.85,0,0,-0.76,-0.4,0.06,0.92
44.69,7,-0.702,-0.2,-0.67,-0.15,96.37,61.11,86.2,0,-0,0.02,0,0,0,0,-0.89,0.49,0.03
44.694,2,-0.494,0.14,-0.82,0.25,239.64,47.76,-125.29,0.01,0.01,0.01,3.87,-0.31,-0.15,1.22,-0.74,-0.56,-0.39
44.695,1,0.179,0,-0.01,0.98,173.48,-0.16,-0.71,-0.01,0,0,3.84,0,0.15,0,0.01,-0.01,1
44.714,5,-0.291,0.04,-0.95,-0.07,197.22,34.07,172.79,0.01,-0.01,0,3.79,-0.31,0,0.46,-0.57,0.11,-0.82
44.716,3,-0.468,0.07,-0.87,-0.16,191.18,56.46,157,0,-0.01,0.02,3.73,0,-0.15,0.61,-0.85,0.22,-0.51
44.772,4,-0.302,0.15,-0.94,-0.04,212.74,35.37,-178.47,0,-0.01,-0,3.72,0,0.15,0,-0.58,-0.02,-0.81
44.774,6,0.745,-0.03,0.66,-0.08,319.24,78.64,-50.89,0,-0,0.01,3.74,0.15,0.15,0,-0.99,-0.15,0.13
44.778,0,0.037,0.2,-0.03,-0.98,199.19,23.42,4.17,-0,-0,0.01,3.85,0,0,-0.15,-0.4,0.06,0.93
44.779,7,-0.702,-0.2,-0.67,-0.15,96.33,61.07,86.28,-0,0,0.02,0,0,0,0,-0.89,0.49,0.03
44.783,2,-0.495,0.14,-0.82,0.25,239.77,47.78,-125.2,-0,0.01,0,3.87,0,-0.31,0.46,-0.74,-0.56,-0.39
44.784,1,0.179,0,-0.01,0.98,173.38,-0.23,-0.69,-0,0,0,3.85,0,0.15,0,0.01,-0.01,1
44.81,5,-0.29,0.04,-0.95,-0.07,197.17,34.03,172.74,0.02,-0,0,3.79,0,0.15,0,-0.58,0.1,-0.82
44.812,3,-0.468,0.07,-0.87,-0.16,191.17,56.55,157.01,0,0,0,3.73,-0.46,0,-0.61,-0.84,0.21,-0.51
44.868,4,-0.302,0.15,-0.94,-0.04,212.71,35.35,-178.49,-0.01,-0.01,0,3.72,0,0.31,-0.46,-0.58,-0.01,-0.82
44.871,6,0.746,-0.03,0.66,-0.08,319.49,78.62,-50.62,0,0,0,3.74,0,0,0.15,-0.98,-0.15,0.13
44.875,0,0.036,0.2,-0.03,-0.98,199.19,23.47,4.17,-0.01,-0,0.01,3.85,-0.15,0.31,-0.31,-0.4,0.06,0.92
44.877,7,-0.702,-0.2,-0.67,-0.15,96.42,61.13,86.28,0,-0,0.02,0,0,0.15,0.15,-0.89,0.49,0.03
44.881,2,-0.495,0.14,-0.82,0.25,239.73,47.77,-125.26,0,-0.01,-0,3.87,0.61,-0.15,0.15,-0.74,-0.54,-0.39
44.882,1,0.179,0,-0.01,0.98,173.47,-0.34,-0.62,0,0,0,3.85,-0.15,0,0,0.01,-0.01,1
44.93,5,-0.29,0.04,-0.95,-0.07,197.22,34.02,172.75,0.01,0,-0,3.79,0.31,0.31,-0.31,-0.56,0.1,-0.82
44.932,3,-0.468,0.07,-0.87,-0.16,191.23,56.48,157.04,-0,0.01,0.01,3.73,-0.31,0,-0.76,-0.84,0.2,-0.52
44.984,4,-0.301,0.15,-0.94,-0.04,212.9,35.3,-178.44,0,0,0.01,3.72,-0.76,0.61,0,-0.59,-0.03,-0.82
44.986,6,0.747,-0.03,0.66,-0.08,320.07,78.5,-50.15,-0.01,-0,0,3.74,0,0,-0.15,-0.98,-0.15,0.12
44.99,0,0.037,0.2,-0.03,-0.98,199.28,23.47,4.2,-0,-0.01,0.01,3.85,0,0.61,-0.15,-0.4,0.06,0.92
44.993,7,-0.702,-0.2,-0.67,-0.15,96.45,61.13,86.31,-0,-0,0.01,0,0,0.15,0,-0.89,0.49,0.03
44.996,2,-0.494,0.14,-0.82,0.25,239.65,47.79,-125.27,0.01,-0,0,3.87,0,0.15,0,-0.75,-0.55,-0.38
44.998,1,0.178,0,-0.01,0.98,173.53,-0.22,-0.6,-0.01,0,-0,3.85,0,0.31,0,0,-0.01,1
45.012,5,-0.29,0.04,-0.95,-0.07,197.22,33.99,172.77,0,0,-0,3.79,0,0.15,-0.31,-0.56,0.11,-0.82
45.014,3,-0.468,0.07,-0.87,-0.16,191.24,56.54,157.05,-0,0.01,0.01,3.73,0.31,0.61,0.61,-0.84,0.21,-0.52
45.076,4,-0.301,0.15,-0.94,-0.04,213,35.28,-178.37,0.01,0,0,3.72,0.31,0.15,-0.31,-0.58,-0.02,-0.82
45.078,6,0.747,-0.03,0.66,-0.08,320.18,78.53,-50.03,-0,-0,0.01,3.74,0.15,0,-0.15,-0.99,-0.15,0.13
45.081,0,0.037,0.21,-0.03,-0.98,199.21,23.71,4.16,0,-0.01,0.01,3.85,0,0.46,0,-0.4,0.06,0.92
45.083,7,-0.701,-0.2,-0.67,-0.15,96.67,61.11,86.59,0,-0,0.02,0,0.15,0,0,-0.89,0.49,0.03
45.087,2,-0.495,0.14,-0.82,0.25,239.61,47.83,-125.27,0.01,0,0,3.87,0.31,0.31,0.31,-0.75,-0.55,-0.38
45.089,1,0.179,0,-0.01,0.98,173.49,-0.23,-0.6,-0,0,0,3.85,0,0,0,0.01,-0.01,1
45.114,5,-0.289,0.04,-0.95,-0.07,197.23,33.92,172.79,0.01,-0.01,0,3.79,0,0,0.46,-0.57,0.12,-0.82
45.116,3,-0.468,0.07,-0.87,-0.16,191.27,56.51,157.06,0,-0,0.01,3.73,0.61,0.15,0,-0.84,0.22,-0.51
45.18,4,-0.301,0.15,-0.94,-0.04,213.01,35.22,-178.4,0,-0,0,3.72,-0.31,0.15,-0.31,-0.57,-0.01,-0.83
45.182,7,-0.701,-0.2,-0.67,-0.15,96.63,61.08,86.62,0,0.01,0.02,0,0.15,0,0,-0.89,0.49,0.03
45.185,0,0.036,0.21,-0.03,-0.98,199.13,23.81,4.11,-0,-0.01,0.01,3.85,0.15,0.61,0,-0.4,0.06,0.92
45.187,6,0.747,-0.03,0.66,-0.08,319.97,78.5,-50.31,-0,-0,0.01,3.74,0,0,0,-0.99,-0.15,0.12
45.192,2,-0.494,0.14,-0.82,0.25,239.55,47.83,-125.32,0.01,0.01,0.01,3.87,-0.15,0,0,-0.75,-0.56,-0.37
45.193,1,0.179,0,-0.01,0.98,173.39,-0.24,-0.63,-0.01,-0,0.01,3.85,0,0.15,0,0.01,-0.01,1
45.214,5,-0.29,0.05,-0.95,-0.07,197.3,33.96,172.84,0.03,-0.02,0,3.79,0,0.31,-2.59,-0.59,0.1,-0.81
45.216,3,-0.467,0.07,-0.87,-0.16,191.51,56.44,157.27,0,-0,0,3.73,-0.15,-0.31,0,-0.84,0.21,-0.51
45.278,4,-0.3,0.15,-0.94,-0.04,213.12,35.2,-178.37,-0,0,0.01,3.72,0.15,-0.31,-0.15,-0.58,-0.03,-0.82
45.28,6,0.746,-0.03,0.66,-0.08,319.93,78.62,-50.2,-0,0,0.01,3.74,0,0,0.61,-0.99,-0.15,0.13
45.285,0,0.036,0.21,-0.03,-0.98,199.09,23.77,4.12,-0.01,-0,0.01,3.85,-0.15,0.76,0.46,-0.4,0.06,0.92
45.286,7,-0.701,-0.2,-0.67,-0.15,96.45,61.07,86.42,0,0,0.02,0,0,0,0,-0.89,0.49,0.03
45.293,2,-0.494,0.14,-0.82,0.25,239.46,47.79,-125.42,0.01,-0.01,-0.01,3.87,0.92,0.15,0.15,-0.74,-0.54,-0.39
45.295,1,0.179,-0,-0.01,0.98,173.38,-0.12,-0.7,-0,-0,0,3.85,-0.15,0,0,0,-0.01,1
45.316,5,-0.289,0.04,-0.95,-0.07,197.2,33.89,172.78,0.01,0.01,-0.01,3.79,0.46,0.31,0.46,-0.57,0.1,-0.82
45.318,3,-0.467,0.07,-0.87,-0.16,191.34,56.36,157.12,-0,-0.02,0.01,3.73,0.61,-0.31,1.53,-0.84,0.23,-0.51
45.375,4,-0.3,0.15,-0.94,-0.04,213.06,35.19,-178.43,-0.01,0,0,3.72,0,0.31,0.15,-0.58,-0.02,-0.82
45.377,7,-0.702,-0.2,-0.67,-0.15,96.45,61.09,86.34,0,-0,0.02,0,0.15,0,-0.15,-0.89,0.49,0.03
45.381,0,0.035,0.21,-0.03,-0.98,199,23.88,4.07,-0.01,0.01,0,3.85,-0.15,0.31,0,-0.4,0.07,0.92
45.382,6,0.746,-0.03,0.66,-0.08,320.17,78.65,-49.9,0,-0,0.01,3.74,-0.15,0,0,-0.99,-0.15,0.13
45.386,5,-0.288,0.04,-0.95,-0.07,197.18,33.81,172.78,0.01,0.01,-0.01,3.79,0,0.46,1.22,-0.55,0.08,-0.82
45.387,1,0.179,-0,-0.01,0.98,173.41,-0.12,-0.7,-0.01,0,0,3.85,0,0,0,0,-0.01,1
45.417,2,-0.494,0.14,-0.82,0.25,239.42,47.81,-125.39,0,-0.01,-0.01,3.87,0,-0.15,0.46,-0.74,-0.53,-0.39
45.419,3,-0.466,0.07,-0.87,-0.16,191.27,56.3,157.08,-0,0,0.01,3.73,0,-0.15,-0.46,-0.84,0.22,-0.51
45.491,4,-0.299,0.15,-0.94,-0.04,213.23,35.08,-178.32,0,0,0,3.72,0,0.46,-1.83,-0.57,-0.03,-0.82
45.492,6,0.746,-0.03,0.66,-0.08,319.73,78.63,-50.46,-0,-0,0,3.74,0.15,0,-0.46,-0.99,-0.15,0.12
45.496,0,0.034,0.21,-0.03,-0.98,198.89,23.94,3.98,-0.01,0.01,0.01,3.85,-0.15,0.31,0.15,-0.4,0.07,0.92
45.498,7,-0.702,-0.2,-0.67,-0.15,96.4,61.1,86.26,-0,0,0.02,0,0,0,0,-0.9,0.49,0.03
45.501,2,-0.494,0.14,-0.82,0.25,239.45,47.85,-125.32,-0,-0.01,0,3.87,0.31,0.15,0.76,-0.74,-0.53,-0.4
45.503,1,0.18,0,-0.01,0.98,173.32,-0.17,-0.69,-0.01,0,0,3.84,0,0,-0.15,0.01,-0.01,1
45.525,5,-0.288,0.04,-0.95,-0.07,197.13,33.72,172.74,0.01,0.01,0,3.79,0.15,0,0.15,-0.56,0.1,-0.83
45.527,3,-0.466,0.07,-0.87,-0.16,191.02,56.19,156.9,0.01,-0.02,0.01,3.73,0.15,0,-0.46,-0.84,0.23,-0.51
45.579,4,-0.299,0.15,-0.94,-0.04,213.27,35.08,-178.32,0.01,-0,-0,3.72,-0.31,0.46,-1.22,-0.58,-0.02,-0.81
45.581,6,0.746,-0.03,0.66,-0.08,319.85,78.63,-50.29,-0,0,0.01,3.74,0,0.15,0,-0.98,-0.15,0.12
45.584,0,0.034,0.21,-0.03,-0.98,198.94,23.89,4,-0,-0,0.01,3.85,0,-0.31,0,-0.41,0.07,0.92
45.586,7,-0.701,-0.2,-0.67,-0.15,96.5,61.11,86.39,0,0,0.02,0,0,-0.15,0.15,-0.89,0.49,0.03
45.59,5,-0.287,0.04,-0.95,-0.07,196.93,33.66,172.63,0.02,-0,0.01,3.79,-0.76,0.15,0.76,-0.58,0.11,-0.82
45.592,1,0.178,0,-0.01,0.98,173.55,-0.18,-0.61,-0.01,-0,0.01,3.84,0,0.15,0,0.01,-0.01,1.01
45.628,2,-0.494,0.14,-0.82,0.25,239.62,47.74,-125.16,-0,0.01,0.01,3.87,-0.15,-0.15,0,-0.74,-0.55,-0.38
45.63,3,-0.466,0.07,-0.87,-0.16,191.16,56.22,157.01,0.01,-0.01,0,3.73,-0.15,0.31,0.61,-0.84,0.22,-0.5
45.682,4,-0.3,0.16,-0.94,-0.04,213.3,35.1,-178.31,0.01,-0,0,3.72,0.15,0.61,-1.22,-0.59,-0.03,-0.82
45.684,6,0.746,-0.03,0.66,-0.08,320.03,78.68,-50.04,0,-0,0.01,3.74,0,0,0.46,-0.99,-0.15,0.13
45.687,0,0.035,0.21,-0.03,-0.98,198.94,23.88,3.99,-0,0,0.01,3.85,-0.31,0.46,0,-0.41,0.06,0.92
45.69,7,-0.702,-0.2,-0.67,-0.15,96.33,61.1,86.17,0,0,0.02,0,0,0,0,-0.89,0.49,0.03
45.694,5,-0.288,0.04,-0.95,-0.07,196.89,33.74,172.58,0.01,0,-0,3.79,0.31,-0.15,-0.31,-0.56,0.1,-0.82
45.695,1,0.179,0,-0.01,0.98,173.47,-0.17,-0.67,-0,0,0,3.84,0,0,0,0.01,-0.01,1
45.72,2,-0.495,0.14,-0.82,0.25,239.8,47.78,-125.04,-0.01,-0.01,-0.01,3.87,0.15,-1.07,-2.75,-0.73,-0.55,-0.39
45.723,3,-0.466,0.07,-0.87,-0.17,190.79,56.16,156.68,0.02,-0.01,0.01,3.73,-0.15,-0.15,-0.15,-0.85,0.23,-0.5
45.779,4,-0.3,0.16,-0.94,-0.04,213.58,35.08,-178.14,-0,-0,-0,3.72,0,0.76,-0.92,-0.57,-0.02,-0.83
45.781,6,0.746,-0.03,0.66,-0.08,319.99,78.73,-50.04,-0,0,0,3.74,-0.15,0,0,-0.99,-0.15,0.12
45.784,0,0.034,0.21,-0.02,-0.98,198.88,23.91,3.91,-0,0,0,3.85,-0.31,-0.15,0,-0.4,0.06,0.92
45.786,7,-0.701,-0.2,-0.67,-0.15,96.62,61.1,86.53,0,-0,0.02,0,0,0,0,-0.89,0.49,0.03
45.791,5,-0.288,0.04,-0.95,-0.07,196.83,33.75,172.56,-0,0.01,0,3.79,0.15,0,0.15,-0.55,0.1,-0.82
45.792,1,0.178,0,-0.01,0.98,173.49,-0.18,-0.64,-0.01,-0,0,3.84,0,0,0.15,0,-0.01,1
45.822,2,-0.495,0.14,-0.82,0.25,239.91,47.63,-124.96,0.01,-0.01,-0.01,3.87,-0.61,-1.07,-2.14,-0.75,-0.54,-0.38
45.824,3,-0.466,0.07,-0.87,-0.16,191.11,56.26,156.89,-0,0,0.01,3.73,-0.76,0.31,-1.98,-0.83,0.21,-0.52
45.894,4,-0.299,0.16,-0.94,-0.03,213.8,35.02,-177.94,-0,-0.01,0.01,3.72,0.15,0,-0.92,-0.57,-0.03,-0.83
45.896,7,-0.701,-0.2,-0.67,-0.15,96.63,61.15,86.53,0,0,0.01,0,0,-0.15,0.15,-0.89,0.49,0.03
45.899,0,0.033,0.21,-0.02,-0.98,198.76,23.93,3.86,-0,0.01,0,3.85,0.15,-0.31,-1.07,-0.4,0.07,0.92
45.901,6,0.746,-0.03,0.66,-0.08,319.88,78.72,-50.1,-0,0,0.01,3.74,0,0,0.15,-0.99,-0.15,0.12
45.904,2,-0.495,0.15,-0.82,0.25,240.18,47.56,-124.84,-0.01,-0.02,-0.01,3.87,-0.46,-0.31,-0.76,-0.73,-0.53,-0.39
45.907,1,0.178,0,-0.01,0.98,173.58,-0.17,-0.59,-0,-0,-0,3.84,0.15,0,0,0,-0.01,0.99
45.928,5,-0.287,0.04,-0.95,-0.07,196.72,33.67,172.56,0.01,-0,-0.01,3.79,0.15,0.76,0.15,-0.56,0.11,-0.82
45.93,3,-0.466,0.07,-0.87,-0.16,191.1,56.28,156.91,-0,0,0.01,3.73,0.31,-0.15,1.53,-0.84,0.22,-0.52
45.985,4,-0.298,0.16,-0.94,-0.04,213.97,34.9,-177.98,-0,-0.01,0,3.72,-0.92,1.37,-1.68,-0.57,-0.02,-0.82
45.987,6,0.746,-0.03,0.66,-0.08,320.29,78.66,-49.7,-0.01,-0,0,3.74,0,0,0,-0.99,-0.15,0.12
45.991,0,0.032,0.21,-0.02,-0.98,198.6,23.91,3.82,0,-0.01,0.01,3.85,0.31,0.92,0.61,-0.41,0.05,0.92
45.993,7,-0.701,-0.2,-0.67,-0.15,96.83,61.19,86.69,0,-0,0.01,0,0,-0.15,0,-0.89,0.49,0.03
45.997,2,-0.495,0.15,-0.82,0.25,240.26,47.46,-124.75,0.02,0.02,0.01,3.87,-0.76,-0.15,-0.92,-0.74,-0.58,-0.37
45.998,1,0.178,0,-0.01,0.98,173.53,-0.18,-0.6,-0,0,0,3.84,0,0,-0.15,0.01,-0.01,1
46.023,5,-0.288,0.04,-0.95,-0.07,196.64,33.69,172.47,0.04,-0.03,0.01,3.79,-0.76,-0.31,-2.44,-0.6,0.11,-0.81
46.025,3,-0.466,0.07,-0.87,-0.16,191.21,56.21,156.98,0.02,0.02,0.01,3.73,0,0,-0.46,-0.85,0.21,-0.51
46.085,4,-0.298,0.16,-0.94,-0.04,214.08,34.91,-177.95,0.01,-0,0,3.72,0,0,-0.46,-0.58,-0.03,-0.81
46.087,6,0.746,-0.03,0.66,-0.08,320.26,78.67,-49.71,-0,0,0.01,3.74,0,0,0.31,-0.98,-0.15,0.12
46.091,0,0.031,0.21,-0.02,-0.98,198.55,23.97,3.83,-0,0,0.01,3.85,0.61,0.31,1.07,-0.4,0.07,0.92
46.093,7,-0.701,-0.2,-0.67,-0.15,96.79,61.22,86.58,0,0,0.02,0,0.15,0,0,-0.89,0.49,0.03
46.096,2,-0.494,0.15,-0.82,0.25,240.24,47.47,-124.84,0.01,0.01,0.02,3.87,0.61,0.61,0.61,-0.75,-0.58,-0.38
46.098,1,0.178,0,-0.01,0.98,173.56,-0.21,-0.59,0,-0,0,3.84,0,0,0,0.01,-0.01,1
46.125,5,-0.289,0.04,-0.95,-0.07,196.83,33.81,172.55,0.02,0.01,0,3.79,-0.46,0,0.15,-0.57,0.1,-0.82
46.127,3,-0.466,0.07,-0.87,-0.16,191.33,56.26,157.07,0,-0.01,0.01,3.73,0.61,0.31,1.83,-0.84,0.22,-0.51
46.184,4,-0.298,0.16,-0.94,-0.04,213.97,34.92,-178.1,-0.01,0.01,0,3.72,-0.92,-0.46,1.68,-0.57,-0.03,-0.82
46.186,7,-0.701,-0.2,-0.67,-0.15,96.71,61.17,86.52,0,-0,0.02,0,-0.15,0.31,0,-0.89,0.49,0.04
46.19,0,0.031,0.21,-0.03,-0.98,198.49,24.04,3.9,-0,0.01,0,3.85,0,0.15,-0.46,-0.41,0.07,0.92
46.191,6,0.746,-0.03,0.66,-0.08,320.3,78.73,-49.58,-0,0,0,3.74,0,0,0,-0.98,-0.15,0.13
46.196,5,-0.288,0.04,-0.95,-0.07,196.85,33.75,172.58,0,0,0,3.79,0,0.61,0.31,-0.56,0.1,-0.82
46.197,1,0.177,0,-0.01,0.98,173.68,-0.14,-0.61,-0,0,-0,3.84,-0.31,0,0.15,0,-0.01,1
46.233,2,-0.494,0.15,-0.82,0.25,240.09,47.54,-124.9,0.01,0,0,3.87,0,0.15,1.22,-0.75,-0.56,-0.38
46.235,3,-0.466,0.07,-0.87,-0.16,191.49,56.29,157.24,-0.01,0.01,0,3.73,-0.15,-0.46,-0.15,-0.83,0.21,-0.52
46.296,4,-0.298,0.16,-0.94,-0.04,213.76,34.97,-178.22,0,0.01,0,3.72,0.15,0,0.31,-0.57,-0.03,-0.82
46.298,6,0.746,-0.03,0.66,-0.08,320.27,78.76,-49.58,-0.01,-0,0,3.74,0.31,0,0.31,-0.98,-0.15,0.12
46.303,0,0.03,0.21,-0.03,-0.98,198.44,24.14,3.92,-0.01,0.01,0.01,3.85,0,0.46,0,-0.4,0.07,0.92
46.306,7,-0.701,-0.2,-0.67,-0.15,96.84,61.12,86.7,-0,-0,0.02,0,0,0,0,-0.89,0.49,0.03
46.314,5,-0.288,0.04,-0.95,-0.07,196.85,33.69,172.61,0.01,0.01,0,3.79,0.46,0,-0.76,-0.56,0.1,-0.82
46.316,1,0.177,-0,-0.01,0.98,173.62,-0.09,-0.65,-0.02,-0,-0.03,3.84,0,-0.31,0,0.01,-0.01,1
46.348,2,-0.494,0.14,-0.82,0.25,239.93,47.61,-124.95,0.01,0,0,3.87,0.46,0.46,0.92,-0.75,-0.55,-0.38
46.35,3,-0.467,0.07,-0.87,-0.16,191.5,56.38,157.21,-0,-0.01,0.01,3.73,0,-0.15,-1.22,-0.84,0.22,-0.51
46.4,4,-0.297,0.16,-0.94,-0.04,213.74,34.86,-178.32,-0,0,0.01,3.72,0,0.15,0,-0.57,-0.03,-0.83
46.402,6,0.746,-0.03,0.66,-0.08,320.3,78.77,-49.55,0,0,0,3.74,0,0,-0.15,-0.98,-0.15,0.13
46.408,0,0.031,0.21,-0.03,-0.98,198.55,24.12,3.99,0.01,0,0.01,3.85,0.31,-0.15,0.61,-0.41,0.07,0.92
46.41,7,-0.7,-0.2,-0.67,-0.15,96.97,61.14,86.81,0.01,-0,0.02,0,0.15,-0.15,-0.31,-0.89,0.49,0.03
46.415,2,-0.494,0.14,-0.82,0.25,240,47.57,-124.86,0.01,0.01,0.01,3.87,-0.31,0.92,1.37,-0.75,-0.56,-0.37
46.417,1,0.177,-0,-0.01,0.98,173.71,-0.11,-0.64,0,0,0,3.84,0.15,-0.76,-0.15,0,-0.01,1
46.433,5,-0.287,0.04,-0.95,-0.07,196.85,33.65,172.59,0.02,0,0,3.79,-0.46,0,0.92,-0.57,0.11,-0.81
46.434,3,-0.466,0.07,-0.87,-0.16,191.43,56.33,157.15,0.01,-0,0.01,3.73,0.61,-0.76,1.07,-0.84,0.21,-0.51
46.491,4,-0.297,0.16,-0.94,-0.04,213.82,34.82,-178.23,0.01,0.01,0,3.72,0.46,0.15,0.31,-0.57,-0.02,-0.82
46.492,6,0.746,-0.03,0.66,-0.08,319.73,78.73,-50.25,-0,-0,0,3.74,0.31,0.15,-0.15,-0.98,-0.15,0.12
46.496,0,0.031,0.21,-0.03,-0.98,198.55,24.12,4.01,0,0,0.01,3.85,0,0.61,-0.31,-0.41,0.07,0.92
46.498,7,-0.7,-0.2,-0.67,-0.15,96.83,61.11,86.72,0,0,0.02,0,0,0,-0.15,-0.89,0.49,0.03
46.502,2,-0.494,0.14,-0.82,0.25,239.9,47.54,-124.99,0.01,0.01,0.01,3.87,0,0.61,0.92,-0.75,-0.57,-0.38
46.503,1,0.176,0,-0.01,0.98,173.73,-0.27,-0.59,-0,-0,0,3.84,0.31,-0.46,0,0.01,-0.01,1
46.541,5,-0.287,0.04,-0.95,-0.07,196.98,33.65,172.74,0.02,-0.01,0.01,3.79,0.15,0.31,0.31,-0.57,0.11,-0.82
46.543,3,-0.466,0.07,-0.87,-0.16,191.52,56.24,157.19,-0.01,0,0,3.73,-0.61,0.31,-0.31,-0.83,0.21,-0.52
46.594,4,-0.296,0.16,-0.94,-0.04,213.65,34.73,-178.39,0,0,0.01,3.72,0.15,-0.31,1.37,-0.58,-0.03,-0.83
46.596,6,0.746,-0.03,0.66,-0.08,319.75,78.75,-50.12,-0.01,0.01,0.01,3.74,0,0,0,-0.99,-0.16,0.12
46.599,0,0.032,0.21,-0.03,-0.98,198.66,24.15,4.09,-0,0,0.01,3.85,-0.15,-0.46,0.15,-0.41,0.07,0.92
46.601,7,-0.701,-0.2,-0.67,-0.15,96.72,61.15,86.5,-0,-0,0.01,0,-0.15,0,-0.31,-0.89,0.49,0.03
46.605,2,-0.494,0.14,-0.82,0.25,239.78,47.6,-125.13,0.02,0,0.02,3.87,-2.14,0.46,-0.15,-0.76,-0.56,-0.37
46.607,1,0.176,0,-0.01,0.98,173.74,-0.39,-0.55,-0.01,-0,0,3.84,0.15,0,0.15,0.01,-0.01,1
46.63,5,-0.287,0.04,-0.95,-0.07,196.95,33.65,172.69,0.02,-0,0.01,3.79,-0.61,-0.31,-0.15,-0.58,0.11,-0.82
46.631,3,-0.465,0.07,-0.87,-0.16,191.38,56.17,157.09,-0.01,0.02,0,3.73,-0.76,-0.15,0.15,-0.84,0.21,-0.52
46.687,4,-0.297,0.16,-0.94,-0.04,213.35,34.86,-178.42,0.01,-0.01,0,3.72,1.37,-1.53,1.68,-0.58,-0.02,-0.81
46.689,6,0.745,-0.03,0.66,-0.08,319.54,78.78,-50.32,0,0.01,0.01,3.74,-0.15,-0.31,0.61,-0.99,-0.15,0.13
46.693,0,0.032,0.21,-0.03,-0.98,198.68,23.97,4.11,0.01,0,0.01,3.85,0.15,-1.68,-0.46,-0.42,0.06,0.92
46.695,7,-0.701,-0.2,-0.67,-0.15,96.62,61.16,86.37,0,0,0.02,0,0,-0.15,0,-0.89,0.49,0.03
46.698,2,-0.495,0.14,-0.82,0.25,239.83,47.71,-125.15,0,0.01,0,3.87,0.46,0.31,1.07,-0.74,-0.56,-0.39
46.7,1,0.177,0,-0.01,0.98,173.64,-0.39,-0.57,0,0,0,3.84,0,0.15,0,0.01,-0.01,1
46.749,5,-0.288,0.04,-0.95,-0.07,196.92,33.7,172.51,0.02,0,-0,3.79,-0.61,-0.61,1.07,-0.57,0.1,-0.82
46.751,3,-0.464,0.07,-0.87,-0.16,191.46,56.05,157.09,0.01,-0.01,0.01,3.73,0.31,0.61,0,-0.85,0.23,-0.51
46.803,4,-0.297,0.16,-0.94,-0.04,213.39,34.88,-178.53,0.01,0.02,0,3.72,0,-0.15,-0.61,-0.57,-0.04,-0.82
46.805,6,0.745,-0.03,0.66,-0.08,319.56,78.85,-50.26,0,0,0.01,3.74,0,0,0,-0.98,-0.15,0.13
46.809,0,0.032,0.21,-0.03,-0.98,198.65,23.82,4.1,-0,0,0.01,3.85,0,0,1.83,-0.4,0.07,0.92
46.811,7,-0.702,-0.2,-0.67,-0.15,96.56,61.17,86.3,0,0,0.02,0,0,0,0.15,-0.89,0.49,0.04
46.815,2,-0.494,0.14,-0.82,0.25,239.8,47.66,-125.22,0,-0,0.01,3.87,0.31,-1.37,-1.98,-0.75,-0.57,-0.39
46.816,1,0.178,0,-0.01,0.98,173.57,-0.42,-0.59,0,0,-0,3.84,-0.15,-0.31,0,0.01,-0.01,1
46.837,5,-0.288,0.04,-0.95,-0.07,197,33.73,172.57,-0,0,0,3.79,-0.46,-0.15,0,-0.55,0.1,-0.83
46.84,3,-0.464,0.07,-0.87,-0.16,191.43,56.02,157.1,0.01,-0.01,0.01,3.73,-1.07,1.07,-1.98,-0.84,0.23,-0.51
46.898,4,-0.296,0.16,-0.94,-0.04,213.5,34.67,-178.49,-0,-0.01,0.01,3.72,-1.37,0.92,0.31,-0.57,-0,-0.84
46.9,6,0.746,-0.03,0.66,-0.08,319.9,78.82,-49.88,-0,-0,0.01,3.74,0,0,-0.46,-0.99,-0.15,0.12
46.905,0,0.033,0.21,-0.03,-0.98,198.84,23.73,4.19,-0,0,0.01,3.85,0.15,0.31,1.53,-0.4,0.07,0.92
46.907,7,-0.701,-0.2,-0.67,-0.15,96.65,61.14,86.41,0,0,0.02,0,0,0.31,0,-0.89,0.49,0.03
46.913,2,-0.494,0.14,-0.82,0.25,239.88,47.64,-125.19,0,0.01,0,3.87,-0.76,-1.22,-1.53,-0.74,-0.56,-0.39
46.915,1,0.178,0,-0.01,0.98,173.55,-0.53,-0.59,-0,-0,0,3.84,0,-0.31,0,0.01,-0.01,1.01
46.941,5,-0.288,0.04,-0.95,-0.07,197.04,33.79,172.6,0.02,-0,0,3.79,0,0.31,-0.92,-0.57,0.1,-0.82
46.943,3,-0.463,0.07,-0.87,-0.16,191.64,55.96,157.19,0,-0,0.01,3.73,0.15,0.15,-1.83,-0.83,0.21,-0.52
46.999,4,-0.296,0.16,-0.94,-0.04,213.56,34.68,-178.44,-0,-0.01,0.01,3.72,0,0,0.61,-0.58,-0.02,-0.82
47.001,7,-0.702,-0.2,-0.67,-0.15,96.59,61.15,86.33,-0,-0,0.02,0,0,0,0,-0.89,0.49,0.03
47.004,0,0.034,0.21,-0.03,-0.98,198.93,23.73,4.31,0,-0,0,3.85,0.15,0,0,-0.41,0.07,0.91
47.006,6,0.746,-0.03,0.66,-0.08,319.75,78.79,-50.06,-0,0,0,3.74,0,0,-0.15,-0.98,-0.15,0.12
47.012,2,-0.494,0.15,-0.82,0.25,240.02,47.53,-125.12,0.01,-0,0.01,3.87,0.15,0.15,-0.46,-0.75,-0.56,-0.38
47.013,1,0.177,0,-0.01,0.98,173.63,-0.46,-0.58,-0,-0,0,3.84,0,-0.31,-0.15,0.01,-0.01,1
47.034,5,-0.288,0.04,-0.95,-0.07,197.03,33.8,172.5,0.03,0,0.01,3.79,-1.37,1.37,1.07,-0.6,0.08,-0.82
47.036,3,-0.464,0.07,-0.87,-0.16,191.69,56,157.24,-0.01,0,-0.01,3.73,0,-0.76,1.22,-0.82,0.21,-0.52
47.092,4,-0.297,0.16,-0.94,-0.04,213.77,34.77,-178.35,-0,-0,0.01,3.72,0,-0.31,0.46,-0.58,-0.03,-0.82
47.094,6,0.746,-0.03,0.66,-0.08,320.04,78.75,-49.76,0,-0,0,3.74,0,0,0,-0.98,-0.15,0.13
47.097,0,0.034,0.21,-0.03,-0.98,199.01,23.76,4.36,0,-0.01,0.01,3.85,-0.31,0,0.46,-0.41,0.06,0.92
47.099,7,-0.702,-0.2,-0.67,-0.15,96.55,61.23,86.23,0,0,0.01,0,0,0,0.15,-0.89,0.49,0.04
47.103,2,-0.495,0.15,-0.82,0.25,240.02,47.69,-125.01,-0.01,0,0.01,3.87,0.15,-0.15,-0.76,-0.74,-0.55,-0.39
47.104,1,0.177,0,-0.01,0.98,173.64,-0.53,-0.56,-0,0,-0,3.85,0,0,0,0.01,-0.01,1
47.132,5,-0.288,0.04,-0.95,-0.07,196.88,33.74,172.38,-0.01,-0.01,-0.01,3.79,0,-0.31,0.46,-0.54,0.12,-0.82
47.134,3,-0.465,0.07,-0.87,-0.17,191.54,56.09,157.09,0.01,-0.02,0.02,3.73,0.15,0.92,-2.14,-0.85,0.24,-0.51
47.206,4,-0.297,0.16,-0.94,-0.04,213.91,34.76,-178.34,0,0.01,-0,3.72,-0.15,0.76,-0.76,-0.57,-0.03,-0.82
47.208,6,0.746,-0.03,0.66,-0.08,319.76,78.81,-50.01,0,-0,0,3.74,0,0,-0.31,-0.98,-0.15,0.12
47.212,0,0.035,0.21,-0.03,-0.98,199.04,23.8,4.33,-0,0,0.02,3.85,0.15,-0.31,0.92,-0.41,0.07,0.93
47.214,7,-0.702,-0.2,-0.67,-0.15,96.51,61.22,86.19,-0,-0,0.02,0,-0.15,0,0.15,-0.89,0.49,0.03
47.217,2,-0.495,0.15,-0.82,0.25,240.16,47.58,-124.99,0.02,0.01,0.02,3.87,-0.31,0,0.92,-0.75,-0.57,-0.38
47.219,1,0.176,0,-0.01,0.98,173.76,-0.48,-0.53,-0,-0,0,3.85,0,0,0,0.01,-0.01,1
47.241,5,-0.288,0.04,-0.95,-0.07,196.88,33.71,172.36,0.02,0.01,0.01,3.79,-0.61,-0.15,0.15,-0.57,0.09,-0.82
47.242,3,-0.463,0.07,-0.87,-0.16,191.56,55.95,157.18,0,0.03,-0,3.73,-0.76,-0.46,-0.31,-0.84,0.19,-0.52
47.299,4,-0.296,0.16,-0.94,-0.04,213.95,34.66,-178.36,0,-0.01,0,3.72,-0.61,-0.15,0.31,-0.57,-0.01,-0.82
47.301,6,0.746,-0.03,0.66,-0.08,320.21,78.72,-49.58,-0.01,-0,0,3.74,0.15,0,0,-0.98,-0.15,0.12
47.305,0,0.036,0.21,-0.03,-0.98,199.21,23.71,4.45,-0,0.01,0.01,3.85,-0.15,-0.31,0.15,-0.4,0.08,0.92
47.309,7,-0.701,-0.2,-0.67,-0.15,96.61,61.19,86.35,-0,-0,0.02,0,0,0,0,-0.89,0.49,0.03
47.313,2,-0.496,0.14,-0.82,0.25,240.1,47.76,-124.87,0.01,0.01,0,3.87,1.68,0.76,1.37,-0.75,-0.57,-0.37
47.314,1,0.177,0,-0.01,0.98,173.7,-0.49,-0.55,-0,0,0,3.85,0,-0.31,0,0.02,-0.01,1
47.335,5,-0.288,0.04,-0.95,-0.07,196.82,33.7,172.35,0.02,-0,0,3.79,0.46,0.92,0.76,-0.57,0.11,-0.82
47.337,3,-0.464,0.08,-0.87,-0.16,191.74,56.03,157.24,-0,-0.01,0.01,3.73,0.31,0.31,1.98,-0.83,0.23,-0.52
47.401,4,-0.294,0.16,-0.94,-0.04,213.78,34.56,-178.7,0.01,0.02,0,3.72,-0.46,0.92,-1.53,-0.57,-0.04,-0.82
47.403,6,0.746,-0.03,0.66,-0.08,319.92,78.72,-49.95,-0,0,0,3.74,0.15,0,0,-0.98,-0.15,0.13
47.41,0,0.035,0.21,-0.03,-0.98,199.12,23.74,4.38,0,-0,0,3.85,0.15,0.31,0.31,-0.41,0.07,0.92
47.412,7,-0.701,-0.2,-0.67,-0.15,96.68,61.19,86.45,0,-0,0.02,0,-0.15,-0.15,0,-0.89,0.49,0.03
47.417,2,-0.495,0.15,-0.82,0.25,240.1,47.61,-124.98,-0,0,0,3.87,-3.2,-0.46,-0.15,-0.73,-0.54,-0.39
47.419,1,0.176,0,-0.01,0.98,173.75,-0.45,-0.56,-0,-0,-0,3.85,0.15,-0.46,0,0.01,-0.01,1
47.436,5,-0.288,0.04,-0.95,-0.07,196.73,33.74,172.24,0.01,0.01,0,3.79,-2.75,-0.92,-0.61,-0.57,0.11,-0.83
47.438,3,-0.465,0.07,-0.87,-0.17,191.33,56.09,156.94,0.01,-0.01,0.01,3.73,-0.15,0.92,0,-0.84,0.23,-0.52
47.496,4,-0.295,0.16,-0.94,-0.04,214.15,34.55,-178.18,-0.02,-0.02,-0.01,3.72,2.44,0.76,-5.04,-0.55,0,-0.82
47.498,7,-0.701,-0.2,-0.67,-0.15,96.63,61.2,86.37,0,-0,0.02,0,0,0,-0.46,-0.89,0.49,0.03
47.501,0,0.036,0.21,-0.03,-0.98,199.16,23.91,4.43,0,0,0.01,3.85,0.15,0.15,-0.15,-0.41,0.07,0.92
47.502,6,0.746,-0.03,0.66,-0.08,320.04,78.68,-49.81,-0,0,0.01,3.74,0,0.15,-0.15,-0.99,-0.15,0.13
47.506,5,-0.289,0.04,-0.95,-0.07,196.83,33.82,172.19,0,0.01,0,3.79,2.14,0,-3.36,-0.57,0.12,-0.82
47.508,1,0.178,0,-0.01,0.98,173.53,-0.54,-0.58,-0,-0,0,3.85,0.15,0,0,0.02,-0.01,1.01
47.538,2,-0.495,0.15,-0.82,0.25,240.4,47.55,-124.98,0.02,-0,0,3.87,-0.61,0.92,0.15,-0.75,-0.54,-0.38
47.54,3,-0.464,0.07,-0.87,-0.17,191.43,56.05,156.99,0,-0.02,0.02,3.73,0.46,1.07,-1.98,-0.85,0.23,-0.51
47.612,4,-0.294,0.16,-0.94,-0.04,214.21,34.47,-178.15,0.01,-0.01,0.01,3.72,0,-0.46,-0.15,-0.57,-0.02,-0.82
47.614,6,0.746,-0.03,0.66,-0.08,319.95,78.6,-50,-0,0.01,0.01,3.74,0,0,0,-0.98,-0.16,0.13
47.617,0,0.037,0.21,-0.03,-0.98,199.3,23.93,4.53,0,0,0.01,3.85,0.31,-0.46,-0.31,-0.41,0.07,0.92
47.619,7,-0.701,-0.2,-0.67,-0.15,96.72,61.24,86.48,0,0,0.02,0,0,0,0,-0.89,0.49,0.03
47.622,5,-0.288,0.04,-0.95,-0.07,196.81,33.72,172.18,0.01,0.01,-0,3.79,-0.76,0.31,1.37,-0.56,0.1,-0.82
47.624,1,0.178,0,-0.01,0.98,173.54,-0.49,-0.57,-0.01,0,0,3.85,0,0.15,0,0.01,-0.01,1
47.646,2,-0.494,0.15,-0.82,0.25,240.33,47.45,-125.08,-0,-0.02,-0.02,3.87,0.15,-1.37,0,-0.73,-0.53,-0.39
47.648,3,-0.464,0.07,-0.87,-0.16,191.69,56.08,157.23,0,0.01,0.01,3.73,-0.61,0,-0.61,-0.83,0.22,-0.52
47.704,4,-0.296,0.16,-0.94,-0.04,214.22,34.6,-178.06,0.01,-0.01,0,3.72,0.46,0.31,-2.75,-0.59,-0.03,-0.82
47.706,6,0.746,-0.03,0.66,-0.08,319.98,78.58,-50,-0,0,0.01,3.74,-0.15,0,0.31,-0.99,-0.15,0.13
47.71,0,0.037,0.21,-0.03,-0.98,199.34,23.88,4.57,-0.01,-0,0,3.85,0,-0.31,-0.46,-0.4,0.07,0.92
47.712,7,-0.701,-0.2,-0.67,-0.15,96.76,61.22,86.56,0,0,0.02,0,0,0,0.31,-0.89,0.49,0.04
47.716,2,-0.495,0.15,-0.82,0.25,240.63,47.48,-124.88,-0.01,-0.01,-0.01,3.87,0.15,-0.61,-2.9,-0.73,-0.55,-0.39
47.717,1,0.177,0,-0.01,0.98,173.6,-0.46,-0.56,-0,0,0,3.85,-0.31,0,0,0.01,-0.01,1
47.74,5,-0.287,0.04,-0.95,-0.07,196.78,33.65,172.18,0,0,-0,3.79,-0.46,0,-0.46,-0.55,0.11,-0.82
47.742,3,-0.465,0.07,-0.87,-0.16,191.63,56.1,157.19,0.01,0,0,3.73,0.31,-1.37,1.07,-0.84,0.21,-0.51
47.809,4,-0.295,0.16,-0.94,-0.04,214.47,34.57,-177.99,-0.01,0.01,0,3.72,-0.61,0.92,-0.76,-0.56,-0.04,-0.83
47.811,6,0.746,-0.03,0.66,-0.08,320.11,78.61,-49.9,-0,-0.01,0,3.74,0,0,0,-0.98,-0.15,0.12
47.815,0,0.037,0.21,-0.03,-0.98,199.34,23.93,4.57,-0.01,0,0.01,3.85,0.15,0.31,1.07,-0.4,0.08,0.92
47.816,7,-0.701,-0.2,-0.67,-0.15,96.72,61.21,86.5,-0,0,0.02,0,-0.31,0,0.31,-0.89,0.49,0.03
47.82,2,-0.495,0.15,-0.82,0.25,240.81,47.31,-124.83,0.01,-0,0,3.87,-0.92,-0.46,-0.15,-0.74,-0.55,-0.39
47.821,1,0.177,0,-0.01,0.98,173.69,-0.56,-0.52,-0,-0,0,3.85,0,0.15,0.15,0.01,-0.01,1
47.843,5,-0.287,0.04,-0.95,-0.07,196.82,33.67,172.1,0.02,0,-0,3.79,-1.37,-0.46,-0.61,-0.57,0.11,-0.81
47.845,3,-0.465,0.07,-0.87,-0.16,191.62,56.13,157.17,0.01,0,0,3.73,-0.46,-0.76,0,-0.84,0.22,-0.51
47.903,4,-0.294,0.16,-0.94,-0.04,214.45,34.45,-177.93,0,-0.02,-0,3.72,-0.31,0.61,-0.15,-0.57,-0.01,-0.82
47.905,6,0.746,-0.03,0.66,-0.08,320.15,78.66,-49.83,-0,-0,0,3.74,0,0,0.15,-0.99,-0.15,0.13
47.909,0,0.037,0.21,-0.03,-0.98,199.31,23.91,4.58,-0,0.01,0.01,3.85,0,-0.15,0.31,-0.4,0.08,0.92
47.911,7,-0.701,-0.2,-0.67,-0.15,96.72,61.21,86.4,0,-0,0.02,0,0,-0.15,-0.31,-0.89,0.49,0.03
47.915,2,-0.494,0.15,-0.82,0.25,240.64,47.34,-124.95,0,0.01,0,3.87,0.46,0.31,0.76,-0.73,-0.56,-0.38
47.916,1,0.176,0,-0.01,0.98,173.77,-0.52,-0.52,0,0,0,3.85,0,-0.15,0,0.01,-0.01,1
47.942,5,-0.288,0.04,-0.95,-0.07,196.93,33.75,172.21,0.02,0,0,3.79,0.46,0.46,-0.15,-0.56,0.1,-0.82
47.944,3,-0.464,0.07,-0.87,-0.17,191.53,56.06,157.08,0.01,-0.02,0.02,3.73,0.31,0.76,0,-0.84,0.24,-0.51
48,4,-0.294,0.16,-0.94,-0.04,214.53,34.42,-177.99,-0.01,0.01,0,3.72,-0.15,0.31,0,-0.56,-0.04,-0.82
48.002,6,0.746,-0.03,0.66,-0.08,320.08,78.71,-49.83,-0,-0,0.01,3.74,0.15,0.15,0,-0.99,-0.15,0.12
48.005,0,0.037,0.21,-0.03,-0.98,199.35,24.01,4.65,-0,0.01,0.01,3.85,-0.15,0.31,-0.92,-0.41,0.08,0.92
48.007,7,-0.701,-0.2,-0.67,-0.15,96.7,61.22,86.42,0,0,0.02,0,0.15,0,-0.15,-0.89,0.49,0.03
48.012,2,-0.494,0.15,-0.82,0.25,240.6,47.35,-124.9,0.01,-0.01,0.01,3.87,0.31,-0.61,0.61,-0.75,-0.55,-0.38
48.013,1,0.177,0,-0.01,0.98,173.68,-0.6,-0.53,-0,0,0,3.85,0,-0.15,0,0.01,-0.01,1
48.049,5,-0.287,0.04,-0.95,-0.07,196.88,33.68,172.24,0.01,0.01,0.01,3.79,0.31,0,0.61,-0.57,0.11,-0.82
48.051,3,-0.464,0.07,-0.87,-0.17,191.26,56.03,156.88,0.01,-0.01,0.01,3.73,0.31,0.31,-0.46,-0.84,0.22,-0.51
48.103,4,-0.294,0.17,-0.94,-0.04,214.64,34.38,-177.94,0.01,-0.01,0.01,3.72,-0.15,-0.31,0.92,-0.58,-0.03,-0.83
48.105,6,0.746,-0.03,0.66,-0.08,319.8,78.71,-50.13,-0,0,0.01,3.74,-0.15,0,0.46,-0.99,-0.15,0.12
48.109,0,0.036,0.21,-0.03,-0.98,199.2,24.14,4.56,0,-0,0.01,3.85,0,0,-0.15,-0.41,0.07,0.91
48.111,7,-0.701,-0.2,-0.67,-0.15,96.71,61.22,86.44,0,-0,0.02,0,0,0,0,-0.89,0.49,0.03
48.115,2,-0.495,0.15,-0.82,0.25,240.69,47.42,-124.78,-0,0,0,3.87,0,-0.15,0.15,-0.74,-0.56,-0.38
48.117,1,0.177,0,-0.01,0.98,173.7,-0.64,-0.51,-0,0,0,3.85,0,0.15,0,0.01,-0.01,1
48.145,5,-0.288,0.04,-0.95,-0.07,196.94,33.71,172.34,0.01,0,0,3.79,0,-0.15,0.31,-0.57,0.11,-0.82
48.147,3,-0.465,0.07,-0.87,-0.17,191.29,56.16,156.86,0.01,-0.02,0.01,3.73,0.92,-2.9,0.61,-0.85,0.23,-0.51
48.219,4,-0.295,0.16,-0.94,-0.04,214.51,34.53,-177.98,-0.02,0,0.01,3.72,0.46,-0.46,0.31,-0.58,-0.04,-0.83
48.221,6,0.745,-0.03,0.66,-0.08,319.53,78.78,-50.38,-0,0,0,3.74,-0.31,0,0,-0.98,-0.15,0.13
48.225,0,0.035,0.21,-0.03,-0.98,199.17,24.1,4.52,-0,-0,0.01,3.85,0,-0.31,-0.15,-0.41,0.07,0.92
48.226,7,-0.701,-0.2,-0.67,-0.15,96.68,61.19,86.39,0,-0,0.02,0,-0.15,0,0,-0.89,0.49,0.03
48.231,2,-0.495,0.15,-0.82,0.25,240.49,47.46,-124.92,0.01,-0,0,3.87,1.07,0.61,0.76,-0.75,-0.56,-0.38
48.232,1,0.177,0.01,-0.01,0.98,173.68,-0.72,-0.49,0,-0,-0,3.85,0,0,0.15,0.01,-0.01,1
48.242,5,-0.288,0.04,-0.95,-0.07,196.83,33.73,172.28,0.01,0,-0.01,3.79,-0.61,0,1.83,-0.56,0.11,-0.81
48.244,3,-0.467,0.07,-0.87,-0.17,190.96,56.29,156.69,-0.01,0.03,-0.01,3.73,-1.37,-0.92,-0.15,-0.82,0.2,-0.52
48.305,4,-0.295,0.16,-0.94,-0.04,214.51,34.54,-177.97,0.02,0.01,0.01,3.72,-0.15,-0.15,0.76,-0.58,-0.04,-0.82
48.307,6,0.746,-0.03,0.66,-0.08,319.66,78.74,-50.29,-0,0,0.01,3.74,0.15,0,0,-0.99,-0.15,0.12
48.312,0,0.036,0.21,-0.03,-0.98,199.23,24.05,4.55,-0.01,0,0,3.85,-0.15,0,0,-0.4,0.08,0.92
48.313,7,-0.701,-0.2,-0.67,-0.15,96.64,61.14,86.41,-0,-0,0.02,0,0,0,0,-0.89,0.49,0.03
48.318,2,-0.495,0.15,-0.82,0.25,240.39,47.47,-124.94,0.01,0.01,0.01,3.87,0.92,1.22,0.92,-0.74,-0.57,-0.38
48.32,1,0.177,0.01,-0.01,0.98,173.65,-0.7,-0.51,-0,0,-0,3.85,-0.15,-0.15,0,0.01,-0.01,1
48.345,5,-0.288,0.04,-0.95,-0.07,196.7,33.77,172.18,-0,0.01,-0.01,3.79,0,0,1.07,-0.55,0.11,-0.82
48.347,3,-0.467,0.07,-0.87,-0.17,190.85,56.27,156.57,-0.01,-0,0.01,3.73,0.61,-0.15,1.53,-0.84,0.23,-0.51
48.404,4,-0.294,0.16,-0.94,-0.04,214.39,34.49,-178.12,0,0,0,3.72,-0.31,0,0.46,-0.57,-0.03,-0.82
48.406,6,0.745,-0.03,0.66,-0.08,319.55,78.81,-50.3,-0,0,0.01,3.74,0,0,0,-0.99,-0.15,0.12
48.412,0,0.036,0.21,-0.03,-0.98,199.21,23.98,4.51,0,0,0.01,3.85,0.15,0.46,1.22,-0.41,0.08,0.92
48.414,7,-0.701,-0.2,-0.67,-0.15,96.62,61.11,86.46,0,0,0.02,0,0.15,-0.15,0,-0.89,0.49,0.04
48.419,5,-0.288,0.04,-0.95,-0.07,196.65,33.75,172.13,0.03,0.01,0.01,3.79,-1.83,0,2.44,-0.58,0.1,-0.81
48.42,1,0.177,0.01,-0.01,0.98,173.72,-0.71,-0.49,0,-0,0,3.85,-0.15,0.31,0,0.01,-0.01,1
48.446,2,-0.494,0.15,-0.82,0.25,240.39,47.33,-124.91,0.01,0.01,0.02,3.87,-0.76,1.37,-0.46,-0.75,-0.56,-0.38
48.448,3,-0.467,0.07,-0.87,-0.17,190.7,56.3,156.49,0.01,0,0.01,3.73,0.15,0.61,0.31,-0.85,0.22,-0.51
48.52,4,-0.294,0.16,-0.94,-0.04,214.37,34.47,-178.05,0.02,-0.01,0,3.72,0.31,0.61,-0.31,-0.58,-0.02,-0.81
48.522,6,0.745,-0.03,0.66,-0.08,319.36,78.81,-50.56,0,-0,0.01,3.74,0,0,0,-0.99,-0.15,0.12
48.529,0,0.037,0.21,-0.03,-0.98,199.32,24.04,4.58,0,0,0.01,3.85,-0.31,0,0,-0.41,0.07,0.92
48.53,7,-0.701,-0.2,-0.67,-0.15,96.66,61.09,86.57,0,0.01,0.02,0,0,0,0,-0.9,0.49,0.03
48.535,5,-0.288,0.04,-0.95,-0.07,196.56,33.72,172.12,0.01,-0,0.01,3.79,1.53,0.15,-0.92,-0.57,0.13,-0.83
48.537,1,0.177,0.01,-0.01,0.98,173.63,-0.81,-0.5,0,0,0,3.85,0,0,0,0.01,-0.01,1
48.555,2,-0.494,0.15,-0.82,0.25,240.43,47.27,-124.85,0.01,0,0.01,3.87,2.44,0.61,4.73,-0.75,-0.56,-0.38
48.557,3,-0.467,0.07,-0.87,-0.17,190.77,56.35,156.54,0,-0.01,0.01,3.73,-0.31,0.31,0,-0.84,0.23,-0.51
48.605,4,-0.295,0.16,-0.94,-0.04,214.16,34.51,-178.25,-0.01,-0.01,0.01,3.72,-1.07,-1.07,3.51,-0.56,-0.02,-0.84
48.607,6,0.745,-0.03,0.66,-0.08,319.18,78.83,-50.76,0,0,0,3.74,0,-0.15,0,-0.99,-0.15,0.12
48.612,0,0.036,0.21,-0.03,-0.98,199.3,24.02,4.57,-0,-0,0.01,3.85,-0.61,-0.15,-1.37,-0.4,0.06,0.92
48.614,7,-0.701,-0.2,-0.67,-0.15,96.56,61.05,86.48,0,-0,0.02,0,0,0,0,-0.89,0.49,0.03
48.617,5,-0.287,0.04,-0.95,-0.07,196.59,33.67,172.21,0,-0,-0.01,3.79,0,0,-0.15,-0.56,0.12,-0.82
48.619,1,0.177,0.01,-0.01,0.98,173.61,-0.7,-0.55,0,0,0,3.85,0,0,0,0.01,-0.01,1
48.655,2,-0.494,0.14,-0.82,0.25,239.75,47.71,-125.08,-0.01,-0,-0,3.87,1.22,-0.31,3.36,-0.73,-0.54,-0.4
48.657,3,-0.467,0.07,-0.87,-0.17,190.99,56.35,156.67,0,0,0,3.73,-0.46,-0.46,0.46,-0.84,0.22,-0.51
48.711,4,-0.295,0.16,-0.94,-0.04,213.99,34.53,-178.36,0,0.01,-0,3.72,0.76,0,0.15,-0.57,-0.03,-0.82
48.713,6,0.745,-0.03,0.66,-0.08,319.28,78.87,-50.61,-0,-0,0,3.74,0,0,-0.15,-0.99,-0.15,0.12
48.717,0,0.036,0.21,-0.03,-0.98,199.18,24.09,4.45,-0,-0.01,0,3.85,-0.31,0,-0.61,-0.41,0.07,0.92
48.718,7,-0.701,-0.2,-0.67,-0.15,96.53,61,86.58,0,-0,0.02,0,0.15,0,0,-0.89,0.49,0.03
48.722,5,-0.288,0.04,-0.95,-0.07,196.5,33.69,172.17,0.01,-0,-0,3.79,0.15,0,-0.46,-0.56,0.11,-0.82
48.723,1,0.177,0,-0.01,0.98,173.63,-0.62,-0.55,-0,-0,0,3.85,0,0.46,-0.15,0.01,-0.01,1
48.749,2,-0.495,0.14,-0.82,0.25,239.75,47.81,-125.14,0,-0.01,0,3.87,-0.61,-0.92,-1.07,-0.75,-0.54,-0.39
48.751,3,-0.467,0.07,-0.87,-0.17,191.12,56.36,156.7,-0,0.01,0,3.73,-0.76,0.31,-1.53,-0.83,0.21,-0.52
48.809,4,-0.295,0.16,-0.94,-0.04,214.23,34.51,-178.1,0,-0,-0,3.72,0,0.92,-1.53,-0.56,-0.02,-0.82
48.811,6,0.745,-0.03,0.66,-0.08,319.46,78.83,-50.43,0,0,0,3.74,-0.15,-0.15,0.15,-0.98,-0.15,0.12
48.814,0,0.037,0.21,-0.03,-0.98,199.34,24.04,4.49,-0,-0,0.01,3.85,0,0,0.61,-0.4,0.07,0.92
48.816,7,-0.701,-0.2,-0.67,-0.15,96.51,61.07,86.5,0,0,0.02,0,0,-0.15,0,-0.89,0.49,0.03
48.819,2,-0.495,0.14,-0.82,0.25,239.78,47.84,-125.12,0.02,0.01,0,3.87,-0.15,1.37,-0.76,-0.75,-0.56,-0.38
48.821,1,0.177,0,-0.01,0.98,173.68,-0.63,-0.5,0,-0,0,3.85,0,0.15,0,0.01,-0.01,1
48.851,5,-0.287,0.04,-0.95,-0.07,196.53,33.65,172.21,0,0,-0.01,3.79,0.15,-0.15,0.76,-0.55,0.11,-0.82
48.853,3,-0.467,0.07,-0.87,-0.17,190.94,56.34,156.55,-0,0,0.01,3.73,0.31,-0.76,-0.92,-0.84,0.21,-0.52
48.91,4,-0.295,0.16,-0.94,-0.04,214.27,34.54,-178.12,0.01,0.01,0.01,3.72,0.15,-0.15,0.15,-0.57,-0.03,-0.82
48.912,6,0.745,-0.03,0.66,-0.08,319.32,78.82,-50.62,0,0,0.01,3.74,0,0,0.15,-0.99,-0.15,0.13
48.916,0,0.037,0.21,-0.03,-0.98,199.34,24.06,4.48,0,0,0.02,3.85,0.15,0.31,0,-0.41,0.07,0.93
48.917,7,-0.702,-0.2,-0.67,-0.15,96.4,61.1,86.44,0,0.01,0.02,0,0.15,0,0,-0.89,0.49,0.03
48.921,2,-0.495,0.14,-0.82,0.25,239.87,47.77,-125.07,0.01,0.01,0.01,3.87,0,0.46,-0.92,-0.75,-0.56,-0.38
48.922,1,0.176,0,-0.01,0.98,173.74,-0.56,-0.49,0,0,0,3.85,0,0.15,0,0.01,-0.01,1
48.95,5,-0.287,0.04,-0.95,-0.07,196.5,33.66,172.28,0.03,-0.01,0.01,3.79,-0.31,0.61,0.61,-0.58,0.11,-0.82
48.952,3,-0.467,0.07,-0.87,-0.17,191.07,56.38,156.65,0.01,0,0.01,3.73,0,-0.15,0.31,-0.85,0.22,-0.51
49.023,4,-0.295,0.16,-0.94,-0.04,214.38,34.54,-178.05,-0,0.01,0.01,3.72,0,-0.31,0.46,-0.57,-0.04,-0.83
49.026,6,0.745,-0.03,0.66,-0.08,319.42,78.81,-50.5,-0,0,0,3.74,-0.15,0,0,-0.98,-0.15,0.13
49.03,0,0.036,0.21,-0.03,-0.98,199.19,24.17,4.41,-0,-0.01,0.01,3.85,0.15,0.31,-0.46,-0.42,0.06,0.92
49.032,7,-0.702,-0.2,-0.67,-0.15,96.28,61.07,86.31,-0,0,0.02,0,0,0,0.15,-0.89,0.49,0.03
49.036,5,-0.287,0.04,-0.95,-0.07,196.51,33.58,172.33,0.02,-0.01,0.01,3.79,0.46,0.76,0.31,-0.57,0.12,-0.82
49.037,1,0.176,0,-0.01,0.98,173.73,-0.4,-0.56,-0.01,0,0,3.85,0,0.15,0.15,0.01,-0.01,1
49.057,2,-0.495,0.14,-0.82,0.25,239.85,47.7,-125.11,0.02,0.01,0.02,3.87,-1.37,0.61,-2.29,-0.75,-0.58,-0.38
49.059,3,-0.468,0.07,-0.87,-0.17,190.74,56.42,156.48,0,-0,0.01,3.73,0,-0.31,0.61,-0.84,0.22,-0.51
49.123,4,-0.295,0.16,-0.94,-0.04,214.34,34.53,-178.1,-0,0,0,3.72,0,-0.31,0,-0.57,-0.02,-0.82
49.125,6,0.746,-0.03,0.66,-0.08,319.65,78.76,-50.31,-0,-0,0,3.74,0,0,0,-0.98,-0.15,0.12
49.131,0,0.036,0.21,-0.03,-0.98,199.25,24.14,4.45,0,0.01,0,3.85,-0.15,-0.31,-0.15,-0.42,0.07,0.91
49.132,7,-0.702,-0.2,-0.67,-0.15,96.36,61.08,86.36,0,0,0.02,0,0,0,0.15,-0.89,0.49,0.03
49.136,5,-0.286,0.04,-0.95,-0.07,196.62,33.54,172.36,0.01,0.01,-0,3.79,0.46,0,0,-0.56,0.09,-0.82
49.138,1,0.177,0,-0.01,0.98,173.64,-0.38,-0.61,-0,0,0,3.85,0,0.15,0,0.01,-0.01,1
49.157,2,-0.495,0.14,-0.82,0.25,239.97,47.64,-125.03,0,0,0,3.87,0,-0.15,-0.76,-0.74,-0.55,-0.38
49.159,3,-0.468,0.07,-0.87,-0.17,190.64,56.41,156.45,-0,0,0.01,3.73,0,-0.92,2.75,-0.85,0.23,-0.51
49.23,4,-0.295,0.16,-0.94,-0.04,214.35,34.57,-178.1,0,0,0,3.72,-0.15,0,-0.31,-0.57,-0.03,-0.83
49.231,6,0.746,-0.03,0.66,-0.08,319.86,78.78,-50.08,-0,-0,0,3.74,0,0,-0.15,-0.99,-0.15,0.12
49.235,0,0.036,0.21,-0.03,-0.98,199.18,24.18,4.44,-0,0.01,0,3.85,0,-0.61,-0.15,-0.41,0.07,0.92
49.236,7,-0.702,-0.2,-0.67,-0.15,96.3,61.07,86.32,0,0,0.02,0,0,0,0.15,-0.89,0.49,0.03
49.24,5,-0.287,0.04,-0.95,-0.07,196.64,33.64,172.42,0.01,0,-0,3.79,-0.31,-0.61,-0.15,-0.56,0.1,-0.83
49.242,1,0.176,0,-0.01,0.98,173.75,-0.22,-0.64,-0.01,-0,0,3.85,0,0.15,0,0.01,-0.01,1
49.262,2,-0.494,0.15,-0.82,0.25,240,47.6,-124.98,0,0.02,0.01,3.87,-0.46,0.31,1.22,-0.73,-0.56,-0.38
49.264,3,-0.469,0.07,-0.86,-0.17,190.59,56.5,156.39,0,-0.01,0.01,3.73,0.31,0.31,0.31,-0.84,0.23,-0.51
49.324,4,-0.295,0.16,-0.94,-0.04,214.36,34.6,-178.09,-0.01,-0.01,0,3.72,0.15,0,-0.92,-0.56,-0.02,-0.83
49.326,6,0.746,-0.03,0.66,-0.08,319.89,78.81,-49.97,-0,0,0,3.74,0.15,0,0,-0.99,-0.15,0.13
49.332,0,0.036,0.21,-0.03,-0.98,199.27,24.12,4.49,-0.01,0,0.01,3.85,0,-0.46,-0.31,-0.41,0.07,0.92
49.333,7,-0.702,-0.2,-0.67,-0.15,96.3,61.09,86.28,-0,0,0.02,0,0,0,0,-0.89,0.49,0.03
49.337,2,-0.495,0.15,-0.82,0.25,240.06,47.61,-124.89,0,0.01,-0,3.87,-0.15,0.15,0.92,-0.73,-0.56,-0.38
49.339,1,0.176,0,-0.01,0.98,173.72,-0.18,-0.66,-0,-0,0,3.85,0,0.15,0,0.01,-0.01,1
49.356,5,-0.287,0.04,-0.95,-0.07,196.59,33.66,172.43,0,-0,0,3.79,0,-0.61,-0.92,-0.56,0.12,-0.82
49.358,3,-0.468,0.07,-0.86,-0.17,190.76,56.49,156.5,0.01,-0,0.01,3.73,0,1.37,-1.07,-0.84,0.22,-0.51
49.415,4,-0.295,0.16,-0.94,-0.04,214.33,34.59,-178.11,-0,-0,0.01,3.72,0.61,-0.31,0.31,-0.57,-0.02,-0.82
49.417,6,0.746,-0.03,0.66,-0.08,320.16,78.72,-49.75,-0,0,0,3.74,0,0,0,-0.98,-0.15,0.13
49.421,0,0.036,0.21,-0.03,-0.98,199.23,24.06,4.47,0,-0,0.02,3.85,0,-0.31,-0.46,-0.41,0.07,0.92
49.422,7,-0.702,-0.2,-0.67,-0.15,96.32,61.09,86.33,0,0,0.02,0,0,0,0,-0.89,0.49,0.03
49.426,2,-0.495,0.15,-0.82,0.25,240.07,47.58,-124.92,0.01,0,0.01,3.87,0.92,0.31,1.22,-0.75,-0.56,-0.38
49.428,1,0.176,0,-0.01,0.98,173.72,-0.14,-0.67,-0,-0,0,3.85,0.15,-0.15,0,0.01,-0.01,1
49.457,5,-0.287,0.04,-0.95,-0.07,196.58,33.66,172.47,0.01,-0.01,0,3.79,0.31,0.31,0,-0.56,0.11,-0.82
49.459,3,-0.468,0.07,-0.87,-0.17,190.88,56.44,156.58,0.01,0,0.01,3.73,-0.15,0,-0.76,-0.84,0.21,-0.51
49.531,4,-0.296,0.16,-0.94,-0.04,214.3,34.65,-178.16,0,0.02,0.01,3.72,0,-0.46,1.37,-0.58,-0.05,-0.83
49.533,6,0.746,-0.03,0.66,-0.08,320.17,78.71,-49.76,-0,-0,0,3.74,0,0,0,-0.99,-0.15,0.12
49.536,0,0.035,0.21,-0.03,-0.98,199.09,24.03,4.37,-0,-0,0,3.85,0,0,0,-0.41,0.07,0.92
49.538,7,-0.703,-0.2,-0.67,-0.15,96.12,61.09,86.07,-0,-0,0.02,0,0,0,0,-0.89,0.5,0.03
49.541,2,-0.495,0.14,-0.82,0.25,240.11,47.68,-124.83,0.01,-0,0,3.87,0.15,0,0.46,-0.74,-0.55,-0.38
49.544,1,0.176,0,-0.01,0.98,173.77,-0.16,-0.65,-0,0,0,3.85,0.15,-0.15,0,0.01,-0.01,1
49.565,5,-0.288,0.04,-0.95,-0.07,196.52,33.73,172.45,0.01,-0,-0.01,3.79,0,0.15,0,-0.56,0.1,-0.81
49.567,3,-0.468,0.07,-0.86,-0.17,190.99,56.51,156.65,-0.01,0.01,-0,3.73,-0.15,-0.15,-0.92,-0.83,0.21,-0.52
49.625,4,-0.295,0.16,-0.94,-0.04,214.33,34.57,-178.19,0.01,0,0.01,3.72,-0.15,0,0.31,-0.58,-0.03,-0.82
49.627,6,0.746,-0.03,0.66,-0.08,319.87,78.74,-50.07,-0,0,0,3.74,0,0.15,0,-0.98,-0.15,0.13
49.631,0,0.035,0.21,-0.03,-0.98,199.12,24.08,4.35,-0,0,0.01,3.85,0,0.46,0,-0.41,0.07,0.92
49.633,7,-0.702,-0.2,-0.67,-0.15,96.2,61.11,86.15,0,-0,0.02,0,0.15,0,-0.15,-0.89,0.49,0.03
49.637,2,-0.495,0.14,-0.82,0.25,239.96,47.74,-124.9,0,-0,-0,3.87,0.46,0.46,0.46,-0.74,-0.55,-0.38
49.638,1,0.177,0,-0.01,0.98,173.64,-0.24,-0.67,-0,0,0,3.85,0,0,0,0.01,-0.01,1
49.66,5,-0.288,0.04,-0.95,-0.07,196.58,33.71,172.46,0,-0,-0,3.79,-0.76,0,0.61,-0.55,0.11,-0.82
49.662,3,-0.469,0.07,-0.86,-0.17,190.91,56.55,156.61,0.01,0.01,0.01,3.73,-0.76,0.15,0,-0.85,0.21,-0.51
49.731,4,-0.295,0.16,-0.94,-0.04,214.23,34.52,-178.29,0.01,0,-0,3.72,-0.31,0.46,-0.15,-0.57,-0.03,-0.82
49.733,6,0.746,-0.03,0.66,-0.08,320.04,78.67,-49.97,-0,0,0,3.74,0,-0.15,0,-0.98,-0.15,0.12
49.736,0,0.035,0.21,-0.03,-0.98,199.14,24.1,4.35,0,-0,0.01,3.85,0.15,0.15,0.61,-0.41,0.07,0.92
49.738,7,-0.702,-0.2,-0.67,-0.15,96.17,61.13,86.11,-0,-0,0.02,0,-0.15,0,0,-0.89,0.49,0.03
49.741,2,-0.496,0.14,-0.82,0.25,240.03,47.76,-124.85,0.01,0,0,3.87,0,0.31,0.61,-0.75,-0.56,-0.38
49.743,1,0.176,0,-0.01,0.98,173.74,-0.38,-0.58,-0,0,0,3.85,0,-0.31,0,0.01,-0.01,1
49.765,5,-0.287,0.04,-0.95,-0.07,196.62,33.67,172.42,0.02,0,0,3.79,0,0,-0.31,-0.57,0.1,-0.82
49.767,3,-0.468,0.07,-0.87,-0.17,191.01,56.48,156.67,-0.01,0,0.01,3.73,0.31,0,0.46,-0.83,0.22,-0.52
49.823,4,-0.294,0.16,-0.94,-0.04,214.18,34.48,-178.37,-0,-0,0,3.72,0,-0.15,0.31,-0.56,-0.02,-0.83
49.825,6,0.746,-0.03,0.66,-0.08,319.94,78.71,-50.04,0,-0,0,3.74,0,0,-0.15,-0.99,-0.15,0.13
49.83,0,0.035,0.21,-0.03,-0.98,199.03,24.08,4.29,0,0.01,0.01,3.85,0.15,0,0.15,-0.41,0.07,0.92
49.832,7,-0.702,-0.2,-0.67,-0.15,96.27,61.2,86.14,0,0,0.02,0,0.15,0,0,-0.89,0.49,0.03
49.838,5,-0.287,0.04,-0.95,-0.07,196.73,33.67,172.47,0.01,-0,-0,3.79,0,0.31,0,-0.56,0.11,-0.82
49.839,1,0.175,0,-0.01,0.98,173.85,-0.49,-0.51,0,-0,-0,3.85,0,-0.15,-0.15,0.01,-0.01,1
49.861,2,-0.495,0.14,-0.82,0.25,239.91,47.74,-124.98,0,0,0,3.87,-1.07,-0.15,0,-0.74,-0.56,-0.38
49.863,3,-0.468,0.07,-0.87,-0.17,190.98,56.48,156.68,0.01,0,0.01,3.73,0,-0.15,-1.07,-0.85,0.22,-0.51
49.932,4,-0.293,0.16,-0.94,-0.04,214.3,34.36,-178.3,-0.01,0,0,3.72,0.76,-0.15,-0.61,-0.56,-0.03,-0.84
49.934,6,0.746,-0.03,0.66,-0.08,319.83,78.74,-50.15,-0,-0,0,3.74,0,0,-0.15,-0.98,-0.15,0.12
49.937,0,0.035,0.21,-0.03,-0.98,199.04,24.14,4.33,0,0,0.01,3.85,0.15,0.31,-0.61,-0.42,0.07,0.92
49.939,7,-0.702,-0.2,-0.67,-0.15,96.45,61.2,86.32,0,0,0.02,0,-0.15,0,0,-0.89,0.49,0.03
49.943,5,-0.287,0.04,-0.95,-0.07,196.61,33.67,172.38,0.01,-0,-0,3.79,0.15,0,-0.76,-0.56,0.11,-0.82
49.944,1,0.175,0,-0,0.98,173.88,-0.61,-0.47,0,-0,0,3.85,0,0,0.15,0.01,-0.01,1
49.966,2,-0.495,0.14,-0.82,0.25,239.76,47.81,-125.18,0.01,0,0.01,3.87,0,0,0.46,-0.75,-0.55,-0.38
49.968,3,-0.468,0.07,-0.86,-0.17,191.13,56.51,156.79,0,0,0.01,3.73,0.31,0.61,0.46,-0.84,0.22,-0.51
50.023,4,-0.295,0.16,-0.94,-0.04,214.22,34.53,-178.27,-0.01,-0,0,3.72,-0.31,-0.61,0.92,-0.56,-0.02,-0.83
50.025,6,0.746,-0.03,0.66,-0.08,320.1,78.75,-49.78,-0,0,0,3.74,0,0,0.15,-0.99,-0.15,0.13
50.029,0,0.034,0.21,-0.03,-0.98,199.01,24.24,4.35,-0,0,0.01,3.85,0,-0.15,-0.31,-0.41,0.07,0.92
50.031,7,-0.702,-0.2,-0.67,-0.15,96.36,61.19,86.2,-0,-0,0.02,0,0,0,0,-0.89,0.49,0.03
50.035,2,-0.495,0.14,-0.82,0.25,239.82,47.74,-125.12,0,0.01,0,3.87,-0.31,-0.76,-1.53,-0.74,-0.56,-0.38
50.036,1,0.175,0,-0.01,0.98,173.9,-0.52,-0.5,0,0,0,3.85,0,0,0,0.01,-0.01,1
50.063,5,-0.287,0.04,-0.95,-0.07,196.62,33.62,172.38,0.01,0,0,3.79,-0.46,0,0.92,-0.56,0.11,-0.82
50.065,3,-0.468,0.07,-0.87,-0.17,191.06,56.46,156.75,0.01,-0.01,0.01,3.73,0.15,0.31,1.68,-0.85,0.23,-0.51
50.134,4,-0.294,0.16,-0.94,-0.04,214.27,34.44,-178.29,0.01,0,0,3.72,0,0.31,-0.61,-0.56,-0.01,-0.82
50.136,6,0.746,-0.03,0.66,-0.08,320.16,78.74,-49.74,-0,-0,0,3.74,0,0,-0.15,-0.99,-0.15,0.12
50.139,0,0.034,0.21,-0.03,-0.98,198.91,24.16,4.3,-0.01,0,0.01,3.85,0,0.15,0,-0.41,0.07,0.92
50.14,7,-0.702,-0.2,-0.67,-0.15,96.33,61.2,86.14,0,-0,0.02,0,0,0,0,-0.89,0.49,0.03
50.145,5,-0.287,0.04,-0.95,-0.07,196.64,33.65,172.36,0.01,0.01,-0.01,3.79,0.31,-0.31,-1.07,-0.56,0.1,-0.82
50.146,1,0.175,0,-0.01,0.98,173.95,-0.42,-0.53,-0,-0,0,3.85,0,0,0.15,0.01,-0.01,1
50.168,2,-0.495,0.14,-0.82,0.25,239.85,47.79,-125.04,-0,0.01,0,3.87,-0.15,0.31,0.76,-0.74,-0.56,-0.39
50.17,3,-0.467,0.07,-0.87,-0.17,191.09,56.41,156.73,-0,-0.02,0.02,3.73,-0.15,0.61,0.92,-0.84,0.24,-0.51
50.225,4,-0.294,0.16,-0.94,-0.04,214.21,34.41,-178.36,-0,-0,0,3.72,0,0.15,-0.15,-0.57,-0.03,-0.83
50.227,6,0.746,-0.03,0.66,-0.08,319.82,78.78,-50.08,-0,0,0.01,3.74,0,0,0,-0.99,-0.15,0.12
50.231,0,0.034,0.21,-0.03,-0.98,198.96,24.12,4.32,-0.01,0.01,0.01,3.85,0,0,0.15,-0.41,0.07,0.92
50.233,7,-0.702,-0.2,-0.67,-0.15,96.43,61.27,86.1,0,-0,0.02,0,0.31,0,0,-0.89,0.49,0.03
50.237,2,-0.495,0.14,-0.82,0.25,239.87,47.76,-125.03,0,-0,-0,3.87,0.15,-0.15,1.07,-0.74,-0.54,-0.38
50.238,1,0.174,0,-0.01,0.98,174,-0.5,-0.5,-0,-0,0,3.85,0,0,0,0.01,-0.01,1
50.265,5,-0.287,0.04,-0.95,-0.07,196.65,33.63,172.39,0.01,0.01,-0,3.79,-0.15,0,0.46,-0.56,0.1,-0.82
50.267,3,-0.468,0.07,-0.87,-0.17,190.93,56.47,156.6,0,0,0.01,3.73,-0.15,0.15,0,-0.84,0.22,-0.51
50.339,4,-0.294,0.16,-0.94,-0.04,214.16,34.41,-178.35,0.01,-0,0,3.72,-0.46,0.46,-0.61,-0.58,-0.02,-0.82
50.342,6,0.746,-0.03,0.66,-0.08,319.95,78.78,-49.91,-0,-0,0,3.74,0,0,0.15,-0.99,-0.15,0.12
50.347,0,0.034,0.21,-0.03,-0.98,199.01,24.15,4.36,-0.01,0,0.01,3.85,0,0.31,-0.31,-0.41,0.07,0.92
50.349,7,-0.702,-0.2,-0.67,-0.15,96.35,61.24,86.05,-0,-0,0.02,0,0,0,0,-0.89,0.49,0.03
50.355,2,-0.495,0.14,-0.82,0.25,239.88,47.75,-125.01,-0,-0,-0,3.87,0.46,0,1.83,-0.74,-0.54,-0.39
50.357,1,0.175,0,-0.01,0.98,173.92,-0.51,-0.53,-0,-0,0,3.85,0,0,0,0.01,-0.01,1
50.373,5,-0.287,0.04,-0.95,-0.07,196.68,33.61,172.45,0.01,0,0,3.79,-0.15,0.31,0.61,-0.56,0.1,-0.82
50.375,3,-0.468,0.07,-0.86,-0.17,190.96,56.49,156.62,-0.01,0,0.01,3.73,0.15,-0.15,0.61,-0.83,0.22,-0.51
50.434,4,-0.294,0.16,-0.94,-0.04,214.35,34.5,-178.23,-0.02,-0.01,0,3.72,0,0,0,-0.56,-0.01,-0.83
50.436,6,0.746,-0.03,0.66,-0.08,319.93,78.74,-49.99,0,0,0.01,3.74,0,0.15,0.15,-0.99,-0.15,0.13
50.441,0,0.035,0.21,-0.03,-0.98,199.05,24.13,4.37,-0,-0,0.01,3.85,-0.15,0.31,-0.15,-0.41,0.06,0.92
50.442,7,-0.702,-0.2,-0.67,-0.15,96.37,61.23,86.08,0,-0,0.02,0,0,0,0,-0.89,0.49,0.03
50.448,2,-0.496,0.14,-0.82,0.25,240.01,47.76,-124.92,0.01,0.01,0.01,3.87,0,-0.46,0,-0.75,-0.56,-0.38
50.45,1,0.175,0,-0.01,0.98,173.89,-0.48,-0.54,0,-0,0,3.85,0,0,0,0.01,-0.01,1
50.468,5,-0.287,0.04,-0.95,-0.07,196.58,33.58,172.43,0,-0,-0,3.79,-0.31,0,0.15,-0.56,0.12,-0.82
50.47,3,-0.468,0.07,-0.86,-0.17,191.05,56.5,156.7,-0.01,-0.01,0,3.73,0.15,-0.76,0.76,-0.84,0.22,-0.51
50.54,4,-0.294,0.17,-0.94,-0.04,214.54,34.42,-178.18,0.01,0,0,3.72,0.15,0,0.15,-0.57,-0.03,-0.82
50.542,6,0.746,-0.03,0.66,-0.08,319.95,78.75,-49.93,-0,-0,0,3.74,0,0,0.15,-0.99,-0.15,0.12
50.549,0,0.035,0.21,-0.03,-0.98,199.04,24.16,4.35,0,-0,0.01,3.85,0.15,0.15,0.46,-0.41,0.07,0.92
50.551,7,-0.702,-0.2,-0.67,-0.15,96.41,61.2,86.18,-0,-0,0.02,0,0,0,0,-0.89,0.49,0.03
50.555,2,-0.495,0.14,-0.82,0.25,239.95,47.75,-124.94,0,0.01,0.01,3.87,0,0.46,0.76,-0.75,-0.56,-0.38
50.557,1,0.175,0,-0.01,0.98,173.84,-0.48,-0.56,-0,0,-0,3.85,0,0,-0.15,0.01,-0.01,1
50.574,5,-0.286,0.04,-0.95,-0.07,196.68,33.51,172.5,0.01,-0.01,0.01,3.79,0,-0.15,-0.15,-0.57,0.13,-0.82
50.576,3,-0.468,0.07,-0.87,-0.17,191.15,56.45,156.73,-0,-0,0,3.73,-0.31,-1.22,-0.61,-0.84,0.21,-0.51
50.635,4,-0.294,0.16,-0.94,-0.04,214.41,34.46,-178.25,-0,-0,0,3.72,-0.15,0,0.15,-0.57,-0.02,-0.82
50.637,6,0.746,-0.03,0.66,-0.08,319.77,78.8,-50.08,0,0,0.01,3.74,0,0,0.46,-0.99,-0.15,0.12
50.64,0,0.035,0.21,-0.03,-0.98,199.13,24.24,4.42,-0,0,0.01,3.85,0,0,0,-0.41,0.07,0.92
50.642,7,-0.702,-0.2,-0.67,-0.15,96.45,61.18,86.26,-0,0,0.02,0,0,-0.15,-0.31,-0.89,0.49,0.03
50.647,2,-0.496,0.14,-0.82,0.25,239.89,47.83,-124.94,-0,-0,-0,3.87,0,0,0.46,-0.74,-0.54,-0.38
50.649,1,0.176,0,-0.01,0.98,173.83,-0.55,-0.54,0,0,0,3.85,0,0,0,0.01,-0.01,1
50.669,5,-0.287,0.04,-0.95,-0.07,196.64,33.58,172.4,0.01,0,0,3.79,0.31,0.15,0,-0.56,0.1,-0.82
50.671,3,-0.469,0.08,-0.86,-0.17,191.58,56.65,157.02,0.02,-0.01,0.02,3.73,0.61,0.15,-4.73,-0.85,0.23,-0.5
50.726,4,-0.294,0.16,-0.94,-0.04,214.42,34.49,-178.23,0,-0,0,3.72,-0.46,0.46,-0.15,-0.57,-0.02,-0.82
50.728,6,0.746,-0.03,0.66,-0.08,319.8,78.78,-50.07,-0,0,0,3.74,0,0,0.15,-0.98,-0.15,0.12
50.733,0,0.035,0.21,-0.03,-0.98,199.04,24.16,4.38,-0,0,0,3.85,0,0,0,-0.41,0.06,0.91
50.734,7,-0.702,-0.2,-0.67,-0.15,96.54,61.26,86.27,0,0,0.02,0,0,0,0,-0.9,0.49,0.03
50.738,2,-0.495,0.14,-0.82,0.25,239.8,47.82,-124.99,-0,-0.01,-0,3.87,0,-0.76,0.15,-0.74,-0.54,-0.38
50.74,1,0.175,0,-0.01,0.98,173.88,-0.55,-0.52,0,0,0,3.85,-0.15,-0.15,0.31,0.01,-0.01,1
50.768,5,-0.287,0.04,-0.95,-0.07,196.66,33.59,172.38,0.01,0.01,0,3.79,-0.31,0,0.31,-0.55,0.1,-0.83
50.77,3,-0.469,0.08,-0.86,-0.16,191.58,56.68,157.06,-0.03,-0,-0,3.73,0.61,-0.76,0.46,-0.82,0.22,-0.52
50.846,4,-0.294,0.16,-0.94,-0.04,214.35,34.47,-178.25,0,-0.01,0.01,3.72,-0.46,0.61,-0.61,-0.58,-0.02,-0.82
50.848,6,0.746,-0.03,0.66,-0.08,320.13,78.75,-49.71,-0,0,0.01,3.74,0,0.15,0.46,-0.99,-0.15,0.12
50.851,0,0.035,0.21,-0.03,-0.98,199.06,24.17,4.38,-0,-0,0,3.85,0.15,-0.15,0,-0.41,0.07,0.91
50.853,7,-0.702,-0.2,-0.67,-0.15,96.48,61.22,86.23,0,0,0.02,0,0,0.15,0.46,-0.89,0.49,0.03
50.856,5,-0.287,0.04,-0.95,-0.07,196.74,33.65,172.42,0,0.01,0,3.79,0.61,-0.15,-1.68,-0.56,0.1,-0.82
50.858,1,0.175,0,-0.01,0.98,173.89,-0.49,-0.57,-0,0,0,3.85,-0.46,0,0,0.01,-0.01,1
50.879,2,-0.496,0.14,-0.82,0.25,239.97,47.84,-124.84,0,0.01,0.01,3.87,1.37,0,2.44,-0.73,-0.55,-0.38
50.881,3,-0.469,0.07,-0.86,-0.17,190.91,56.58,156.59,-0,0,0,3.73,1.22,0.61,0.92,-0.83,0.21,-0.51
50.945,4,-0.294,0.16,-0.94,-0.04,214.26,34.46,-178.38,-0,-0.01,0,3.72,-0.46,0,0.15,-0.57,-0.01,-0.83
50.947,6,0.746,-0.03,0.66,-0.08,320.24,78.76,-49.62,-0.01,-0,0.01,3.74,0,0,0.31,-0.99,-0.15,0.12
50.951,0,0.035,0.21,-0.03,-0.98,199.05,24.17,4.36,0,-0,0,3.85,-0.31,-0.15,-0.15,-0.41,0.07,0.91
50.952,7,-0.702,-0.2,-0.67,-0.15,96.53,61.16,86.25,-0.01,-0.01,0.02,0,-0.15,0,0,-0.89,0.5,0.02
50.956,5,-0.287,0.04,-0.95,-0.07,197.02,33.66,172.74,0.02,0.02,0.01,3.79,0.61,-1.53,1.37,-0.58,0.08,-0.82
50.957,1,0.175,0,-0.01,0.98,173.87,-0.45,-0.64,-0.01,-0,0,3.85,0,0,0,0.01,-0.01,1
50.979,2,-0.495,0.14,-0.82,0.25,239.73,47.8,-124.84,0,0.01,0,3.87,2.75,2.75,3.81,-0.73,-0.55,-0.38
50.981,3,-0.468,0.07,-0.86,-0.17,190.98,56.53,156.63,-0,0,-0.01,3.73,0.15,-0.92,0.31,-0.83,0.21,-0.51
51.026,4,-0.294,0.16,-0.94,-0.04,213.91,34.46,-178.75,0,0.01,0,3.72,-0.31,0.15,1.68,-0.57,-0.03,-0.83
51.028,6,0.746,-0.03,0.66,-0.08,320.35,78.76,-49.55,-0,-0,0.01,3.74,0,0,0.15,-0.99,-0.15,0.13
51.032,0,0.035,0.21,-0.03,-0.98,199.07,24.2,4.3,0,-0,0,3.85,-0.15,-0.46,1.37,-0.42,0.07,0.91
51.034,7,-0.702,-0.2,-0.67,-0.15,96.41,61.11,86.11,0,-0.01,0.02,0,0.46,-0.31,-0.46,-0.89,0.49,0.03
51.038,2,-0.496,0.14,-0.82,0.25,239.96,47.73,-124.59,0,-0,0,3.87,-0.61,-2.14,-3.05,-0.75,-0.55,-0.38
51.039,1,0.174,0,-0.01,0.98,173.96,-0.44,-0.61,-0,-0,-0,3.85,0.15,0.15,-0.15,0.01,-0.01,1
51.086,5,-0.287,0.04,-0.95,-0.07,196.77,33.65,172.62,0.02,0,0,3.79,-0.15,0.92,3.51,-0.57,0.1,-0.82
51.088,3,-0.469,0.07,-0.86,-0.17,190.63,56.54,156.33,-0,0,0.01,3.73,-1.37,0.31,-1.68,-0.85,0.22,-0.5
51.14,4,-0.293,0.16,-0.94,-0.04,214.15,34.35,-178.48,0,-0.01,0,3.72,0.46,1.53,-1.98,-0.57,-0.02,-0.83
51.142,6,0.746,-0.03,0.66,-0.08,320.26,78.73,-49.66,-0,0,0,3.74,0.15,0,-0.15,-0.99,-0.15,0.12
51.146,0,0.035,0.21,-0.03,-0.98,199.12,24.23,4.36,-0.01,0,-0,3.85,-0.31,0.31,-0.46,-0.4,0.07,0.91
51.148,7,-0.702,-0.2,-0.67,-0.15,96.38,61.18,86.13,0,0.01,0.02,0,0.15,0,-0.31,-0.89,0.49,0.03
51.152,2,-0.496,0.14,-0.82,0.25,240.14,47.65,-124.52,0.01,-0.01,0,3.87,-0.61,0.15,1.68,-0.75,-0.55,-0.38
51.153,1,0.175,0,-0.01,0.98,173.86,-0.44,-0.61,-0.01,-0,0,3.85,0.15,0.15,0,0.01,-0.01,1
51.176,5,-0.287,0.04,-0.95,-0.07,196.54,33.66,172.41,0,0.01,-0,3.79,0.31,0.15,0.92,-0.55,0.1,-0.82
51.178,3,-0.469,0.07,-0.86,-0.17,190.51,56.57,156.14,0.01,-0,0.01,3.73,-0.46,-2.14,-0.15,-0.85,0.22,-0.5
51.233,4,-0.292,0.16,-0.94,-0.04,214.06,34.25,-178.45,0.01,-0.01,0.01,3.72,1.22,-0.15,-0.31,-0.58,-0.02,-0.82
51.235,6,0.747,-0.03,0.66,-0.08,320.37,78.67,-49.52,-0.01,0.01,0.01,3.74,0,0,0,-0.99,-0.16,0.12
51.239,0,0.035,0.21,-0.03,-0.98,199.04,24.26,4.27,-0,0,0.01,3.85,-0.15,0,-0.61,-0.41,0.07,0.92
51.24,7,-0.702,-0.2,-0.67,-0.15,96.35,61.2,86.1,0,0,0.02,0,-0.15,0,-0.15,-0.89,0.49,0.03
51.244,2,-0.496,0.14,-0.82,0.25,240.01,47.72,-124.66,-0.01,-0.01,-0.01,3.87,0.61,1.22,4.12,-0.74,-0.53,-0.39
51.246,1,0.175,0,-0.01,0.98,173.93,-0.5,-0.54,-0,0.01,0,3.85,0.15,0,0,0,-0.01,1
51.295,5,-0.288,0.04,-0.95,-0.07,196.53,33.66,172.46,0.01,0.01,0,3.79,0,0.76,0.76,-0.56,0.1,-0.82
51.297,3,-0.469,0.07,-0.86,-0.17,190.39,56.59,155.95,0.01,-0.02,0.01,3.73,-0.76,0.46,-0.15,-0.85,0.24,-0.5
51.357,4,-0.293,0.16,-0.94,-0.04,213.94,34.39,-178.56,0.01,0,0,3.72,-1.07,0,0.31,-0.57,-0.02,-0.83
51.359,6,0.746,-0.03,0.66,-0.08,320.25,78.69,-49.59,-0.01,0,0,3.74,-0.31,-0.15,0,-0.98,-0.15,0.12
51.363,0,0.035,0.21,-0.03,-0.98,199.07,24.26,4.25,-0,-0,0.01,3.85,0,-0.15,-0.46,-0.41,0.06,0.92
51.365,7,-0.702,-0.2,-0.67,-0.15,96.37,61.21,86.1,0,0.01,0.02,0,-0.92,0.76,1.07,-0.89,0.49,0.03
51.369,2,-0.495,0.14,-0.82,0.25,239.61,47.86,-124.94,-0,-0.01,-0,3.87,-0.31,-0.46,0.76,-0.74,-0.54,-0.38
51.371,1,0.175,0,-0.01,0.98,173.9,-0.44,-0.54,-0.01,-0,-0,3.85,-0.31,0.46,0.61,0.01,-0.01,1
51.38,5,-0.287,0.04,-0.95,-0.07,196.63,33.64,172.58,0,-0.01,0,3.8,0.15,0.46,-0.61,-0.56,0.12,-0.82
51.381,3,-0.469,0.07,-0.86,-0.17,190.52,56.59,156.03,0.01,0.02,0.01,3.73,-1.22,0.76,-1.37,-0.85,0.21,-0.51
51.441,4,-0.293,0.16,-0.94,-0.04,214.01,34.42,-178.57,-0.01,-0.01,0,3.72,-0.46,0,-0.76,-0.57,-0.02,-0.83
51.443,6,0.746,-0.03,0.66,-0.08,320.06,78.76,-49.8,0,-0,0.01,3.74,0,-0.15,0,-0.99,-0.15,0.13
51.447,0,0.035,0.21,-0.03,-0.98,199.05,24.3,4.27,-0.01,-0,0.01,3.85,0.15,0,-0.31,-0.41,0.07,0.92
51.449,7,-0.702,-0.2,-0.67,-0.15,96.55,61.12,86.27,-0,-0.01,0.02,0,0.31,-0.15,-0.31,-0.89,0.5,0.03
51.453,5,-0.287,0.04,-0.95,-0.07,196.61,33.57,172.55,0.02,0.01,-0,3.8,1.07,1.07,1.22,-0.56,0.1,-0.81
51.454,1,0.176,0,-0.01,0.98,173.8,-0.29,-0.62,-0.01,0,-0,3.85,0,-0.15,0,0.01,-0.01,1
51.477,2,-0.496,0.14,-0.82,0.25,239.71,47.95,-124.87,0,-0,0,3.87,-0.15,-0.31,0.31,-0.74,-0.54,-0.38
51.479,3,-0.469,0.07,-0.86,-0.17,190.78,56.59,156.23,-0.01,0.02,0,3.73,0,0,-0.15,-0.83,0.21,-0.52
51.544,4,-0.293,0.16,-0.94,-0.04,214.08,34.34,-178.62,-0,-0,0,3.72,-0.31,0.31,-0.46,-0.57,-0.02,-0.83
51.546,6,0.746,-0.03,0.66,-0.08,320.24,78.73,-49.69,0,-0,0,3.74,0.46,0,-0.15,-0.98,-0.15,0.12
51.55,0,0.033,0.21,-0.03,-0.98,198.8,24.46,4.19,-0.01,0,0.01,3.85,0,1.22,0,-0.41,0.07,0.92
51.552,7,-0.701,-0.2,-0.67,-0.15,96.59,61.17,86.41,0,0.01,0.02,0,0.92,-0.31,-0.76,-0.9,0.48,0.04
51.555,2,-0.496,0.14,-0.82,0.25,239.63,47.96,-124.91,0,0,0,3.87,0.61,0.31,0.61,-0.74,-0.55,-0.38
51.557,1,0.176,0,-0.01,0.98,173.78,-0.29,-0.61,-0,0,0,3.85,0,0,-0.31,0.01,-0.01,1
51.58,5,-0.287,0.04,-0.95,-0.07,196.56,33.58,172.67,0.01,-0.02,0,3.8,-1.37,-0.31,0.15,-0.57,0.12,-0.81
51.582,3,-0.469,0.07,-0.86,-0.17,190.78,56.58,156.25,0.01,0,0,3.73,0.46,-0.15,0.31,-0.84,0.21,-0.5
51.637,4,-0.292,0.16,-0.94,-0.04,214.03,34.25,-178.66,-0,0.01,0,3.72,0,0,1.22,-0.56,-0.03,-0.84
51.639,6,0.746,-0.03,0.66,-0.08,320.22,78.7,-49.65,-0,0.01,0,3.74,0,0,0,-0.98,-0.15,0.12
51.642,0,0.034,0.21,-0.03,-0.98,198.91,24.51,4.25,-0,-0.01,0.01,3.85,0.31,0.31,0.15,-0.42,0.06,0.92
51.643,7,-0.702,-0.2,-0.67,-0.15,96.49,61.21,86.39,0,0.01,0.02,0,-0.15,0,0.15,-0.89,0.48,0.03
51.647,2,-0.496,0.14,-0.82,0.25,239.64,47.93,-124.93,0.01,0.01,0.01,3.87,0,0.31,-2.44,-0.75,-0.57,-0.37
51.65,1,0.175,0,-0.01,0.98,173.84,-0.35,-0.57,-0,0,0,3.85,0,0.15,0,0.01,-0.01,1
51.679,5,-0.287,0.04,-0.95,-0.07,196.48,33.57,172.55,0.02,0,0,3.8,0,0,-0.61,-0.57,0.11,-0.82
51.681,3,-0.469,0.07,-0.86,-0.17,190.67,56.57,156.17,0.01,-0.01,0.01,3.73,0.15,0.31,-1.68,-0.84,0.22,-0.51
51.752,4,-0.292,0.16,-0.94,-0.04,214.24,34.31,-178.62,-0.01,0,0,3.72,-0.31,-0.61,0.92,-0.55,-0.03,-0.84
51.754,6,0.746,-0.03,0.66,-0.08,319.84,78.75,-50.02,-0,0,0,3.74,-0.15,0,0.31,-0.99,-0.15,0.12
51.757,0,0.033,0.21,-0.03,-0.98,198.91,24.52,4.32,-0,0,0.01,3.85,0,-0.15,0.31,-0.42,0.08,0.92
51.759,7,-0.702,-0.2,-0.67,-0.15,96.48,61.19,86.31,0,-0.01,0.02,0,0,0,0.46,-0.89,0.5,0.03
51.762,2,-0.496,0.14,-0.82,0.25,239.6,47.99,-124.87,0.01,-0.01,0,3.87,-0.15,-0.76,-1.68,-0.75,-0.55,-0.38
51.765,1,0.174,0,-0.01,0.98,174.02,-0.28,-0.56,-0,-0,0,3.85,0,0.15,0.15,0.01,-0.01,1
51.786,5,-0.287,0.04,-0.95,-0.07,196.49,33.57,172.56,0,0.01,-0.01,3.8,0.31,0.46,0.61,-0.55,0.1,-0.82
51.788,3,-0.469,0.07,-0.86,-0.17,190.74,56.59,156.28,0.01,-0.01,0.01,3.73,-0.46,0.31,-1.37,-0.85,0.23,-0.51
51.844,4,-0.293,0.16,-0.94,-0.04,214.3,34.33,-178.54,-0,0.01,0,3.72,0.31,-0.31,0.15,-0.56,-0.03,-0.83
51.846,6,0.746,-0.03,0.66,-0.08,320.09,78.74,-49.83,0,-0.01,0,3.74,0,0,-0.15,-0.99,-0.15,0.13
51.85,0,0.034,0.21,-0.03,-0.98,198.96,24.44,4.37,-0.01,0,0.01,3.85,-0.31,0,-0.46,-0.42,0.07,0.92
51.852,7,-0.702,-0.2,-0.67,-0.15,96.45,61.17,86.23,-0,0,0.02,0,0,0,0.15,-0.89,0.49,0.03
51.856,2,-0.496,0.14,-0.82,0.25,239.47,48.05,-124.94,-0,-0.01,-0,3.87,0.31,0,0.92,-0.74,-0.54,-0.39
51.857,1,0.174,0,-0.01,0.98,174.05,-0.25,-0.56,-0,0,0,3.85,0,0.15,0,0,-0.01,1
51.882,5,-0.286,0.04,-0.95,-0.07,196.41,33.52,172.55,0.01,0.01,0,3.8,0.31,0.15,0.31,-0.56,0.1,-0.83
51.884,3,-0.469,0.07,-0.86,-0.17,190.83,56.56,156.36,0,-0,0.01,3.73,0,-0.76,0.15,-0.85,0.23,-0.51
51.953,4,-0.293,0.16,-0.94,-0.04,214.25,34.36,-178.56,-0.01,-0.01,0,3.72,-0.31,-0.15,0.15,-0.57,-0.02,-0.83
51.955,6,0.746,-0.03,0.66,-0.08,319.72,78.78,-50.22,-0,0,0,3.74,0.31,0,-0.15,-0.98,-0.15,0.12
51.958,0,0.032,0.21,-0.03,-0.98,198.75,24.45,4.23,-0.01,0,0.01,3.85,0,0,-0.15,-0.41,0.07,0.92
51.96,7,-0.702,-0.2,-0.67,-0.15,96.45,61.23,86.14,-0,0,0.02,0,0,0,0.15,-0.89,0.49,0.03
51.965,2,-0.496,0.14,-0.82,0.25,239.44,48.05,-124.91,-0.01,-0,-0.01,3.87,0.46,-0.61,0.31,-0.73,-0.54,-0.38
51.966,1,0.174,0,-0.01,0.98,174.03,-0.37,-0.53,-0,-0,0,3.84,0,0.15,0,0.01,-0.01,1
51.987,5,-0.286,0.04,-0.96,-0.07,196.31,33.47,172.5,0.01,0.01,0,3.8,0,-0.31,0.15,-0.56,0.1,-0.83
51.989,3,-0.469,0.07,-0.86,-0.17,190.69,56.61,156.25,0,0,0.01,3.73,-0.15,-0.61,0.46,-0.85,0.22,-0.5
52.045,4,-0.293,0.16,-0.94,-0.04,214.26,34.34,-178.58,-0.02,-0.02,-0,3.72,0,0.92,-1.22,-0.56,0,-0.83
52.047,6,0.746,-0.03,0.66,-0.08,319.75,78.73,-50.26,0,-0,0,3.74,-0.15,0,0,-0.99,-0.15,0.12
52.051,0,0.032,0.21,-0.03,-0.98,198.69,24.57,4.18,-0.01,-0,0.01,3.85,0,0,0.15,-0.41,0.06,0.92
52.053,7,-0.702,-0.2,-0.67,-0.15,96.55,61.22,86.24,0,-0,0.02,0,0,0,0,-0.9,0.49,0.03
52.056,2,-0.495,0.14,-0.82,0.25,239.57,47.79,-124.86,0,0,0,3.87,-1.07,1.37,-4.12,-0.74,-0.55,-0.38
52.058,1,0.174,0,-0.01,0.98,173.99,-0.4,-0.56,0,0,0,3.84,0.15,0,0,0,-0.01,1
52.083,5,-0.286,0.04,-0.96,-0.07,196.25,33.44,172.5,0.01,0.01,0,3.8,0.31,0,-1.37,-0.55,0.1,-0.83
52.085,3,-0.469,0.07,-0.86,-0.17,190.73,56.59,156.22,0.01,-0.01,0.01,3.73,0.15,0.31,-1.22,-0.85,0.22,-0.5
52.155,4,-0.292,0.16,-0.94,-0.04,214.32,34.28,-178.44,0.02,0,0.01,3.72,2.14,-0.15,0.15,-0.58,-0.03,-0.82
52.157,6,0.746,-0.03,0.66,-0.08,320.03,78.69,-50.01,0,-0,0,3.74,0,0,-0.15,-0.99,-0.15,0.13
52.16,0,0.033,0.21,-0.03,-0.98,198.79,24.56,4.25,-0,-0,0,3.85,0.15,0,-0.31,-0.42,0.07,0.91
52.161,7,-0.702,-0.2,-0.67,-0.15,96.54,61.2,86.25,0,0,0.02,0,0,0.15,-0.15,-0.89,0.49,0.03
52.166,5,-0.285,0.04,-0.96,-0.07,196.27,33.36,172.57,0.01,0.01,0,3.8,0.15,0,0.61,-0.56,0.1,-0.82
52.167,1,0.176,0,-0.01,0.98,173.82,-0.31,-0.62,-0,0,0.01,3.85,0.15,0.76,0.15,0.01,-0.01,1.01
52.189,2,-0.494,0.14,-0.82,0.25,239.72,47.52,-124.85,0.02,-0,0.02,3.87,0.15,1.68,1.98,-0.76,-0.56,-0.37
52.191,3,-0.469,0.07,-0.86,-0.17,190.92,56.58,156.39,-0,0.01,0.01,3.73,-0.46,1.22,-1.37,-0.84,0.23,-0.51
52.246,4,-0.293,0.16,-0.94,-0.04,214.26,34.29,-178.38,0.03,-0.01,0.01,3.72,-0.61,-0.76,0.76,-0.59,-0.02,-0.82
52.248,6,0.746,-0.03,0.66,-0.08,319.79,78.71,-50.24,-0,0,0,3.74,0,-0.15,0,-0.99,-0.15,0.12
52.252,0,0.032,0.21,-0.03,-0.98,198.69,24.46,4.2,-0,0,0.01,3.85,0,-0.46,-0.92,-0.42,0.07,0.92
52.254,7,-0.701,-0.2,-0.67,-0.15,96.6,61.18,86.36,0,0,0.02,0,0,-0.15,0,-0.89,0.49,0.03
52.258,2,-0.494,0.14,-0.82,0.25,239.51,47.71,-124.93,-0.02,0,-0.01,3.87,0.76,-0.61,3.51,-0.72,-0.55,-0.4
52.259,1,0.175,0,-0.01,0.98,173.87,-0.21,-0.59,-0,0,0,3.85,0,0.46,0,0,-0.01,1
52.284,5,-0.285,0.04,-0.96,-0.07,196.25,33.35,172.58,0.01,0,0,3.8,0,0.15,-0.15,-0.56,0.1,-0.82
52.286,3,-0.468,0.07,-0.86,-0.17,191.04,56.52,156.47,0,0,0.01,3.73,0.31,0,-0.15,-0.85,0.22,-0.51
52.343,4,-0.292,0.16,-0.94,-0.04,214.25,34.29,-178.49,-0.01,-0.01,0,3.72,-0.61,0.15,-0.46,-0.55,-0.01,-0.83
52.344,6,0.746,-0.03,0.66,-0.08,319.83,78.7,-50.24,0,-0,0.01,3.74,0,0.15,0,-0.99,-0.15,0.13
52.349,0,0.031,0.21,-0.03,-0.98,198.62,24.31,4.16,-0.01,-0.01,0.01,3.85,0.15,-0.15,0.15,-0.41,0.06,0.92
52.351,7,-0.702,-0.2,-0.67,-0.15,96.48,61.19,86.24,0.01,0,0.02,0,0.15,0,0.15,-0.9,0.49,0.04
52.355,2,-0.494,0.14,-0.82,0.25,239.55,47.72,-124.9,0,-0,0,3.87,-0.46,-0.15,0.15,-0.74,-0.56,-0.38
52.357,1,0.175,-0,-0.01,0.98,173.93,-0.08,-0.6,-0,0,0,3.85,-0.15,0.31,0,0,-0.01,1.01
52.404,5,-0.285,0.04,-0.96,-0.07,196.32,33.37,172.62,0.01,0,0,3.79,-0.46,-0.61,-0.31,-0.56,0.1,-0.82
52.406,3,-0.468,0.07,-0.86,-0.17,191.04,56.5,156.52,0.01,-0.01,0.01,3.73,0.31,-1.07,1.07,-0.84,0.23,-0.5
52.458,4,-0.291,0.16,-0.94,-0.04,214.16,34.17,-178.57,0,0,0,3.72,-0.15,0.46,0,-0.57,-0.02,-0.83
52.46,6,0.746,-0.03,0.66,-0.08,319.87,78.73,-50.12,-0,-0,0,3.74,0,0,-0.15,-0.98,-0.15,0.12
52.465,0,0.033,0.21,-0.03,-0.98,198.84,24.35,4.27,0,0,0.02,3.85,0.46,0.15,1.22,-0.42,0.07,0.92
52.466,7,-0.701,-0.2,-0.67,-0.15,96.68,61.21,86.43,0,-0,0.02,0,-0.15,0.15,0.15,-0.89,0.49,0.03
52.471,5,-0.286,0.04,-0.96,-0.07,196.56,33.44,172.76,0.02,-0,0,3.79,-0.31,-0.31,-0.46,-0.57,0.1,-0.82
52.473,1,0.175,0,-0.01,0.98,173.91,-0.16,-0.56,0,0,0,3.85,0,0.15,0,0.01,-0.01,1
52.492,2,-0.494,0.14,-0.82,0.25,239.69,47.67,-124.84,0.02,0.01,0.02,3.87,-0.61,0.15,-0.15,-0.75,-0.57,-0.38
52.494,3,-0.469,0.07,-0.86,-0.17,190.94,56.6,156.46,-0,0,0.01,3.73,0,0,-0.15,-0.84,0.22,-0.51
52.561,4,-0.292,0.16,-0.94,-0.04,214.24,34.27,-178.53,-0,-0,0,3.72,0,-0.61,0.46,-0.57,-0.02,-0.83
52.563,6,0.746,-0.03,0.66,-0.08,319.92,78.72,-50.04,-0,-0,0,3.74,0,0,0,-0.98,-0.15,0.12
52.568,0,0.034,0.21,-0.03,-0.98,199,24.25,4.43,0,0.01,0.01,3.85,0,-0.46,-0.61,-0.42,0.08,0.91
52.569,7,-0.701,-0.2,-0.67,-0.15,96.66,61.09,86.51,0,-0,0.02,0,0,0,0,-0.89,0.49,0.03
52.573,2,-0.495,0.14,-0.82,0.25,239.84,47.72,-124.73,-0.01,0,0,3.87,1.07,-1.68,1.37,-0.74,-0.55,-0.39
52.574,1,0.174,-0,-0.01,0.98,173.95,0.02,-0.62,-0,0,0,3.85,0,0,0,0,-0.01,1
52.595,5,-0.286,0.04,-0.96,-0.07,196.45,33.45,172.68,0.01,0,-0,3.79,0.15,0,1.07,-0.55,0.09,-0.82
52.597,3,-0.468,0.07,-0.86,-0.17,190.99,56.5,156.52,-0.01,0.01,0,3.73,0.15,-0.15,0.31,-0.84,0.21,-0.51
52.654,4,-0.291,0.16,-0.94,-0.04,214.2,34.19,-178.68,-0.02,-0,-0.01,3.72,-1.37,0.46,-0.61,-0.55,-0.01,-0.83
52.656,6,0.746,-0.03,0.66,-0.08,319.74,78.71,-50.3,-0,-0,0.01,3.74,0,0,0,-0.98,-0.15,0.12
52.659,0,0.033,0.21,-0.03,-0.98,198.8,24.23,4.34,0,0,0.01,3.85,-0.15,-0.31,-1.53,-0.41,0.07,0.92
52.661,7,-0.701,-0.2,-0.67,-0.15,96.56,61.07,86.47,0,0,0.02,0,0,0,0,-0.89,0.49,0.03
52.665,2,-0.496,0.14,-0.82,0.25,239.98,47.79,-124.51,0.03,0.01,0.01,3.87,-0.92,-0.31,-0.31,-0.75,-0.56,-0.36
52.666,1,0.175,-0,-0.01,0.98,173.86,0.06,-0.65,-0.01,0,0,3.85,0,0,0,0.01,-0.01,1
52.688,5,-0.286,0.04,-0.96,-0.07,196.15,33.43,172.5,0.01,0,0,3.79,-0.31,-0.31,-0.15,-0.56,0.1,-0.83
52.69,3,-0.469,0.07,-0.86,-0.17,190.96,56.6,156.51,-0,0,0.01,3.73,-0.31,0,0,-0.84,0.22,-0.51
52.748,4,-0.292,0.16,-0.94,-0.04,214.31,34.23,-178.54,-0.01,0,-0,3.72,1.07,-0.61,-1.53,-0.54,-0.02,-0.83
52.75,6,0.746,-0.03,0.66,-0.08,320.27,78.66,-49.69,-0,0,0,3.74,0,0,0.15,-0.99,-0.15,0.12
52.753,0,0.032,0.21,-0.03,-0.98,198.75,24.17,4.31,-0,0.01,0.01,3.85,0,-0.61,-0.31,-0.41,0.07,0.92
52.755,7,-0.701,-0.2,-0.67,-0.15,96.61,61.15,86.43,0,0,0.02,0,0,0,0,-0.89,0.49,0.03
52.758,2,-0.496,0.14,-0.82,0.25,239.82,47.87,-124.66,-0.01,-0,-0.01,3.87,0.46,0.46,1.07,-0.74,-0.54,-0.38
52.76,1,0.175,-0,-0.01,0.98,173.84,-0.05,-0.61,-0,0,0,3.85,0,-0.15,0,-0,-0.01,1
52.79,5,-0.287,0.04,-0.95,-0.07,196.23,33.53,172.54,0,0,-0,3.79,0,-0.61,-0.31,-0.55,0.1,-0.82
52.792,3,-0.469,0.07,-0.86,-0.17,190.79,56.59,156.34,-0,-0,0.01,3.73,0.15,0.15,0.15,-0.84,0.22,-0.51
52.861,4,-0.292,0.16,-0.94,-0.04,214.17,34.3,-178.62,-0,0.01,-0,3.72,0.15,-0.61,0.31,-0.56,-0.03,-0.83
52.864,6,0.746,-0.03,0.66,-0.08,320.06,78.71,-49.86,-0,0,0.01,3.74,-0.15,0,0.15,-0.99,-0.15,0.13
52.868,0,0.033,0.21,-0.03,-0.98,198.79,24.12,4.32,-0,-0,0.01,3.85,0,0,0,-0.41,0.07,0.92
52.87,7,-0.701,-0.2,-0.67,-0.15,96.81,61.22,86.53,0,-0,0.02,0,0,0,0,-0.89,0.49,0.03
52.874,2,-0.496,0.14,-0.82,0.25,239.88,47.84,-124.67,0,-0.01,-0.01,3.87,0,-0.31,-2.14,-0.74,-0.54,-0.38
52.875,1,0.175,-0,-0.01,0.98,173.92,-0.06,-0.58,-0,0,0,3.85,-0.15,0.15,0.15,0,-0.01,1
52.895,5,-0.287,0.04,-0.95,-0.07,196.17,33.53,172.52,0.01,0,0,3.79,0,0.15,0,-0.56,0.11,-0.82
52.897,3,-0.469,0.07,-0.86,-0.17,190.79,56.55,156.36,-0.01,0.01,0.01,3.73,0.15,0.15,-1.22,-0.83,0.2,-0.52
52.951,4,-0.293,0.16,-0.94,-0.04,214.21,34.36,-178.54,-0.01,0,0,3.72,-0.31,0.31,0.15,-0.56,-0.02,-0.83
52.953,6,0.746,-0.03,0.66,-0.08,320.06,78.71,-49.91,-0.01,-0,0,3.74,0,0,0.15,-0.99,-0.15,0.12
52.957,0,0.032,0.21,-0.03,-0.98,198.75,24.18,4.28,-0.01,-0,0.01,3.85,0,0.61,0.31,-0.41,0.06,0.92
52.958,7,-0.701,-0.2,-0.67,-0.15,96.66,61.18,86.4,0,-0,0.02,0,0,0,-0.15,-0.89,0.49,0.03
52.962,2,-0.496,0.14,-0.82,0.25,240,47.83,-124.61,-0.01,-0.01,-0.01,3.87,0,-1.07,-1.98,-0.74,-0.54,-0.39
52.963,1,0.176,0,-0.01,0.98,173.81,-0.14,-0.58,-0,0,0,3.85,0,0,0,0,-0.01,1
52.993,5,-0.286,0.04,-0.96,-0.07,196.17,33.47,172.59,0,0,-0,3.79,0.31,0.46,0,-0.56,0.11,-0.82
52.995,3,-0.468,0.07,-0.86,-0.17,190.92,56.55,156.46,0,-0,0,3.73,0.31,0,0.31,-0.84,0.21,-0.51
53.067,4,-0.292,0.16,-0.94,-0.04,214.19,34.22,-178.57,0.01,-0.01,0,3.72,-0.92,1.07,-0.46,-0.57,-0.02,-0.83
53.069,6,0.746,-0.03,0.66,-0.08,320.1,78.73,-49.83,-0,0,0.01,3.74,0,0,0.46,-0.99,-0.15,0.13
53.073,0,0.033,0.21,-0.03,-0.98,198.82,24.23,4.31,0,-0,0,3.85,0.15,0.46,0.15,-0.41,0.06,0.91
53.074,7,-0.702,-0.2,-0.67,-0.15,96.63,61.21,86.33,0,0,0.02,0,0.15,-0.15,-0.15,-0.89,0.49,0.03
53.078,2,-0.497,0.14,-0.82,0.25,240.03,47.88,-124.51,0,0,-0.01,3.87,0.31,0.15,-0.46,-0.73,-0.56,-0.38
53.08,1,0.176,0,-0.01,0.98,173.83,-0.14,-0.58,-0,0,-0,3.85,0,-0.31,0,0,-0.01,1
53.1,5,-0.286,0.04,-0.96,-0.07,196.28,33.44,172.65,0,0.01,-0.01,3.79,0,0.31,0.15,-0.55,0.1,-0.82
53.101,3,-0.468,0.07,-0.86,-0.17,190.86,56.48,156.43,-0,-0,0.01,3.73,0.92,-0.15,0.61,-0.84,0.23,-0.51
53.167,4,-0.291,0.16,-0.94,-0.04,214.05,34.16,-178.71,-0.01,0.01,0,3.72,0.46,0.15,-0.61,-0.56,-0.02,-0.83
53.168,6,0.746,-0.03,0.66,-0.08,320.01,78.78,-49.84,-0,0,0,3.74,0,0,0,-0.99,-0.15,0.12
53.172,0,0.032,0.21,-0.03,-0.98,198.79,24.4,4.3,-0,-0,0.01,3.85,0,0.61,0,-0.42,0.07,0.92
53.174,7,-0.702,-0.2,-0.67,-0.15,96.42,61.17,86.18,-0,0,0.02,0,0,0,0.15,-0.89,0.49,0.03
53.177,2,-0.497,0.14,-0.82,0.25,240,47.88,-124.57,0.01,-0.02,-0.01,3.87,0.15,-0.46,-0.76,-0.76,-0.54,-0.37
53.179,1,0.175,0,-0.01,0.98,173.91,-0.12,-0.58,-0,0,0.01,3.85,-0.15,0,0,0.01,-0.01,1
53.2,5,-0.285,0.04,-0.96,-0.07,196.31,33.37,172.66,0.01,0.01,-0.01,3.79,0.46,0.15,-0.15,-0.56,0.1,-0.83
53.201,3,-0.468,0.07,-0.86,-0.17,190.68,56.47,156.34,0,0,0.01,3.73,-0.15,0,0.15,-0.85,0.22,-0.51
53.25,4,-0.292,0.16,-0.94,-0.04,214.11,34.24,-178.6,0,0.01,0,3.72,0,0,-0.76,-0.57,-0.03,-0.83
53.252,6,0.746,-0.03,0.66,-0.08,320.23,78.81,-49.5,-0,0,0.01,3.74,0,0,0.46,-0.98,-0.15,0.12
53.256,0,0.032,0.21,-0.03,-0.98,198.71,24.39,4.24,0,0,0,3.85,0,-0.15,-0.15,-0.42,0.07,0.91
53.257,7,-0.702,-0.2,-0.67,-0.15,96.48,61.18,86.2,-0.01,-0.01,0.02,0,0,-0.15,0,-0.89,0.5,0.03
53.261,2,-0.496,0.14,-0.82,0.25,239.94,47.85,-124.59,-0.01,-0.01,-0.01,3.87,0.31,0,0.92,-0.73,-0.54,-0.38
53.262,1,0.174,-0,-0.01,0.98,173.97,-0.1,-0.6,-0,-0,0,3.85,0,-0.31,0,0.01,-0.01,1
53.312,5,-0.285,0.04,-0.96,-0.07,196.28,33.38,172.63,0,-0,-0,3.79,0.15,0,0.46,-0.55,0.1,-0.82
53.314,3,-0.467,0.07,-0.87,-0.17,190.77,56.38,156.38,-0.01,0.01,0,3.73,0,0.15,0.15,-0.84,0.22,-0.51
53.366,4,-0.292,0.16,-0.94,-0.04,213.91,34.26,-178.7,-0.01,-0,0,3.72,0.76,0,-0.31,-0.56,-0.02,-0.83
53.368,6,0.746,-0.03,0.66,-0.08,320.37,78.73,-49.48,0,-0,0,3.74,-0.31,0,0,-0.98,-0.15,0.12
53.372,0,0.032,0.21,-0.03,-0.98,198.71,24.35,4.21,-0,-0,0.01,3.85,0,0,-0.46,-0.41,0.06,0.91
53.373,7,-0.702,-0.2,-0.67,-0.15,96.35,61.21,86.03,-0,-0,0.02,0,0.46,-0.15,-0.46,-0.89,0.49,0.03
53.377,2,-0.496,0.14,-0.82,0.25,239.9,47.89,-124.63,0,-0.01,0.01,3.87,0.31,0,-0.31,-0.75,-0.55,-0.38
53.379,1,0.174,0,-0.01,0.98,174,-0.17,-0.57,0,-0,0,3.85,0.15,0,-0.15,0.01,-0.01,1
53.4,5,-0.285,0.04,-0.96,-0.07,196.26,33.31,172.6,0.01,0.01,-0,3.79,-0.46,0.46,1.98,-0.55,0.1,-0.83
53.402,3,-0.467,0.07,-0.87,-0.17,190.53,56.35,156.2,0.02,-0.01,0.02,3.73,1.07,3.51,1.53,-0.85,0.24,-0.5
53.46,4,-0.292,0.16,-0.94,-0.04,213.93,34.29,-178.64,0,0.01,0,3.72,0,-0.46,0.76,-0.57,-0.03,-0.82
53.462,6,0.746,-0.03,0.66,-0.08,320.06,78.8,-49.78,0,-0,0.01,3.74,0.15,0,-0.31,-0.99,-0.15,0.13
53.467,0,0.031,0.21,-0.03,-0.98,198.62,24.3,4.14,-0,0,0.01,3.85,0,0.15,0.15,-0.41,0.06,0.92
53.469,7,-0.703,-0.2,-0.67,-0.15,96.27,61.23,86,-0,0.01,0.02,0,0.15,0,0,-0.9,0.48,0.03
53.472,2,-0.496,0.14,-0.82,0.25,239.65,47.99,-124.78,-0,0.01,0.01,3.87,0.31,-0.31,0.15,-0.75,-0.56,-0.38
53.474,1,0.175,0,-0.01,0.98,173.92,-0.26,-0.55,-0,0,0,3.85,0.15,-0.15,-0.15,0.01,-0.01,1
53.496,5,-0.284,0.04,-0.96,-0.07,196.2,33.26,172.56,0.01,-0,-0,3.79,-0.15,0,0.31,-0.55,0.11,-0.82
53.498,3,-0.466,0.07,-0.87,-0.17,190.21,56.1,156.01,0.01,0.02,0.03,3.73,0,0.15,1.37,-0.86,0.23,-0.52
53.568,4,-0.293,0.16,-0.94,-0.04,213.92,34.34,-178.61,0,-0.01,0,3.72,0,0.15,0.92,-0.57,-0.02,-0.83
53.57,6,0.746,-0.03,0.66,-0.08,319.58,78.75,-50.35,-0,0,0.01,3.74,0,0.15,0,-0.98,-0.15,0.12
53.574,0,0.032,0.21,-0.03,-0.98,198.71,24.34,4.17,0,0,0.01,3.85,0,0.61,1.22,-0.42,0.07,0.92
53.575,7,-0.703,-0.2,-0.67,-0.15,96.31,61.25,86,-0,0,0.02,0,0,0,0.15,-0.89,0.49,0.03
53.579,2,-0.496,0.14,-0.82,0.25,239.55,48.02,-124.86,0,0.01,0,3.87,0.15,0,0,-0.75,-0.55,-0.38
53.58,1,0.175,0,-0.01,0.98,173.86,-0.17,-0.6,-0,-0,0,3.85,0,-0.31,0,0.01,-0.01,1
53.602,5,-0.284,0.04,-0.96,-0.07,196.09,33.22,172.47,0.01,-0,0,3.79,-0.46,0.61,1.37,-0.56,0.11,-0.82
53.604,3,-0.469,0.07,-0.86,-0.17,190.01,56.43,155.88,0.01,0.01,0,3.73,-0.76,-1.37,-0.31,-0.83,0.22,-0.51
53.659,4,-0.292,0.16,-0.94,-0.04,213.98,34.31,-178.63,0,0.01,0,3.72,0,0,0.15,-0.57,-0.03,-0.83
53.661,6,0.745,-0.03,0.66,-0.08,319.36,78.76,-50.59,0,-0,0.01,3.74,-0.46,0,-0.31,-0.99,-0.15,0.13
53.665,0,0.033,0.21,-0.03,-0.98,198.89,24.46,4.27,0,-0,0.01,3.85,-0.15,0.92,0.61,-0.42,0.07,0.91
53.666,7,-0.702,-0.2,-0.67,-0.15,96.4,61.23,86.09,-0.01,0,0.02,0,-0.15,0.15,0,-0.89,0.49,0.03
53.67,2,-0.496,0.14,-0.82,0.25,239.46,47.97,-124.92,0.01,0,0.01,3.87,-0.76,2.44,-2.14,-0.76,-0.56,-0.38
53.672,1,0.175,-0,-0.01,0.98,173.91,-0.08,-0.63,-0,0,0.01,3.85,0,0,0,0.01,-0.01,1.01
53.699,5,-0.284,0.04,-0.96,-0.07,196.02,33.24,172.34,0.01,0,0,3.79,-1.53,-0.15,0.61,-0.56,0.11,-0.82
53.701,3,-0.468,0.07,-0.87,-0.17,190,56.31,155.83,0,0.01,0.01,3.73,1.22,-0.76,-0.31,-0.84,0.22,-0.51
53.757,4,-0.293,0.16,-0.94,-0.04,213.87,34.32,-178.65,-0.01,0.01,0.01,3.72,0,-1.22,2.44,-0.56,-0.02,-0.83
53.759,6,0.745,-0.03,0.66,-0.08,319.21,78.78,-50.81,0.01,-0,0.01,3.74,0.31,0,0.31,-0.99,-0.15,0.13
53.762,0,0.033,0.21,-0.03,-0.98,198.88,24.48,4.23,0.01,-0,0.01,3.85,0,-0.31,-0.61,-0.43,0.08,0.92
53.764,7,-0.702,-0.2,-0.67,-0.15,96.37,61.25,86.02,-0.01,0,0.02,0,0,0,0.15,-0.9,0.49,0.03
53.768,2,-0.495,0.14,-0.82,0.25,239.35,47.86,-125.03,0.01,0.03,0.02,3.87,1.53,1.07,-1.22,-0.75,-0.59,-0.37
53.77,1,0.175,0,-0.01,0.98,173.89,-0.13,-0.62,-0.01,-0,0,3.85,-0.31,0.31,-0.15,0.01,-0.01,1
53.819,5,-0.283,0.03,-0.96,-0.07,195.93,33.14,172.24,0.01,-0.02,0.01,3.79,-0.46,0,-1.53,-0.57,0.12,-0.82
53.821,3,-0.467,0.07,-0.87,-0.17,190.24,56.25,156.04,0.01,-0,0.01,3.73,-0.31,0,1.98,-0.84,0.23,-0.51
53.873,4,-0.293,0.16,-0.94,-0.04,213.56,34.42,-179.06,0,0.03,0,3.72,0,0.31,-0.92,-0.56,-0.04,-0.83
53.875,6,0.745,-0.03,0.66,-0.08,319.53,78.82,-50.38,-0,-0,0.01,3.74,-0.15,-0.15,0.15,-0.99,-0.15,0.13
53.878,0,0.031,0.21,-0.03,-0.98,198.6,24.5,4.1,-0,0.01,0.01,3.85,0.15,0,1.53,-0.41,0.07,0.92
53.88,7,-0.702,-0.2,-0.67,-0.15,96.49,61.23,86.16,0,-0,0.02,0,0,0,0,-0.89,0.49,0.03
53.885,2,-0.494,0.14,-0.82,0.25,239.48,47.7,-124.91,-0.01,-0.01,-0,3.87,-2.44,-3.36,-4.58,-0.74,-0.54,-0.38
53.886,1,0.175,0,-0.01,0.98,173.95,-0.18,-0.6,0,-0,-0,3.85,-0.15,0,0,0.01,-0.01,1
53.907,5,-0.283,0.03,-0.96,-0.07,195.92,33.11,172.33,-0.01,0.01,-0,3.79,1.68,0.31,1.68,-0.53,0.1,-0.83
53.909,3,-0.467,0.07,-0.87,-0.17,190,56.29,155.84,0,0,0.02,3.73,-0.61,0,-0.92,-0.85,0.24,-0.52
53.966,4,-0.292,0.16,-0.94,-0.04,214.27,34.21,-178.37,-0,-0.02,0.01,3.72,1.68,1.53,-4.88,-0.57,0,-0.84
53.967,6,0.746,-0.03,0.66,-0.08,319.83,78.74,-50.18,-0,-0,0,3.74,-0.15,0,0,-0.99,-0.15,0.12
53.972,0,0.031,0.21,-0.03,-0.98,198.58,24.45,4.13,-0,0,0.01,3.85,-0.31,0.76,0,-0.42,0.07,0.91
53.973,7,-0.702,-0.2,-0.67,-0.15,96.49,61.22,86.16,-0,0,0.01,0,0,0,-0.15,-0.89,0.48,0.03
53.977,2,-0.495,0.14,-0.82,0.25,239.85,47.62,-124.71,-0,0.01,0,3.87,0.31,0.46,1.07,-0.74,-0.56,-0.38
53.978,1,0.175,0,-0.01,0.98,173.84,-0.18,-0.64,-0,0,0,3.85,0,0,0,0.01,-0.01,1
54.001,5,-0.282,0.03,-0.96,-0.07,195.78,32.92,172.3,0.02,-0,0.01,3.79,-0.31,0,-0.15,-0.56,0.12,-0.83
54.003,3,-0.468,0.07,-0.86,-0.17,189.81,56.33,155.69,-0,-0,0.01,3.73,0.76,0.31,0,-0.83,0.23,-0.52
54.059,4,-0.291,0.16,-0.94,-0.04,214.35,34.12,-178.28,0,0,0.01,3.72,0.46,-0.46,0,-0.57,-0.03,-0.83
54.061,6,0.746,-0.03,0.66,-0.08,320.17,78.71,-49.79,0,0,0,3.74,0,0.15,0.15,-0.99,-0.15,0.13
54.065,0,0.029,0.21,-0.03,-0.98,198.33,24.6,4.03,0,-0.01,0.01,3.85,-0.31,0.76,-1.22,-0.42,0.06,0.91
54.067,7,-0.702,-0.2,-0.67,-0.15,96.34,61.19,86.04,0,-0,0.02,0,0,0,-0.15,-0.9,0.49,0.03
54.072,2,-0.495,0.14,-0.82,0.25,239.77,47.75,-124.75,0,-0.01,-0.01,3.87,0.92,0,0.15,-0.74,-0.54,-0.38
54.073,1,0.176,0,-0.01,0.98,173.76,-0.22,-0.65,0,0,0,3.85,0,0.15,-0.15,0.01,-0.01,1
54.121,5,-0.282,0.03,-0.96,-0.07,195.84,32.93,172.37,0.02,-0.01,0.01,3.79,-0.15,0.46,-0.31,-0.56,0.12,-0.83
54.123,3,-0.468,0.07,-0.87,-0.17,189.53,56.27,155.48,-0,-0,0.02,3.73,0.31,0.92,-1.37,-0.84,0.24,-0.52
54.175,4,-0.291,0.16,-0.94,-0.04,214.2,34.14,-178.32,0,-0,0,3.72,-0.31,0.15,0.46,-0.56,-0.02,-0.83
54.177,6,0.746,-0.03,0.66,-0.08,320.19,78.68,-49.8,-0,-0,0.01,3.74,0,0,0,-0.99,-0.15,0.12
54.18,0,0.029,0.22,-0.03,-0.98,198.31,24.75,3.98,0,-0.01,0,3.85,-0.15,0,0.31,-0.42,0.05,0.91
54.183,7,-0.702,-0.2,-0.67,-0.15,96.38,61.18,86.08,-0,-0,0.02,0,0,0,0,-0.89,0.49,0.03
54.187,2,-0.495,0.14,-0.82,0.25,239.8,47.76,-124.69,0,0.01,0.01,3.87,0,-0.31,-0.92,-0.75,-0.57,-0.38
54.189,1,0.175,0,-0.01,0.98,173.85,-0.24,-0.59,-0,0,0.01,3.85,0,0.46,0,0.01,-0.01,1.01
54.209,5,-0.282,0.03,-0.96,-0.07,195.62,32.98,172.25,0.01,0,-0,3.79,0.46,-0.31,-0.15,-0.54,0.11,-0.83
54.211,3,-0.468,0.07,-0.86,-0.17,189.65,56.37,155.59,0,-0.01,0.01,3.73,-0.46,0.31,-1.37,-0.84,0.24,-0.51
54.268,4,-0.291,0.16,-0.94,-0.04,214.15,34.14,-178.34,-0,0.02,0,3.72,0,0,0.15,-0.56,-0.04,-0.83
54.27,6,0.746,-0.03,0.66,-0.08,320.28,78.69,-49.68,-0,0,0.01,3.74,0,0,0,-0.99,-0.15,0.13
54.275,0,0.03,0.22,-0.03,-0.98,198.47,24.81,4.04,-0,0,0.01,3.85,0,0,0.61,-0.42,0.07,0.91
54.276,7,-0.702,-0.2,-0.67,-0.15,96.59,61.2,86.34,0,0,0.02,0,0.15,0,0,-0.89,0.49,0.03
54.283,2,-0.496,0.14,-0.82,0.25,239.87,47.82,-124.58,0,-0.01,-0,3.87,0.15,-0.76,-0.92,-0.75,-0.55,-0.38
54.285,1,0.176,0,-0.01,0.98,173.81,-0.22,-0.58,0,0,0,3.85,0,0.15,0,0,-0.01,1
54.312,5,-0.282,0.03,-0.96,-0.07,195.6,32.97,172.21,0.01,0.03,-0.01,3.79,-0.46,0.15,0.61,-0.55,0.08,-0.82
54.314,3,-0.468,0.07,-0.86,-0.17,189.89,56.33,155.73,-0,0.01,0,3.73,-0.31,0,0.31,-0.83,0.22,-0.51
54.373,4,-0.292,0.16,-0.94,-0.04,214.11,34.17,-178.35,0,0,0,3.72,-0.31,-0.15,0,-0.56,-0.03,-0.83
54.375,6,0.747,-0.03,0.66,-0.08,320.45,78.68,-49.44,-0,0,0,3.74,-0.15,0,-0.15,-0.98,-0.15,0.12
54.38,0,0.03,0.22,-0.03,-0.98,198.43,24.82,4.05,-0,0,0.01,3.85,0.46,0,-0.46,-0.42,0.07,0.91
54.382,7,-0.701,-0.2,-0.67,-0.15,96.59,61.19,86.4,0,0.01,0.02,0,0,0,0,-0.89,0.48,0.03
54.388,2,-0.496,0.14,-0.82,0.25,240.02,47.79,-124.49,-0.01,0,-0,3.87,-0.15,-0.46,0,-0.74,-0.55,-0.38
54.389,1,0.176,0,-0.01,0.98,173.83,-0.14,-0.57,-0.01,-0,0,3.85,0,0.76,0,0.01,-0.01,1
54.416,5,-0.282,0.03,-0.96,-0.07,195.58,32.98,172.25,0.01,0,-0,3.79,-0.76,0.31,0.46,-0.56,0.11,-0.82
54.418,3,-0.468,0.07,-0.86,-0.17,190.01,56.41,155.78,-0.01,0.02,0,3.73,-0.46,-1.07,1.07,-0.84,0.21,-0.52
54.474,4,-0.292,0.16,-0.94,-0.04,214.18,34.17,-178.3,0,0,0,3.72,0,0.31,-1.07,-0.56,-0.03,-0.83
54.476,6,0.746,-0.03,0.66,-0.08,319.92,78.75,-49.99,-0,0,0,3.74,0,-0.31,0,-0.99,-0.15,0.12
54.479,0,0.029,0.22,-0.03,-0.98,198.34,24.78,4.04,-0.01,0,0.01,3.85,0.15,0,-0.15,-0.42,0.07,0.92
54.481,7,-0.701,-0.2,-0.67,-0.15,96.63,61.21,86.42,-0,-0,0.02,0,0,-0.15,0,-0.89,0.49,0.03
54.486,2,-0.496,0.14,-0.82,0.25,240.12,47.72,-124.48,0,0,0,3.87,-0.31,0.31,0.76,-0.74,-0.55,-0.38
54.487,1,0.175,-0,-0,0.98,173.89,-0.06,-0.55,-0,0,0,3.85,0,0.31,0,0,-0,1
54.508,5,-0.282,0.03,-0.96,-0.07,195.52,32.93,172.21,0.01,0.01,0,3.79,-0.15,0,-0.15,-0.56,0.11,-0.82
54.51,3,-0.468,0.07,-0.86,-0.17,189.93,56.36,155.73,0,0.01,0.01,3.73,0.31,0.92,1.68,-0.83,0.22,-0.52
54.565,4,-0.292,0.16,-0.94,-0.04,214.41,34.16,-178.2,-0.02,0.01,-0.01,3.72,0,0.46,-1.07,-0.54,-0.02,-0.83
54.567,6,0.745,-0.03,0.66,-0.08,319.67,78.78,-50.28,0,-0,0,3.74,0.15,0,0.15,-0.99,-0.15,0.12
54.571,0,0.029,0.22,-0.03,-0.98,198.31,24.84,4.07,-0,0.01,0.01,3.85,0.15,0.31,0,-0.42,0.08,0.92
54.572,7,-0.701,-0.2,-0.67,-0.15,96.66,61.21,86.46,0,0,0.01,0,0,0,0.31,-0.89,0.49,0.03
54.576,2,-0.497,0.14,-0.82,0.25,240.25,47.72,-124.4,-0,0.01,0.01,3.87,-1.07,0,-0.76,-0.74,-0.56,-0.38
54.577,1,0.175,-0,-0.01,0.98,173.85,0.04,-0.6,-0,0,-0,3.85,-0.31,0.31,0,0,-0.01,1
54.627,5,-0.281,0.03,-0.96,-0.07,195.47,32.87,172.17,0.01,-0,-0.01,3.8,0.15,0,-0.76,-0.55,0.12,-0.83
54.629,3,-0.468,0.07,-0.86,-0.17,189.75,56.39,155.66,0,-0,0.01,3.73,-0.15,-1.37,-0.15,-0.85,0.24,-0.5
54.676,4,-0.291,0.17,-0.94,-0.04,214.67,34.04,-178.11,0,-0.01,0,3.72,0.15,0.61,-1.37,-0.55,-0.02,-0.83
54.678,6,0.746,-0.03,0.66,-0.08,319.89,78.76,-50.04,-0,0,0.01,3.74,0,0,0,-0.99,-0.15,0.12
54.681,0,0.029,0.22,-0.03,-0.98,198.34,24.84,4.12,0,0.01,0.01,3.85,0,0,-0.31,-0.42,0.08,0.91
54.683,7,-0.702,-0.2,-0.67,-0.15,96.58,61.18,86.36,0,0,0.01,0,0,0.15,0.31,-0.89,0.48,0.03
54.688,5,-0.281,0.03,-0.96,-0.07,195.58,32.84,172.28,0.03,-0,0.01,3.8,0.31,0,0.76,-0.57,0.12,-0.83
54.689,1,0.176,-0,-0.01,0.98,173.8,0.04,-0.63,0,0,-0.01,3.85,-0.31,0.31,0,0,-0.01,1
54.711,2,-0.497,0.14,-0.82,0.25,240.3,47.81,-124.35,0.01,0.01,0.01,3.87,0.61,0.31,0.46,-0.75,-0.57,-0.38
54.712,3,-0.469,0.07,-0.86,-0.17,189.91,56.44,155.77,-0,-0.01,0.02,3.73,0.76,-0.31,-1.68,-0.85,0.24,-0.52
54.768,4,-0.291,0.17,-0.94,-0.04,214.76,34.08,-178.08,-0,0.01,0.01,3.72,0,-1.07,1.98,-0.55,-0.03,-0.84
54.77,6,0.746,-0.03,0.66,-0.08,320.07,78.74,-49.87,-0,-0,0.01,3.74,-0.15,0,0.15,-0.99,-0.15,0.12
54.774,0,0.029,0.22,-0.03,-0.98,198.32,24.77,4.15,0,0.01,0.01,3.85,-0.46,-0.31,-0.76,-0.42,0.07,0.91
54.775,7,-0.701,-0.2,-0.67,-0.15,96.63,61.14,86.41,-0,-0,0.02,0,-0.15,0,0,-0.89,0.49,0.03
54.779,2,-0.496,0.14,-0.82,0.25,239.8,47.89,-124.63,-0.02,-0.01,-0.01,3.87,0.31,-0.46,0.46,-0.73,-0.54,-0.39
54.781,1,0.175,-0,-0.01,0.98,173.94,0.07,-0.61,0,0,0,3.85,0,0.46,0,0,-0.01,1
54.829,5,-0.282,0.03,-0.96,-0.07,195.48,32.94,172.27,-0,0.01,-0.01,3.8,0.15,0.15,0.76,-0.53,0.1,-0.83
54.831,3,-0.469,0.07,-0.86,-0.17,189.99,56.43,155.91,0,0.01,0,3.73,0,-0.46,-1.22,-0.84,0.22,-0.5
54.885,4,-0.292,0.16,-0.94,-0.04,214.43,34.15,-178.24,-0.01,-0,-0.01,3.72,0.76,0,-0.76,-0.56,-0.02,-0.82
54.886,6,0.746,-0.03,0.66,-0.08,320.09,78.75,-49.86,0,0,0.01,3.74,0,0,0,-0.99,-0.15,0.13
54.89,0,0.029,0.21,-0.03,-0.98,198.3,24.7,4.11,-0,-0.01,0,3.85,-0.15,-0.61,-1.22,-0.42,0.06,0.91
54.892,7,-0.701,-0.2,-0.67,-0.15,96.8,61.17,86.51,0,-0,0.02,0,0.31,0,0,-0.89,0.49,0.03
54.896,5,-0.282,0.03,-0.96,-0.07,195.42,32.9,172.3,0.01,-0.01,0,3.8,0.61,-0.15,-0.15,-0.55,0.12,-0.83
54.898,1,0.175,-0,-0.01,0.98,173.93,0.14,-0.61,-0,0,-0.01,3.85,0,0.31,-0.15,-0,-0.01,1
54.918,2,-0.496,0.14,-0.82,0.25,239.91,47.88,-124.53,-0,-0.01,-0.01,3.87,1.53,0.31,-3.05,-0.74,-0.55,-0.38
54.92,3,-0.47,0.07,-0.86,-0.17,190.1,56.59,155.98,0,0,0,3.73,-0.76,0.76,-0.76,-0.84,0.22,-0.5
54.975,4,-0.292,0.16,-0.94,-0.04,214.12,34.21,-178.4,0.01,-0,0,3.72,-1.22,-0.46,6.1,-0.57,-0.02,-0.83
54.977,6,0.746,-0.03,0.66,-0.08,320.05,78.76,-49.88,-0.01,0,0.01,3.74,0,0,0,-0.99,-0.15,0.12
54.98,0,0.028,0.21,-0.03,-0.98,198.24,24.64,4.03,-0,-0,0,3.85,-0.31,-0.31,0.46,-0.41,0.06,0.92
54.982,7,-0.701,-0.2,-0.67,-0.15,96.77,61.17,86.51,-0,0,0.02,0,0.15,-0.15,0,-0.89,0.49,0.03
54.986,5,-0.282,0.03,-0.96,-0.07,195.53,32.88,172.35,0,0.01,0,3.8,-0.15,-1.07,-1.07,-0.53,0.09,-0.84
54.988,1,0.176,-0,-0.01,0.98,173.77,0.17,-0.67,-0.01,-0,0.01,3.85,0,-0.15,-0.15,0,-0.01,1.01
55.011,2,-0.496,0.14,-0.82,0.25,239.53,47.99,-124.58,0,0,0,3.87,1.07,-1.98,1.98,-0.75,-0.57,-0.39
55.013,3,-0.469,0.07,-0.86,-0.17,190.02,56.54,155.88,0,0.01,-0,3.73,0.46,-0.31,1.22,-0.83,0.21,-0.51
55.068,4,-0.292,0.16,-0.94,-0.04,213.71,34.23,-178.54,0.01,0,0,3.72,1.53,0.46,1.07,-0.57,-0.03,-0.82
55.07,6,0.746,-0.03,0.66,-0.08,320.08,78.75,-49.82,0,-0,0.01,3.74,-0.31,0,-0.15,-0.99,-0.15,0.13
55.073,0,0.028,0.21,-0.03,-0.98,198.24,24.68,3.96,0,-0,0.01,3.85,-0.15,-0.15,0.61,-0.42,0.07,0.91
55.075,7,-0.701,-0.2,-0.67,-0.15,96.77,61.2,86.51,0,-0,0.02,0,0,0,-0.46,-0.89,0.49,0.03
55.078,2,-0.498,0.14,-0.82,0.25,239.7,48.21,-124.33,0.02,-0.01,-0,3.87,-1.83,-1.83,-5.65,-0.75,-0.54,-0.36
55.08,1,0.176,-0,-0.01,0.98,173.82,0.05,-0.62,-0,-0,0.01,3.85,0.61,0,0,0,-0.01,1.01
55.129,5,-0.282,0.03,-0.96,-0.07,195.59,32.9,172.38,0.02,0,0,3.8,-0.46,-0.61,-0.61,-0.55,0.1,-0.83
55.131,3,-0.469,0.07,-0.86,-0.17,190.18,56.55,155.93,-0,0,0.01,3.73,-0.76,0.61,0.15,-0.84,0.22,-0.51
55.184,4,-0.291,0.16,-0.94,-0.04,213.83,34.13,-178.37,0.02,-0.01,0,3.72,0,1.07,-4.58,-0.57,-0.02,-0.82
55.187,6,0.746,-0.03,0.66,-0.08,319.71,78.72,-50.36,0,-0,0,3.74,0,-0.15,0,-0.99,-0.15,0.13
55.192,0,0.028,0.21,-0.03,-0.98,198.15,24.64,3.94,-0,0,0.01,3.85,0.31,0,-0.61,-0.42,0.06,0.92
55.194,7,-0.701,-0.2,-0.67,-0.15,96.76,61.27,86.53,-0,0.01,0.02,0,-0.15,-0.15,-0.31,-0.9,0.48,0.03
55.198,2,-0.498,0.14,-0.82,0.25,240,48.02,-124.3,-0.01,0.01,0,3.87,-0.46,0,-0.31,-0.74,-0.56,-0.38
55.199,1,0.175,-0,-0,0.98,173.94,0.15,-0.56,-0,0.01,-0,3.85,0.15,-0.15,-0.15,0,-0,1
55.217,5,-0.282,0.03,-0.96,-0.07,195.55,32.96,172.46,-0.01,-0,-0.01,3.8,0.31,-0.31,-0.15,-0.54,0.11,-0.82
55.219,3,-0.469,0.07,-0.86,-0.17,190.3,56.53,155.98,-0.01,0.01,0.01,3.73,0.46,1.68,1.37,-0.84,0.22,-0.51
55.277,4,-0.291,0.16,-0.94,-0.04,214.11,34.07,-178.3,-0.01,-0.01,0,3.72,-0.15,0.31,-1.37,-0.55,-0.02,-0.84
55.279,6,0.746,-0.03,0.66,-0.08,319.76,78.73,-50.24,-0,0,0,3.74,0.15,0.15,0,-0.98,-0.16,0.12
55.285,0,0.027,0.21,-0.03,-0.98,198.14,24.68,3.97,-0,-0,0.01,3.85,0,0.61,-0.15,-0.42,0.06,0.92
55.287,7,-0.701,-0.2,-0.67,-0.15,96.65,61.31,86.39,0,0,0.02,0,0.15,0,0.31,-0.89,0.48,0.04
55.293,2,-0.497,0.14,-0.82,0.25,240.04,47.95,-124.33,-0.01,-0,-0,3.87,-0.46,-0.31,0.46,-0.74,-0.54,-0.39
55.294,1,0.175,-0,-0,0.98,173.86,0.11,-0.54,-0,-0,-0,3.85,-0.15,-0.31,0,0,-0.01,1
55.315,5,-0.282,0.03,-0.96,-0.07,195.41,32.91,172.36,0.01,0.01,-0,3.8,-0.15,0.15,-0.15,-0.55,0.1,-0.84
55.317,3,-0.467,0.07,-0.87,-0.17,190.29,56.23,156.11,-0.01,0.01,0,3.73,1.98,1.68,0.31,-0.82,0.21,-0.52
55.381,4,-0.29,0.16,-0.94,-0.04,214.18,34,-178.25,-0,-0,0.01,3.72,-0.46,0.76,-0.61,-0.57,-0.02,-0.84
55.383,6,0.746,-0.03,0.66,-0.08,319.84,78.73,-50.12,-0.01,-0,0,3.74,-0.15,0,0,-0.98,-0.15,0.12
55.387,0,0.028,0.22,-0.03,-0.98,198.17,24.77,3.92,-0,0,0.01,3.85,0.15,0.92,0.46,-0.42,0.06,0.91
55.389,7,-0.701,-0.2,-0.67,-0.15,96.72,61.32,86.44,0,-0,0.02,0,-0.46,0.15,0.46,-0.89,0.49,0.03
55.393,2,-0.498,0.14,-0.82,0.25,240.19,47.96,-124.27,0.01,0.01,0.01,3.87,-0.15,0.15,1.22,-0.74,-0.56,-0.37
55.394,1,0.175,-0,-0,0.98,173.87,0.1,-0.58,-0,-0,-0,3.85,0,-0.76,0.31,0,-0.01,1
55.42,5,-0.282,0.03,-0.96,-0.07,195.46,32.95,172.4,0.01,0,-0,3.8,-0.76,0,0,-0.55,0.11,-0.83
55.421,3,-0.466,0.07,-0.87,-0.17,190.66,56.17,156.46,-0.02,-0.03,0,3.73,-1.22,0.31,-0.15,-0.82,0.25,-0.52
55.479,4,-0.291,0.16,-0.94,-0.04,214.16,34.04,-178.35,0,-0,0,3.72,-0.46,-0.15,0.31,-0.56,-0.03,-0.83
55.481,6,0.746,-0.03,0.66,-0.08,319.58,78.72,-50.53,-0,-0,0,3.74,0.15,0,0,-0.99,-0.15,0.12
55.485,0,0.028,0.22,-0.03,-0.98,198.18,24.87,3.96,0,0.01,0.01,3.85,0.15,0.15,-0.31,-0.42,0.07,0.91
55.487,7,-0.701,-0.2,-0.67,-0.15,96.72,61.3,86.4,-0,-0,0.01,0,0,0,-0.15,-0.89,0.49,0.03
55.491,2,-0.498,0.14,-0.82,0.25,240.15,48.03,-124.28,-0,-0.01,0,3.87,0,-2.14,-1.53,-0.75,-0.56,-0.38
55.492,1,0.175,-0,-0,0.98,173.87,0.14,-0.6,-0.01,0,0,3.84,0,-0.61,-0.15,0,-0.01,1
55.519,5,-0.282,0.03,-0.96,-0.07,195.64,32.96,172.43,-0,-0,0,3.8,-2.44,-0.61,-1.68,-0.55,0.11,-0.84
55.521,3,-0.466,0.07,-0.87,-0.17,190.57,56.11,156.37,0,0.01,0,3.73,-0.15,-0.46,0.61,-0.83,0.22,-0.52
55.579,4,-0.291,0.16,-0.94,-0.04,214.28,34.1,-178.27,0,0,-0,3.72,-0.31,-0.46,-0.46,-0.56,-0.02,-0.82
55.581,6,0.745,-0.03,0.66,-0.08,319.43,78.77,-50.63,-0,0,0,3.74,0.31,0,0.31,-0.98,-0.15,0.12
55.585,0,0.027,0.22,-0.03,-0.98,198.13,24.9,3.97,-0,0,-0,3.85,0,0.15,-0.15,-0.42,0.06,0.91
55.587,7,-0.702,-0.2,-0.67,-0.15,96.6,61.26,86.29,0,-0,0.02,0,0.15,-0.15,-0.61,-0.89,0.49,0.03
55.591,2,-0.499,0.14,-0.82,0.25,240.29,48.02,-124.16,-0.01,-0.01,-0,3.87,-1.37,-1.22,-3.66,-0.73,-0.54,-0.38
55.593,1,0.175,-0,-0,0.98,173.84,0.08,-0.58,-0.01,-0,0,3.84,0,-0.15,-0.15,0,-0.01,1
55.62,5,-0.284,0.03,-0.96,-0.07,195.86,33.18,172.2,0.02,0.02,0.01,3.8,-0.31,-0.76,-1.07,-0.56,0.09,-0.83
55.622,3,-0.465,0.07,-0.87,-0.17,190.52,56.05,156.29,0.01,-0.01,0.01,3.73,-0.61,0,0.92,-0.84,0.24,-0.51
55.677,4,-0.291,0.16,-0.94,-0.04,214.39,34.04,-178.21,-0.01,-0,-0,3.72,0,1.07,-3.97,-0.55,-0.03,-0.83
55.679,6,0.745,-0.03,0.66,-0.08,319.45,78.73,-50.67,-0.01,0.01,0.01,3.74,-0.15,-0.46,0.76,-0.98,-0.16,0.12
55.683,0,0.028,0.22,-0.03,-0.98,198.26,24.88,4.01,-0,0,0.01,3.85,0,0.15,0.76,-0.42,0.07,0.91
55.685,7,-0.702,-0.2,-0.67,-0.15,96.54,61.29,86.29,-0.01,0,0.01,0,0.31,0,0,-0.89,0.48,0.02
55.689,2,-0.499,0.14,-0.82,0.25,240.76,47.92,-123.84,0,0.01,0,3.87,0.15,0,0,-0.74,-0.56,-0.37
55.69,1,0.175,-0,-0,0.98,173.9,0.1,-0.56,-0.01,-0,-0,3.84,-0.46,1.53,0.15,0.01,-0.01,0.99
55.739,5,-0.284,0.03,-0.96,-0.07,195.96,33.2,172.44,-0,-0.01,-0,3.8,-0.15,0.31,1.07,-0.54,0.11,-0.83
55.741,3,-0.465,0.07,-0.87,-0.17,190.51,56.07,156.08,-0,0,0.02,3.73,-1.83,-0.46,-2.75,-0.83,0.22,-0.52
55.793,4,-0.29,0.17,-0.94,-0.04,214.65,34,-178.06,-0,0,0.01,3.72,0,0.31,-0.46,-0.56,-0.03,-0.83
55.795,6,0.746,-0.03,0.66,-0.08,320.01,78.86,-49.98,-0.01,-0,0.01,3.74,-1.68,-0.92,0.92,-0.98,-0.15,0.12
55.798,0,0.028,0.22,-0.03,-0.98,198.24,24.99,4.03,-0,0,0.01,3.85,0,0.46,0.31,-0.42,0.07,0.91
55.8,7,-0.702,-0.2,-0.67,-0.15,96.5,61.21,86.23,0.01,-0.01,0.02,0,-0.76,0.15,0,-0.89,0.5,0.04
55.804,2,-0.499,0.14,-0.82,0.25,240.77,47.86,-123.87,0,0,0,3.87,0,0.31,1.68,-0.74,-0.56,-0.37
55.806,1,0.174,-0,-0,0.98,174.01,0.19,-0.58,0,-0,-0.01,3.84,0.31,0.46,1.07,-0.01,-0.01,0.99
55.827,5,-0.284,0.03,-0.96,-0.07,195.77,33.15,172.32,0.03,-0,0,3.8,0.46,1.22,1.68,-0.56,0.1,-0.82
55.829,3,-0.466,0.07,-0.87,-0.17,191.07,56.23,156.41,-0.02,0.02,-0,3.73,-2.14,-0.46,-3.2,-0.83,0.2,-0.52
55.886,4,-0.29,0.17,-0.94,-0.04,214.56,33.98,-178.09,0.01,-0.01,0.01,3.72,-0.92,0.31,-0.61,-0.57,-0.02,-0.82
55.888,6,0.746,-0.03,0.66,-0.08,320.51,78.96,-49.57,0.01,-0.01,0,3.74,0.61,0.31,2.75,-0.98,-0.13,0.14
55.892,0,0.029,0.22,-0.03,-0.98,198.35,24.97,4.1,-0,-0,0.01,3.85,-0.31,0.15,-1.22,-0.43,0.06,0.91
55.893,7,-0.702,-0.2,-0.67,-0.15,96.56,61.24,86.2,-0,-0,0.02,0,0.15,0,0,-0.89,0.49,0.03
55.897,2,-0.499,0.14,-0.82,0.25,240.58,47.98,-124,-0.01,-0.03,0,3.87,1.37,-1.22,0,-0.75,-0.55,-0.38
55.899,1,0.174,-0,-0,0.98,173.96,0.34,-0.57,-0.01,0.01,-0.01,3.84,0.15,-0.31,-0.31,-0,0,0.99
55.921,5,-0.284,0.03,-0.96,-0.07,195.78,33.17,172.33,0.01,0,0.01,3.79,-0.76,0,-0.76,-0.55,0.12,-0.84
55.923,3,-0.465,0.08,-0.87,-0.17,191.36,56.22,156.57,0.01,0.01,0,3.73,0,0,1.53,-0.84,0.21,-0.51
55.986,4,-0.288,0.17,-0.94,-0.04,214.95,33.74,-178.22,0,0.02,0.01,3.72,-3.05,0.46,2.59,-0.56,-0.03,-0.84
55.988,6,0.746,-0.03,0.66,-0.08,320.71,79,-49.23,-0.01,-0,0,3.74,1.22,0.15,0,-0.98,-0.14,0.12
55.991,0,0.028,0.22,-0.03,-0.98,198.22,24.89,4.01,0.01,-0.03,-0,3.85,1.98,-1.53,3.97,-0.43,0.04,0.91
55.993,7,-0.702,-0.2,-0.67,-0.15,96.5,61.25,86.21,0,0,0.02,0,0.31,-0.15,0.31,-0.89,0.49,0.04
55.997,2,-0.499,0.15,-0.82,0.25,240.96,47.72,-123.88,0.01,0.02,0.01,3.87,-3.36,-1.22,-8.54,-0.74,-0.59,-0.37
55.998,1,0.175,-0,-0,0.98,173.94,0.36,-0.56,-0.01,-0.01,0,3.84,0,-0.46,-0.46,0,-0.01,1
56.023,5,-0.285,0.04,-0.96,-0.07,196.27,33.36,172.5,0.01,0,0.01,3.79,-0.61,-1.22,-2.59,-0.57,0.11,-0.83
56.025,3,-0.466,0.07,-0.87,-0.17,191.11,56.24,156.41,0.01,-0,0,3.73,0,0.46,3.66,-0.83,0.23,-0.51
56.081,4,-0.286,0.17,-0.94,-0.04,215.26,33.53,-178.15,-0.01,-0,0,3.72,0,1.22,-2.75,-0.55,-0.02,-0.84
56.083,6,0.746,-0.03,0.66,-0.08,320.39,78.81,-49.6,-0,0.02,0,3.74,-0.61,-0.15,0.15,-0.98,-0.17,0.12
56.087,0,0.03,0.22,-0.03,-0.98,198.56,24.81,4.29,0.01,0.02,0.01,3.85,0.46,-1.22,2.59,-0.44,0.09,0.92
56.088,7,-0.702,-0.2,-0.67,-0.15,96.54,61.3,86.24,0,0,0.02,0,0,0.31,0.15,-0.89,0.48,0.03
56.092,2,-0.499,0.15,-0.82,0.25,241.55,47.42,-123.57,0.02,-0,0,3.87,-1.22,0,-2.29,-0.75,-0.57,-0.36
56.094,1,0.174,-0,-0,0.98,174.03,0.47,-0.57,-0.01,0,0,3.84,-0.46,1.07,0.31,0,-0,1
56.123,5,-0.286,0.04,-0.96,-0.07,196.44,33.45,172.59,0,-0,0,3.79,0.31,-0.61,-3.05,-0.56,0.11,-0.83
56.125,3,-0.465,0.07,-0.87,-0.17,190.51,56.07,155.9,-0,-0.01,0.02,3.73,-0.15,-0.61,4.12,-0.84,0.24,-0.51
56.181,4,-0.286,0.17,-0.94,-0.04,215.45,33.49,-178.07,-0,0,-0,3.72,-0.46,0,-0.76,-0.55,-0.03,-0.84
56.183,6,0.746,-0.03,0.66,-0.08,320.48,78.79,-49.5,-0.01,0,0,3.74,-0.76,-0.15,0.61,-0.98,-0.15,0.12
56.188,0,0.031,0.22,-0.03,-0.98,198.74,24.8,4.54,0,0.02,0.01,3.85,0.61,-0.31,-0.46,-0.43,0.09,0.91
56.189,7,-0.702,-0.2,-0.67,-0.15,96.59,61.28,86.28,-0,-0,0.01,0,-0.31,0,0.76,-0.89,0.49,0.03
56.193,2,-0.499,0.15,-0.81,0.25,241.7,47.35,-123.48,0,-0.01,-0,3.87,-0.15,-0.46,-0.31,-0.74,-0.56,-0.37
56.195,1,0.174,-0.01,-0,0.98,174.05,0.49,-0.59,-0.01,-0,0,3.84,-0.31,0.31,0.15,-0,-0.01,1
56.243,5,-0.286,0.04,-0.95,-0.07,196.44,33.51,172.5,0.01,-0,0,3.79,-0.46,0,0.92,-0.56,0.11,-0.82
56.245,3,-0.465,0.07,-0.87,-0.17,189.93,55.98,155.36,0.01,-0,0.01,3.73,-0.61,0.61,0.92,-0.85,0.23,-0.51
56.297,4,-0.286,0.17,-0.94,-0.04,215.62,33.48,-177.97,-0.01,-0,0,3.72,0.46,-0.46,0,-0.54,-0.02,-0.84
56.299,6,0.746,-0.03,0.66,-0.08,320.96,78.91,-49,0,-0.01,0,3.74,0,0,-0.76,-0.99,-0.13,0.13
56.304,0,0.031,0.21,-0.03,-0.98,198.68,24.62,4.58,-0,0,0.01,3.85,-0.31,-0.76,-1.07,-0.41,0.07,0.92
56.306,7,-0.702,-0.2,-0.67,-0.15,96.64,61.27,86.24,0,-0.01,0.02,0,0,0,0,-0.89,0.5,0.04
56.309,5,-0.285,0.04,-0.96,-0.07,196.37,33.33,172.49,0,0.01,-0,3.79,0,0.92,2.29,-0.54,0.1,-0.83
56.311,1,0.173,-0.01,-0,0.98,174.11,0.52,-0.58,-0,0,-0.01,3.84,0,0,-0.15,-0.01,-0.01,1
56.331,2,-0.5,0.15,-0.81,0.25,241.79,47.42,-123.34,-0,-0,-0.01,3.87,1.37,0,2.29,-0.73,-0.55,-0.38
56.333,3,-0.464,0.07,-0.87,-0.17,190.16,55.89,155.48,0.01,0,0.01,3.73,0.15,1.22,-4.12,-0.83,0.23,-0.51
56.394,4,-0.286,0.17,-0.94,-0.04,215.55,33.43,-178.06,-0.01,-0,0,3.72,-0.31,-0.92,1.07,-0.55,-0.03,-0.84
56.396,6,0.746,-0.03,0.66,-0.08,320.43,78.94,-49.53,0,-0,0.01,3.74,0.76,0.46,-0.76,-0.99,-0.15,0.12
56.4,0,0.031,0.21,-0.03,-0.98,198.63,24.49,4.5,-0.01,-0,0.01,3.85,-0.31,-1.53,-1.07,-0.41,0.07,0.92
56.401,7,-0.702,-0.2,-0.67,-0.15,96.69,61.26,86.32,0,0,0.02,0,0.31,0,-0.15,-0.89,0.49,0.03
56.406,2,-0.499,0.15,-0.81,0.25,241.66,47.43,-123.41,0,0.01,-0.01,3.87,0.92,0.61,0.76,-0.74,-0.57,-0.36
56.408,1,0.175,-0.01,-0,0.98,173.88,0.5,-0.63,-0.01,-0,0,3.84,0.46,-0.15,-0.46,-0,-0.01,1
56.43,5,-0.283,0.04,-0.96,-0.07,196.24,33.15,172.5,0.01,-0,0.01,3.79,-0.15,0.92,1.83,-0.56,0.12,-0.82
56.432,3,-0.463,0.07,-0.87,-0.17,190.4,55.76,155.76,-0,0.02,-0.01,3.73,0.31,0,-0.92,-0.82,0.21,-0.52
56.483,4,-0.287,0.17,-0.94,-0.04,215.45,33.6,-178.17,0.01,0,0,3.72,0.46,-0.76,1.22,-0.55,-0.03,-0.83
56.485,6,0.746,-0.03,0.66,-0.08,320.13,78.9,-49.69,-0.01,0.01,0,3.74,0,0.15,-0.15,-0.98,-0.16,0.12
56.489,0,0.03,0.21,-0.03,-0.98,198.58,24.42,4.44,0,-0.01,0.01,3.85,0,-1.22,-0.46,-0.42,0.06,0.92
56.491,7,-0.702,-0.2,-0.67,-0.15,96.64,61.28,86.34,0,0,0.02,0,0,0,-0.46,-0.9,0.48,0.03
56.495,2,-0.499,0.15,-0.81,0.25,241.72,47.39,-123.35,0,-0.01,-0,3.87,0.15,0,-2.14,-0.74,-0.56,-0.37
56.497,1,0.176,-0,-0,0.98,173.81,0.39,-0.58,-0.01,0,0,3.84,0.31,-0.61,0,0,-0.01,1
56.549,5,-0.283,0.04,-0.96,-0.07,196.3,33.13,172.55,0.01,-0.01,0,3.79,0.46,0,-0.76,-0.55,0.11,-0.83
56.551,3,-0.464,0.07,-0.87,-0.17,190.4,55.85,155.75,0,0.01,-0.02,3.73,-1.98,-2.59,-2.9,-0.82,0.21,-0.51
56.583,4,-0.287,0.17,-0.94,-0.04,215.38,33.64,-178.18,0.01,-0,0,3.72,-1.07,0.76,1.22,-0.56,-0.02,-0.83
56.585,6,0.745,-0.03,0.66,-0.08,319.39,78.9,-50.47,-0,0.01,0,3.74,-0.15,0,0,-0.98,-0.16,0.12
56.59,0,0.03,0.21,-0.03,-0.98,198.51,24.42,4.4,0,-0,0.01,3.85,0.46,-0.31,-0.15,-0.42,0.06,0.91
56.592,7,-0.702,-0.2,-0.67,-0.15,96.47,61.24,86.25,-0,0.01,0.01,0,-0.15,0.15,0.15,-0.89,0.48,0.03
56.595,2,-0.499,0.15,-0.81,0.26,242.02,47.16,-123.13,-0,0,0.01,3.87,-1.22,-0.92,-2.75,-0.73,-0.58,-0.38
56.597,1,0.175,-0,-0,0.98,173.9,0.39,-0.54,-0.01,0.01,0,3.85,-0.31,-0.15,0,0,0,1
56.645,5,-0.283,0.04,-0.96,-0.07,196.54,33.15,172.65,0,-0,0,3.79,-0.92,-1.22,-0.76,-0.55,0.11,-0.83
56.647,3,-0.466,0.07,-0.87,-0.17,190.31,56.14,155.6,0.01,0.01,-0.01,3.73,0.15,-2.59,1.53,-0.85,0.22,-0.49
56.699,4,-0.285,0.17,-0.94,-0.04,215.2,33.46,-178.39,0,-0.01,0.01,3.72,-0.15,0.92,-2.14,-0.56,-0.01,-0.84
56.701,6,0.745,-0.03,0.66,-0.08,319.91,78.96,-49.81,-0,0,0.01,3.74,-0.15,-0.15,1.22,-0.98,-0.15,0.11
56.706,0,0.031,0.21,-0.03,-0.98,198.6,24.35,4.46,-0,-0.01,0.01,3.85,0.15,-0.76,0,-0.41,0.06,0.92
56.708,7,-0.702,-0.2,-0.67,-0.15,96.46,61.19,86.32,0,0,0.02,0,-0.31,0,1.07,-0.89,0.49,0.03
56.711,5,-0.285,0.04,-0.96,-0.07,196.67,33.33,172.54,-0.01,0,-0.01,3.79,0,-0.76,-0.31,-0.53,0.11,-0.83
56.713,1,0.175,-0,-0,0.98,173.91,0.37,-0.59,-0.01,-0,0,3.84,-0.76,1.37,0.61,0,-0.01,1
56.733,2,-0.499,0.16,-0.81,0.26,242.38,46.99,-123.02,-0,-0.01,-0,3.87,-0.76,-0.76,-1.98,-0.73,-0.57,-0.37
56.737,3,-0.466,0.07,-0.86,-0.17,189.71,56.11,155.09,0,-0,0,3.73,-0.46,0.61,-0.46,-0.83,0.22,-0.51
56.795,4,-0.285,0.17,-0.94,-0.04,215.16,33.45,-178.42,0,-0,-0,3.72,0,0,0,-0.56,-0.03,-0.83
56.797,6,0.746,-0.03,0.66,-0.08,320.55,78.95,-49.31,0,-0.01,0.01,3.74,-0.76,-0.31,0.31,-0.99,-0.14,0.13
56.8,0,0.031,0.21,-0.03,-0.98,198.63,24.29,4.46,-0.01,0,0.01,3.85,0,-0.31,1.22,-0.41,0.07,0.92
56.802,7,-0.702,-0.2,-0.67,-0.15,96.5,61.11,86.25,0.01,-0.01,0.02,0,-0.46,0.31,0,-0.89,0.5,0.04
56.807,2,-0.499,0.16,-0.81,0.26,242.5,46.91,-122.93,0.01,-0.01,-0,3.87,0.15,0,-0.92,-0.73,-0.57,-0.37
56.808,1,0.173,-0,-0,0.98,174.09,0.35,-0.58,-0,0,-0,3.85,0.15,0,0.46,-0.01,-0.01,1
56.833,5,-0.285,0.04,-0.96,-0.07,196.75,33.43,172.68,-0,0.02,-0.01,3.79,1.37,0,1.07,-0.52,0.08,-0.83
56.836,3,-0.466,0.07,-0.86,-0.17,189.44,56.07,154.83,-0,0,0.01,3.73,0.61,-0.46,1.98,-0.84,0.23,-0.51
56.89,4,-0.286,0.17,-0.94,-0.04,215.12,33.52,-178.42,0,0,0.01,3.72,-0.15,0,0.31,-0.55,-0.03,-0.84
56.892,6,0.746,-0.03,0.66,-0.08,320.9,78.88,-49.05,0,-0,0,3.74,0.76,0.61,-0.61,-0.99,-0.14,0.13
56.895,0,0.03,0.21,-0.03,-0.98,198.57,24.27,4.47,0,0,0.01,3.85,0.61,-0.31,-1.07,-0.42,0.07,0.92
56.897,7,-0.701,-0.2,-0.67,-0.15,96.56,61.08,86.36,-0,0,0.01,0,0.92,-0.15,-0.61,-0.89,0.49,0.03
56.9,2,-0.498,0.16,-0.81,0.26,242.71,46.76,-122.84,0.01,0,0.01,3.87,0.92,-0.76,-0.92,-0.74,-0.58,-0.37
56.902,1,0.173,-0,-0,0.98,174.08,0.37,-0.51,-0.01,0,0,3.85,0.31,0,-0.61,-0,-0,1
56.953,5,-0.285,0.04,-0.96,-0.07,196.6,33.4,172.67,0.01,-0,0.01,3.79,-1.22,0,2.75,-0.56,0.1,-0.83
56.955,3,-0.466,0.07,-0.86,-0.17,189.4,56.1,154.84,0,0.01,0.01,3.73,0,0.46,0,-0.83,0.23,-0.51
57.006,4,-0.286,0.17,-0.94,-0.04,215.26,33.5,-178.34,0,-0.01,0.01,3.72,0,-1.98,1.68,-0.56,-0.02,-0.84
57.008,6,0.746,-0.03,0.66,-0.08,320.31,78.85,-49.56,-0.01,0.01,0,3.74,0.46,0,-0.46,-0.98,-0.16,0.12
57.011,0,0.03,0.21,-0.03,-0.98,198.51,24.11,4.46,0,-0.01,0.01,3.85,0,-3.2,0.15,-0.41,0.06,0.92
57.013,7,-0.702,-0.2,-0.67,-0.15,96.44,61.15,86.32,0,0.01,0.02,0,0.15,-0.15,0,-0.9,0.48,0.04
57.016,2,-0.5,0.16,-0.81,0.26,242.81,46.91,-122.72,-0.01,0,-0.01,3.87,0.61,-0.92,-0.61,-0.72,-0.57,-0.37
57.017,1,0.173,-0,-0,0.98,174.07,0.39,-0.48,-0.01,-0,0,3.85,0.31,0.15,0,0,-0.01,1.01
57.034,5,-0.285,0.04,-0.96,-0.07,196.6,33.41,172.68,-0,-0,-0.01,3.79,0.15,-0.15,0.46,-0.55,0.12,-0.82
57.036,3,-0.467,0.07,-0.86,-0.17,189.63,56.18,155.01,-0,0.01,0.01,3.73,-0.15,-0.15,-1.07,-0.84,0.23,-0.52
57.092,4,-0.287,0.17,-0.94,-0.04,215.05,33.69,-178.49,-0.01,0.01,0,3.72,0.31,-0.76,0.15,-0.55,-0.03,-0.84
57.094,6,0.746,-0.03,0.66,-0.08,320.23,78.77,-49.65,-0,0.01,0.01,3.74,-0.61,-0.15,0,-0.99,-0.16,0.12
57.097,0,0.031,0.21,-0.03,-0.98,198.65,23.77,4.49,0,-0,0.01,3.85,0,-1.22,-0.46,-0.41,0.07,0.92
57.099,7,-0.702,-0.2,-0.67,-0.15,96.41,61.19,86.3,0,0,0.02,0,-0.31,0,0.15,-0.89,0.49,0.03
57.103,5,-0.285,0.04,-0.96,-0.07,196.35,33.4,172.47,0.01,0,0,3.79,-0.76,0.15,1.37,-0.56,0.11,-0.83
57.104,1,0.173,-0,-0,0.98,174.13,0.5,-0.47,-0.01,0,0,3.85,0,0.92,0.31,-0,-0,1
57.154,2,-0.501,0.16,-0.81,0.26,243.18,46.94,-122.42,0.01,-0.01,0.01,3.87,-0.61,-0.92,-0.61,-0.75,-0.58,-0.36
57.156,3,-0.467,0.07,-0.86,-0.17,189.62,56.24,155.01,-0,-0,0.02,3.73,-0.46,0,-0.15,-0.85,0.24,-0.51
57.188,4,-0.287,0.17,-0.94,-0.04,215.21,33.66,-178.34,0.01,0.01,0.01,3.72,0,-0.76,1.22,-0.56,-0.02,-0.83
57.19,6,0.746,-0.03,0.66,-0.08,320.51,78.81,-49.36,-0,-0.01,0,3.74,0,0,0,-0.99,-0.14,0.12
57.194,0,0.031,0.21,-0.03,-0.98,198.63,23.87,4.49,-0.01,0,0.01,3.85,0,0.31,0.15,-0.4,0.08,0.93
57.195,7,-0.702,-0.2,-0.67,-0.15,96.51,61.2,86.33,0,-0,0.02,0,0,0,0.31,-0.89,0.49,0.03
57.198,5,-0.285,0.04,-0.96,-0.07,196.37,33.39,172.42,0,0,-0,3.79,0,0,0.31,-0.55,0.1,-0.82
57.2,1,0.172,-0.01,-0,0.99,174.25,0.74,-0.49,-0.01,0,-0,3.85,-0.15,0.61,0,-0.01,-0.01,1
57.237,2,-0.501,0.16,-0.81,0.26,242.94,47.02,-122.63,-0.01,-0.01,-0.01,3.87,0.15,0.15,1.37,-0.72,-0.57,-0.37
57.239,3,-0.467,0.07,-0.86,-0.17,189.83,56.3,155.16,0.02,-0,0.03,3.73,-0.15,1.68,0,-0.86,0.26,-0.49
57.295,4,-0.288,0.17,-0.94,-0.04,215.12,33.74,-178.44,-0.01,-0,-0.01,3.72,0,0,-0.31,-0.54,-0.02,-0.83
57.297,7,-0.701,-0.2,-0.67,-0.15,96.75,61.24,86.51,0,-0,0.02,0,0.15,0,0,-0.89,0.49,0.03
57.302,0,0.031,0.21,-0.03,-0.98,198.67,23.89,4.52,-0.01,0,0.01,3.85,0,0.46,0.15,-0.4,0.07,0.92
57.304,6,0.746,-0.03,0.66,-0.08,320.4,78.81,-49.53,0,-0,0,3.74,0.31,0.15,-0.15,-0.98,-0.15,0.12
57.31,2,-0.501,0.16,-0.81,0.26,242.73,47.11,-122.82,-0.01,-0.01,-0.01,3.87,0,-0.15,0,-0.73,-0.56,-0.38
57.312,1,0.171,-0.01,-0,0.99,174.35,0.83,-0.48,-0.01,-0,-0,3.85,0.15,0.31,-0.31,-0.01,-0.01,1
57.357,5,-0.285,0.04,-0.96,-0.07,196.41,33.33,172.48,0.01,0.01,0,3.8,0,0.31,-0.76,-0.57,0.1,-0.82
57.359,3,-0.468,0.07,-0.86,-0.17,190.22,56.38,155.47,0.02,0.01,0.03,3.73,0.61,-1.07,-0.31,-0.86,0.25,-0.5
57.41,4,-0.287,0.17,-0.94,-0.04,214.9,33.69,-178.56,-0.01,-0,-0,3.72,0,0.31,0,-0.55,-0.02,-0.84
57.412,6,0.746,-0.03,0.66,-0.08,320.16,78.77,-49.77,-0.01,-0,0,3.74,0.15,0.15,-0.31,-0.99,-0.15,0.12
57.418,0,0.031,0.21,-0.03,-0.98,198.7,23.96,4.55,-0,0,0,3.85,0.15,0.76,-0.15,-0.41,0.07,0.92
57.42,7,-0.701,-0.2,-0.67,-0.15,96.71,61.24,86.53,-0,0,0.01,0,-0.15,0,0,-0.89,0.48,0.03
57.426,2,-0.5,0.16,-0.81,0.25,242.65,47.09,-122.92,0,-0,0,3.87,-0.31,0.31,0,-0.74,-0.57,-0.37
57.428,1,0.171,-0.01,-0,0.99,174.31,0.86,-0.47,-0.01,-0,0.01,3.85,0,0,-0.15,-0,-0.01,1
57.452,5,-0.285,0.04,-0.96,-0.07,196.47,33.33,172.56,0,-0.01,0,3.79,0,0,-1.83,-0.56,0.11,-0.83
57.454,3,-0.469,0.07,-0.86,-0.17,190.43,56.56,155.63,-0.01,-0.02,0.02,3.73,-0.61,-0.92,-3.05,-0.84,0.25,-0.51
57.493,4,-0.287,0.17,-0.94,-0.04,214.9,33.69,-178.56,0,0,-0,3.72,0,0,-0.46,-0.55,-0.02,-0.83
57.495,6,0.746,-0.03,0.66,-0.08,320.1,78.86,-49.66,-0,0,0.01,3.74,0.15,0,0,-0.99,-0.15,0.13
57.498,0,0.031,0.21,-0.03,-0.98,198.64,23.96,4.56,0,0.01,0.01,3.85,0.46,-0.61,0,-0.41,0.08,0.92
57.5,7,-0.701,-0.2,-0.67,-0.15,96.68,61.24,86.52,0.01,0,0.02,0,-0.31,0,0.15,-0.89,0.48,0.04
57.504,2,-0.5,0.16,-0.81,0.25,242.75,47.03,-122.9,0.01,0.01,0,3.87,0,-0.46,-0.76,-0.73,-0.58,-0.37
57.506,1,0.171,-0.01,-0,0.99,174.4,0.79,-0.41,-0,0,-0,3.85,0,-0.46,-0.15,-0.01,-0,1
57.559,5,-0.285,0.04,-0.96,-0.07,196.69,33.4,172.67,0,0,0,3.79,0.61,-1.07,-5.19,-0.56,0.1,-0.82
57.561,3,-0.469,0.08,-0.86,-0.17,190.97,56.66,156.05,0.01,-0,0.01,3.73,0.92,0.76,0.61,-0.84,0.22,-0.5
57.613,4,-0.287,0.17,-0.94,-0.04,215.02,33.7,-178.45,-0,-0.01,0.01,3.72,0.61,1.07,-1.68,-0.55,-0.02,-0.84
57.615,6,0.745,-0.03,0.66,-0.08,319.58,78.86,-50.23,-0.01,0,0,3.74,0.15,0.15,0,-0.99,-0.15,0.12
57.618,0,0.03,0.21,-0.03,-0.98,198.59,23.92,4.56,-0,-0.01,0.01,3.85,0.15,-1.22,0.15,-0.41,0.06,0.92
57.62,7,-0.701,-0.2,-0.67,-0.15,96.7,61.23,86.51,-0,0,0.02,0,0,0,0.31,-0.89,0.49,0.03
57.626,2,-0.5,0.16,-0.81,0.25,242.89,46.95,-122.83,0.01,-0,0.01,3.87,-0.61,-1.53,-1.83,-0.75,-0.58,-0.36
57.627,1,0.172,-0.01,-0,0.99,174.29,0.82,-0.47,-0,-0,0,3.85,-0.15,0,0,-0,-0.01,1
57.641,5,-0.286,0.04,-0.95,-0.07,197.02,33.51,172.85,0.02,0.01,0,3.8,-0.61,-1.53,-1.68,-0.58,0.09,-0.82
57.643,3,-0.469,0.08,-0.86,-0.17,191.08,56.72,156.21,-0.01,0,0.01,3.73,0.31,-0.15,-0.46,-0.84,0.22,-0.52
57.7,4,-0.287,0.17,-0.94,-0.04,215.24,33.61,-178.19,0,-0.01,0.02,3.72,0.31,-0.46,-0.15,-0.57,-0.03,-0.83
57.701,7,-0.702,-0.2,-0.67,-0.15,96.65,61.26,86.36,-0,0,0.02,0,0,-0.15,0.15,-0.89,0.49,0.03
57.706,0,0.031,0.21,-0.03,-0.98,198.7,23.84,4.64,0,0,0.01,3.85,0.15,-1.37,0.92,-0.41,0.08,0.92
57.708,6,0.745,-0.03,0.66,-0.08,319.36,78.89,-50.44,-0,0,0.01,3.74,0.15,0,0.15,-0.99,-0.15,0.12
57.712,2,-0.501,0.16,-0.81,0.25,242.99,47.04,-122.74,0,0.01,0.01,3.87,0.61,0.46,2.59,-0.73,-0.59,-0.37
57.713,1,0.173,-0.01,-0,0.98,174.18,0.8,-0.52,-0.01,-0,0,3.85,-0.15,0.15,0,-0,-0.01,1
57.741,5,-0.287,0.04,-0.95,-0.07,197.05,33.58,172.86,0,-0.01,-0,3.8,0.31,0,0.46,-0.56,0.11,-0.82
57.743,3,-0.468,0.08,-0.86,-0.17,191.06,56.56,156.2,-0.01,0,0,3.73,-0.15,0.15,1.37,-0.84,0.22,-0.51
57.795,4,-0.287,0.17,-0.94,-0.04,215.25,33.68,-178.25,-0.01,0.01,0,3.72,0,-1.37,4.43,-0.56,-0.02,-0.83
57.797,6,0.745,-0.03,0.66,-0.08,319.75,78.86,-50.04,-0,0,0.01,3.74,-0.15,0,0,-0.99,-0.15,0.12
57.8,0,0.033,0.21,-0.03,-0.98,198.88,23.65,4.76,0,0.01,0.01,3.85,-0.15,0,-0.31,-0.41,0.08,0.92
57.802,7,-0.702,-0.2,-0.67,-0.15,96.64,61.27,86.31,0,-0,0.02,0,-0.15,0,0,-0.89,0.49,0.03
57.807,2,-0.501,0.16,-0.81,0.25,242.69,47.17,-122.9,0,0.01,0,3.87,0.46,0,1.07,-0.73,-0.58,-0.37
57.808,1,0.174,-0.01,-0,0.98,174.03,0.81,-0.6,-0.01,0,-0,3.84,-0.15,-0.15,0,-0.01,-0.01,1
57.841,5,-0.287,0.04,-0.95,-0.07,196.88,33.61,172.76,0.01,0.01,0,3.8,-0.31,-0.61,0.46,-0.56,0.1,-0.83
57.843,3,-0.468,0.07,-0.86,-0.17,190.85,56.55,156.06,0,0,0.01,3.73,0.31,0.76,0.31,-0.84,0.22,-0.51
57.915,4,-0.288,0.17,-0.94,-0.04,214.92,33.78,-178.41,0,0,-0,3.72,0.61,-0.61,1.22,-0.56,-0.02,-0.83
57.917,6,0.746,-0.03,0.66,-0.08,320.08,78.84,-49.69,-0,-0,0,3.74,0,0,-0.15,-0.99,-0.15,0.12
57.92,0,0.033,0.21,-0.03,-0.98,198.85,23.64,4.72,-0.01,-0,0.01,3.85,-0.46,0.31,0,-0.4,0.08,0.92
57.922,7,-0.702,-0.2,-0.67,-0.15,96.53,61.23,86.21,0,-0,0.02,0,0,0,0,-0.89,0.49,0.03
57.926,2,-0.501,0.15,-0.81,0.25,242.32,47.35,-123.11,-0,0,0,3.87,1.22,0.46,2.59,-0.74,-0.57,-0.38
57.928,1,0.174,-0.01,-0,0.98,173.98,0.79,-0.61,-0.01,-0,0,3.84,0,0.31,0,-0,-0.01,1
57.949,5,-0.288,0.04,-0.95,-0.07,196.93,33.68,172.8,0.01,-0,0.01,3.8,0.31,-0.15,-0.15,-0.58,0.11,-0.82
57.951,3,-0.468,0.07,-0.86,-0.17,190.91,56.53,156.07,0,0.01,0.01,3.73,-0.46,-1.37,1.07,-0.84,0.22,-0.51
58.009,4,-0.288,0.17,-0.94,-0.04,214.74,33.79,-178.49,-0,0,0,3.72,0,-0.15,1.98,-0.55,-0.02,-0.83
58.011,6,0.746,-0.03,0.66,-0.08,320.13,78.82,-49.68,-0,0,0.01,3.74,0,0,0,-0.98,-0.15,0.12
58.014,0,0.033,0.21,-0.03,-0.98,198.88,23.58,4.68,-0,-0,0.01,3.85,-0.31,0.15,0,-0.4,0.07,0.92
58.016,7,-0.701,-0.2,-0.67,-0.15,96.69,61.27,86.33,0,-0,0.02,0,0,0,-0.15,-0.9,0.49,0.03
58.019,2,-0.501,0.15,-0.81,0.25,242.14,47.48,-123.16,0,0,0.01,3.87,0,0.46,1.98,-0.74,-0.56,-0.37
58.021,1,0.174,-0.01,-0,0.98,173.98,0.72,-0.56,-0.01,0,0,3.84,0.15,0,-0.15,-0.01,-0.01,1
58.045,5,-0.288,0.04,-0.95,-0.07,196.88,33.7,172.77,-0.01,0.01,-0,3.8,0.61,0.46,0.15,-0.55,0.11,-0.82
58.047,3,-0.47,0.08,-0.86,-0.17,191.03,56.76,156.06,0.01,-0,0.02,3.73,-2.29,-3.51,-2.44,-0.85,0.23,-0.5
58.117,4,-0.287,0.17,-0.94,-0.04,214.56,33.71,-178.6,-0.01,-0.01,0,3.72,0,0.31,1.07,-0.56,-0.02,-0.84
58.119,6,0.745,-0.03,0.66,-0.08,319.75,78.86,-50.06,-0,0,0,3.74,-0.15,0,-0.15,-0.99,-0.15,0.12
58.124,0,0.032,0.21,-0.03,-0.98,198.76,23.72,4.57,0,0,0.01,3.85,-0.15,0.76,-0.15,-0.41,0.07,0.92
58.125,7,-0.702,-0.2,-0.67,-0.15,96.63,61.26,86.35,-0.01,0,0.02,0,0,-0.31,-0.15,-0.89,0.49,0.02
58.129,2,-0.5,0.15,-0.81,0.25,241.93,47.51,-123.31,0,-0,0,3.87,0,0.46,1.22,-0.74,-0.56,-0.37
58.131,1,0.174,-0.01,-0,0.98,174.03,0.76,-0.53,-0.01,0,0,3.84,0.15,0.15,-0.15,-0.01,-0,1
58.151,5,-0.287,0.04,-0.95,-0.07,196.93,33.66,172.81,-0,0,0,3.8,0.15,0.46,0,-0.56,0.1,-0.82
58.153,3,-0.471,0.08,-0.86,-0.17,190.95,56.95,155.83,-0.01,-0.01,-0.01,3.73,0.61,-1.22,2.44,-0.82,0.23,-0.5
58.199,4,-0.288,0.17,-0.94,-0.04,214.54,33.73,-178.63,0,-0.01,-0,3.72,0,0.15,0.61,-0.56,-0.01,-0.83
58.201,6,0.745,-0.03,0.66,-0.08,319.89,78.87,-49.88,0,0,0.01,3.74,0.15,0,0.46,-0.99,-0.15,0.13
58.206,0,0.032,0.21,-0.03,-0.98,198.71,23.89,4.51,0.01,0,0.01,3.85,0,0.46,-0.46,-0.41,0.07,0.92
58.208,7,-0.702,-0.2,-0.67,-0.15,96.5,61.26,86.28,0.01,0,0.02,0,0.15,-0.31,0,-0.9,0.49,0.04
58.212,2,-0.5,0.15,-0.81,0.25,241.83,47.57,-123.37,0,-0,0,3.87,0.15,0.15,0.31,-0.75,-0.56,-0.37
58.214,1,0.173,-0.01,-0,0.98,174.09,0.65,-0.5,-0,0,-0,3.84,-0.46,-0.76,-0.15,-0.01,-0.01,1
58.265,5,-0.287,0.04,-0.95,-0.07,196.79,33.56,172.67,0.01,0.01,-0,3.8,1.37,0.46,-0.76,-0.56,0.09,-0.82
58.267,3,-0.472,0.07,-0.86,-0.17,190,57,155.15,0.01,-0,0.01,3.73,1.53,-0.46,4.58,-0.86,0.23,-0.49
58.32,4,-0.288,0.17,-0.94,-0.04,214.49,33.81,-178.67,-0,-0,0,3.72,-0.15,0,0.61,-0.56,-0.02,-0.83
58.322,6,0.746,-0.03,0.66,-0.08,320.25,78.87,-49.42,-0.01,-0,0,3.74,0.15,0.15,-0.31,-0.99,-0.14,0.12
58.328,0,0.032,0.21,-0.03,-0.98,198.77,24.01,4.54,-0,0,0.01,3.85,0,0.31,0.31,-0.41,0.07,0.92
58.329,7,-0.702,-0.2,-0.67,-0.15,96.37,61.25,86.19,0,0,0.02,0,-0.15,0.46,0.31,-0.9,0.49,0.03
58.333,2,-0.501,0.15,-0.81,0.25,241.77,47.66,-123.33,0.02,0.01,0.05,3.87,0.46,2.29,2.75,-0.77,-0.6,-0.36
58.335,1,0.174,-0.01,-0,0.98,174.03,0.61,-0.57,-0.01,-0.01,0,3.84,-0.31,-0.76,0,-0,-0.01,1
58.353,5,-0.286,0.04,-0.96,-0.06,196.89,33.52,173.09,0.02,-0,0,3.8,3.2,-0.46,-1.68,-0.56,0.08,-0.83
58.356,3,-0.473,0.07,-0.86,-0.17,189.71,57.06,155.05,-0.01,0,0.01,3.73,-0.15,-0.15,-1.22,-0.84,0.23,-0.51
58.412,4,-0.289,0.16,-0.94,-0.04,214.26,33.96,-178.73,0.03,-0.01,0.02,3.72,0.76,-4.27,-3.97,-0.62,0,-0.82
58.414,6,0.746,-0.03,0.66,-0.08,320.21,78.77,-49.56,-0.01,0,0,3.74,-0.31,-0.15,0.15,-0.98,-0.15,0.12
58.417,0,0.033,0.21,-0.03,-0.98,198.9,24.01,4.59,0.01,0.02,0.01,3.85,-0.46,-0.92,1.53,-0.42,0.1,0.91
58.419,7,-0.702,-0.2,-0.67,-0.15,96.43,61.2,86.21,-0.01,0,0.02,0,-0.31,0.15,0.15,-0.89,0.49,0.03
58.424,2,-0.501,0.14,-0.82,0.25,240.94,48.05,-123.73,-0.01,0.02,0,3.87,2.14,1.98,6.56,-0.73,-0.58,-0.38
58.426,1,0.173,-0.01,-0,0.98,174.17,0.56,-0.57,-0.01,0,0,3.84,-0.46,0,0.15,-0,-0,1
58.448,5,-0.287,0.04,-0.96,-0.06,197.01,33.57,173.33,0.01,0,-0,3.8,-0.46,0.15,3.51,-0.56,0.09,-0.82
58.45,3,-0.473,0.07,-0.86,-0.17,189.86,57.13,155.07,-0.01,-0.02,0,3.73,0,0.31,0.31,-0.83,0.25,-0.5
58.516,4,-0.293,0.17,-0.94,-0.04,214.49,34.37,-178.67,-0,0,-0,3.72,-0.15,-2.14,5.34,-0.56,-0.02,-0.82
58.518,6,0.746,-0.03,0.66,-0.08,320.52,78.75,-49.31,-0,-0,0,3.74,0,0,0.61,-0.98,-0.14,0.12
58.522,0,0.032,0.21,-0.03,-0.98,198.74,23.9,4.51,0.01,-0,0.01,3.85,-0.92,-0.76,-2.29,-0.41,0.07,0.92
58.524,7,-0.702,-0.2,-0.67,-0.15,96.54,61.17,86.32,0,-0,0.02,0,0.31,-0.31,0,-0.89,0.49,0.03
58.528,2,-0.501,0.14,-0.82,0.25,240.56,48.26,-123.9,-0.01,0.01,-0,3.87,0,-0.76,-0.76,-0.73,-0.56,-0.38
58.53,1,0.173,-0,-0,0.98,174.07,0.43,-0.59,0,-0,0,3.85,-0.15,0,-0.31,-0,-0.01,1
58.55,5,-0.286,0.04,-0.96,-0.06,196.55,33.5,172.98,0.01,-0,0.01,3.8,-0.61,-0.15,2.59,-0.56,0.11,-0.83
58.552,3,-0.474,0.07,-0.86,-0.17,189.13,57.1,154.55,0.01,0,0.01,3.73,0,-0.92,1.37,-0.86,0.23,-0.48
58.623,4,-0.293,0.16,-0.94,-0.04,214.14,34.43,-178.78,-0.01,-0,0,3.72,1.37,0.46,0.15,-0.56,-0.02,-0.83
58.625,6,0.746,-0.03,0.66,-0.08,320.72,78.81,-49.11,-0.01,-0.01,0,3.74,0,0,-0.31,-0.99,-0.14,0.12
58.628,0,0.031,0.21,-0.03,-0.98,198.59,23.91,4.32,-0.01,-0.01,0.01,3.85,-0.61,0,0.92,-0.4,0.06,0.93
58.63,7,-0.701,-0.2,-0.67,-0.15,96.61,61.17,86.42,0,-0,0.02,0,-0.15,0.15,-0.46,-0.89,0.49,0.03
58.634,2,-0.501,0.14,-0.82,0.25,240.6,48.18,-123.92,0,0.01,0.01,3.87,-1.68,1.07,-4.27,-0.76,-0.57,-0.36
58.635,1,0.175,-0.01,-0.01,0.98,173.9,0.47,-0.67,-0,0,-0,3.85,0.46,-0.15,0,-0.01,-0.01,1
58.657,5,-0.286,0.04,-0.96,-0.06,196.53,33.48,172.99,0,0,-0,3.79,1.37,-0.76,-3.2,-0.54,0.1,-0.82
58.659,3,-0.474,0.07,-0.86,-0.17,189.19,57.1,154.54,0,-0.01,0.02,3.73,0,0.61,-0.76,-0.85,0.24,-0.49
58.708,4,-0.293,0.16,-0.94,-0.04,214.01,34.41,-178.66,0.01,0.02,0.01,3.72,3.97,-1.37,1.68,-0.57,-0.05,-0.83
58.71,6,0.746,-0.03,0.66,-0.08,320.36,78.75,-49.5,-0.01,0.01,0,3.74,0.31,0,-0.46,-0.98,-0.16,0.12
58.714,0,0.032,0.21,-0.03,-0.98,198.73,23.87,4.35,-0.01,0,0,3.85,0.61,0.76,1.07,-0.4,0.08,0.92
58.715,7,-0.702,-0.2,-0.67,-0.15,96.58,61.24,86.37,-0,0,0.01,0,0.31,-0.15,-0.46,-0.89,0.48,0.03
58.719,2,-0.499,0.14,-0.82,0.25,240.7,47.89,-124.08,-0,-0.02,-0,3.87,-0.76,-0.46,-3.05,-0.75,-0.55,-0.39
58.721,1,0.175,-0,-0,0.98,173.9,0.47,-0.6,-0,0,-0,3.85,0.31,-0.31,-0.15,-0.01,-0,1
58.752,5,-0.286,0.04,-0.96,-0.06,196.94,33.48,173.4,0.01,-0.01,0,3.79,-1.53,1.53,2.14,-0.55,0.09,-0.83
58.754,3,-0.474,0.07,-0.86,-0.17,189.28,57.14,154.61,-0,0.01,0.01,3.73,-1.07,1.83,-2.44,-0.84,0.23,-0.5
58.81,4,-0.294,0.16,-0.94,-0.04,214.06,34.51,-178.38,-0,-0.02,0,3.72,-0.46,-0.15,0.31,-0.57,-0.01,-0.82
58.812,6,0.746,-0.03,0.66,-0.08,320.13,78.75,-49.69,-0.01,0,0,3.74,0,0,-0.15,-0.98,-0.15,0.12
58.816,0,0.03,0.21,-0.03,-0.98,198.55,24.01,4.34,-0,-0.01,0.01,3.85,0,0.15,-1.07,-0.41,0.06,0.92
58.817,7,-0.702,-0.2,-0.67,-0.15,96.57,61.29,86.41,0,0.01,0.02,0,-0.15,0,0.15,-0.9,0.48,0.03
58.821,2,-0.499,0.15,-0.82,0.25,240.94,47.84,-123.92,-0.01,0.01,-0,3.87,0,-1.37,-1.83,-0.74,-0.56,-0.38
58.823,1,0.175,-0.01,-0,0.98,173.95,0.56,-0.59,-0.01,0,-0,3.85,0,-0.31,0,-0,-0.01,1
58.87,5,-0.286,0.04,-0.96,-0.06,196.78,33.44,173.24,0.01,0.01,0.01,3.79,0.31,0,-0.46,-0.55,0.09,-0.83
58.873,3,-0.474,0.07,-0.86,-0.17,189.26,57.15,154.6,0.01,-0.01,0.02,3.73,-0.15,0.92,0.46,-0.85,0.25,-0.49
58.924,4,-0.295,0.16,-0.94,-0.04,214.12,34.53,-178.42,-0.02,0.02,0.01,3.72,0.31,0,-0.76,-0.56,-0.04,-0.83
58.926,6,0.746,-0.03,0.66,-0.08,319.91,78.81,-49.95,-0,-0,0,3.74,-0.15,0,-0.15,-0.99,-0.15,0.13
58.929,0,0.03,0.21,-0.03,-0.98,198.42,24.01,4.22,0.01,-0.01,0.01,3.85,0,0,0.15,-0.42,0.06,0.92
58.931,7,-0.701,-0.2,-0.67,-0.15,96.6,61.22,86.5,0,-0,0.02,0,-0.31,0,0.15,-0.89,0.49,0.03
58.934,2,-0.499,0.15,-0.82,0.25,241.23,47.68,-123.85,0.01,0,0,3.87,-0.61,0.15,-2.9,-0.74,-0.56,-0.37
58.936,1,0.175,-0.01,-0,0.98,173.94,0.48,-0.57,-0.01,0,0.01,3.85,-0.15,-0.15,0,-0,-0.01,1
58.958,5,-0.286,0.04,-0.96,-0.06,196.72,33.48,173.15,0,0,0,3.79,-1.07,-0.61,0,-0.56,0.09,-0.83
58.96,3,-0.474,0.07,-0.86,-0.17,189.41,57.14,154.72,0,-0.01,0.01,3.73,0.76,1.07,0.92,-0.85,0.25,-0.49
59.014,4,-0.293,0.16,-0.94,-0.04,214.24,34.37,-178.37,0,0.02,0,3.72,-0.31,0.46,0,-0.58,-0.05,-0.82
59.016,6,0.746,-0.03,0.66,-0.08,319.83,78.81,-50.13,-0,-0.01,0.01,3.74,0.15,0,0,-0.99,-0.15,0.12
59.019,0,0.031,0.21,-0.03,-0.98,198.6,24.04,4.32,-0,0,0.01,3.85,0.61,0,1.53,-0.41,0.07,0.92
59.021,7,-0.701,-0.2,-0.67,-0.15,96.66,61.25,86.5,-0,-0,0.02,0,0.15,-0.15,-0.31,-0.89,0.49,0.03
59.025,2,-0.497,0.15,-0.82,0.25,241.16,47.43,-124.1,0.01,0,0.01,3.87,-1.53,-0.15,-1.98,-0.74,-0.57,-0.38
59.027,1,0.175,-0,-0,0.98,173.94,0.41,-0.55,-0,0,0,3.84,0,0,-0.15,-0.01,-0.01,1
59.057,5,-0.286,0.04,-0.96,-0.06,196.86,33.52,173.23,0,0,0.01,3.79,0.46,0,-1.22,-0.56,0.1,-0.83
59.058,3,-0.475,0.07,-0.86,-0.17,189.36,57.22,154.74,-0.01,-0,0,3.73,0.61,-1.37,1.53,-0.83,0.23,-0.5
59.11,4,-0.294,0.16,-0.94,-0.04,214.26,34.42,-178.28,0.01,-0.01,0,3.72,0,0.31,-0.31,-0.57,-0.01,-0.82
59.112,6,0.745,-0.03,0.66,-0.08,319.45,78.87,-50.45,-0,0,0.01,3.74,0,0,0,-0.99,-0.15,0.12
59.115,0,0.029,0.21,-0.03,-0.98,198.43,24.07,4.32,-0,0,0.01,3.85,0.15,-0.46,0.15,-0.41,0.07,0.92
59.117,7,-0.701,-0.2,-0.67,-0.15,96.57,61.26,86.43,-0,0.01,0.02,0,0,0,0,-0.89,0.49,0.03
59.12,2,-0.496,0.15,-0.82,0.25,241.02,47.39,-124.21,-0,0.01,0,3.87,0.31,-0.46,-0.15,-0.73,-0.56,-0.38
59.123,1,0.175,-0,-0,0.98,173.91,0.42,-0.56,-0.01,0,-0,3.85,-0.15,0,0,-0,-0,1
59.161,5,-0.286,0.04,-0.96,-0.06,196.73,33.49,173.13,0.01,0,0,3.79,-0.46,0,-0.31,-0.57,0.09,-0.83
59.162,3,-0.475,0.07,-0.86,-0.17,189.33,57.28,154.8,-0.01,-0.02,0.01,3.73,0.46,1.53,-1.07,-0.85,0.25,-0.5
59.214,4,-0.293,0.16,-0.94,-0.04,214.48,34.36,-178.23,-0,-0.02,0.01,3.72,0,0.31,-2.75,-0.57,-0.02,-0.83
59.215,6,0.745,-0.03,0.66,-0.08,319.21,78.85,-50.7,-0,0,0,3.74,0.31,0,0.61,-0.98,-0.15,0.12
59.221,0,0.031,0.21,-0.03,-0.98,198.57,23.9,4.44,0,0,0.01,3.85,0.15,-0.31,0.31,-0.41,0.07,0.92
59.223,7,-0.702,-0.2,-0.67,-0.15,96.5,61.3,86.33,-0,0,0.02,0,0.31,-0.15,0.46,-0.89,0.49,0.03
59.228,2,-0.497,0.15,-0.82,0.25,241.12,47.38,-124.08,0,0,0,3.87,1.53,-0.31,1.07,-0.74,-0.57,-0.37
59.23,1,0.175,-0,-0,0.98,173.85,0.36,-0.56,-0.01,-0,0,3.85,-0.15,0,-0.15,-0,-0.01,1
59.267,5,-0.286,0.04,-0.96,-0.06,196.66,33.49,173.05,0.01,-0,0,3.79,-1.37,-0.61,1.37,-0.56,0.1,-0.83
59.269,3,-0.474,0.07,-0.86,-0.17,189.88,57.19,155.19,-0,0,0.01,3.73,-0.61,0.92,-1.07,-0.85,0.23,-0.5
59.326,4,-0.293,0.17,-0.94,-0.04,214.61,34.34,-178.2,0,0,0.02,3.72,-0.76,-0.76,2.29,-0.58,-0.03,-0.84
59.328,6,0.745,-0.03,0.66,-0.08,319.31,78.86,-50.69,-0,-0.01,-0,3.74,-0.61,-0.15,0,-0.99,-0.14,0.12
59.334,0,0.031,0.21,-0.03,-0.98,198.65,23.88,4.46,-0,-0,0,3.85,-0.31,0,0.92,-0.41,0.07,0.92
59.335,7,-0.702,-0.2,-0.67,-0.15,96.46,61.26,86.27,0,-0.01,0.02,0,-0.31,0.15,0,-0.89,0.5,0.03
59.341,2,-0.497,0.15,-0.82,0.25,240.98,47.44,-124.04,0,0.01,-0,3.87,0.46,1.37,0.31,-0.73,-0.57,-0.37
59.343,1,0.175,-0,-0,0.98,173.92,0.31,-0.55,-0.01,-0,0,3.85,0.15,0.31,0.15,-0,-0.01,1
59.36,5,-0.288,0.04,-0.95,-0.07,196.62,33.71,172.92,0,0.01,-0,3.79,0,-0.61,0.76,-0.55,0.1,-0.82
59.362,3,-0.473,0.07,-0.86,-0.17,189.76,57.01,155.09,0,0.01,0.01,3.73,0.15,0.92,1.07,-0.85,0.22,-0.5
59.412,4,-0.293,0.17,-0.94,-0.04,214.58,34.32,-178.2,0.02,0.01,0,3.72,1.37,0.61,-1.22,-0.58,-0.03,-0.82
59.414,6,0.745,-0.03,0.66,-0.08,319.72,78.82,-50.32,0,-0,0.01,3.74,0.15,0.15,-0.31,-0.99,-0.15,0.13
59.418,0,0.032,0.21,-0.03,-0.98,198.73,23.82,4.45,0,-0.01,0,3.85,0.15,0.15,0.31,-0.41,0.07,0.91
59.419,7,-0.702,-0.2,-0.67,-0.15,96.38,61.26,86.19,0,0,0.02,0,0.61,-0.15,-0.15,-0.89,0.49,0.03
59.424,2,-0.496,0.15,-0.82,0.25,241.04,47.3,-124.07,0.01,-0,0.01,3.87,-0.31,0.46,0,-0.75,-0.56,-0.38
59.426,1,0.174,-0,-0,0.98,173.97,0.42,-0.51,-0,0,0,3.85,0.31,0.46,-0.46,-0,-0,1
59.475,5,-0.288,0.04,-0.95,-0.07,196.52,33.73,172.92,0.01,-0,-0,3.79,0,0,0,-0.56,0.1,-0.82
59.476,3,-0.473,0.07,-0.86,-0.17,189.65,57.08,155.02,0.01,0.01,0,3.73,0.15,-0.31,1.22,-0.84,0.22,-0.5
59.528,4,-0.293,0.17,-0.94,-0.04,214.71,34.24,-178.03,0,0,-0,3.72,-0.15,0.92,-0.76,-0.56,-0.02,-0.82
59.53,6,0.745,-0.03,0.66,-0.08,319.53,78.83,-50.43,-0,0.01,0.01,3.74,0,0,0,-0.98,-0.16,0.12
59.533,0,0.031,0.21,-0.03,-0.98,198.59,23.8,4.39,-0,0,0.01,3.85,0.31,0,0.31,-0.41,0.07,0.92
59.535,7,-0.702,-0.2,-0.67,-0.15,96.3,61.32,86.13,0,0.01,0.02,0,0.15,0,0,-0.9,0.48,0.04
59.538,2,-0.496,0.15,-0.82,0.25,241.1,47.28,-124.08,0,0.01,0.01,3.87,-0.31,0,0.46,-0.74,-0.57,-0.38
59.54,1,0.174,-0,-0,0.98,173.97,0.42,-0.46,-0,0,0,3.85,0,0,0,-0.01,-0.01,1
59.562,5,-0.288,0.04,-0.95,-0.07,196.51,33.68,172.94,-0,-0,-0,3.79,0,0.31,0.31,-0.55,0.1,-0.82
59.564,3,-0.474,0.07,-0.86,-0.17,189.41,57.06,154.88,-0,0.01,0,3.73,0.92,-0.15,1.37,-0.84,0.23,-0.5
59.62,4,-0.292,0.17,-0.94,-0.04,214.86,34.13,-178.03,-0.01,-0.01,-0,3.72,-0.15,0.15,-0.31,-0.56,-0.01,-0.83
59.622,6,0.745,-0.03,0.66,-0.08,319.47,78.82,-50.5,0,0,0,3.74,-0.31,0,0,-0.98,-0.15,0.12
59.626,0,0.032,0.21,-0.03,-0.98,198.69,23.91,4.47,-0,0.01,0.01,3.85,0,0,-0.46,-0.41,0.08,0.92
59.628,7,-0.703,-0.2,-0.67,-0.15,96.26,61.38,85.97,0,0,0.02,0,-0.15,0.31,0.61,-0.9,0.49,0.03
59.632,2,-0.496,0.15,-0.82,0.25,241.09,47.33,-124.07,0,0.01,0,3.87,0.46,0,1.22,-0.74,-0.57,-0.37
59.633,1,0.173,-0.01,-0,0.98,174.09,0.52,-0.46,-0,-0,0,3.84,-0.15,0.46,0.31,-0.01,-0.01,1
59.664,5,-0.287,0.04,-0.95,-0.07,196.4,33.57,172.84,0.01,0.01,0,3.79,0,0.46,0.15,-0.56,0.1,-0.83
59.666,3,-0.473,0.07,-0.86,-0.17,189.35,57.01,154.91,-0,0.01,0.01,3.73,0.31,0.31,0.92,-0.85,0.23,-0.5
59.716,4,-0.291,0.17,-0.94,-0.04,214.61,34.13,-178.18,0.01,0.01,0,3.72,0,0,1.07,-0.57,-0.04,-0.82
59.718,6,0.745,-0.03,0.66,-0.08,319.55,78.82,-50.53,0,-0.01,0.01,3.74,0,0,0,-0.99,-0.14,0.13
59.722,0,0.032,0.21,-0.03,-0.98,198.7,23.97,4.48,0.01,0,0.01,3.85,-0.15,0.46,-0.76,-0.42,0.08,0.92
59.724,7,-0.703,-0.2,-0.67,-0.15,96.22,61.33,85.85,-0.01,-0.01,0.02,0,0,0.15,0.61,-0.89,0.49,0.03
59.729,2,-0.497,0.15,-0.82,0.25,241,47.51,-123.99,0.01,0.01,0.02,3.87,0.31,0,1.53,-0.75,-0.58,-0.37
59.731,1,0.172,-0.01,-0,0.99,174.24,0.56,-0.46,-0,-0,0,3.85,-0.31,0,0,-0.01,-0.01,1
59.778,5,-0.286,0.04,-0.96,-0.07,196.25,33.51,172.78,-0,0,0,3.79,0,0.61,1.37,-0.55,0.1,-0.83
59.78,3,-0.473,0.07,-0.86,-0.17,189.19,56.91,154.88,0,-0.01,0.01,3.73,1.22,1.07,1.83,-0.84,0.24,-0.49
59.821,4,-0.292,0.17,-0.94,-0.04,214.74,34.14,-178.17,0.01,-0,0.01,3.72,0,-0.61,0.92,-0.57,-0.03,-0.83
59.822,6,0.745,-0.03,0.66,-0.08,319.47,78.88,-50.55,0,-0,0.01,3.74,0.46,0.31,-0.46,-0.99,-0.15,0.12
59.827,0,0.03,0.21,-0.03,-0.98,198.44,24.11,4.35,0,0,0.02,3.85,-0.61,0.31,-1.37,-0.41,0.07,0.92
59.829,7,-0.703,-0.2,-0.67,-0.15,96.16,61.3,85.76,-0,0,0.02,0,0.61,-0.15,0,-0.9,0.49,0.03
59.833,2,-0.498,0.15,-0.82,0.25,240.81,47.65,-124.04,0,0.01,0.01,3.87,0.76,1.07,2.59,-0.74,-0.56,-0.38
59.834,1,0.172,-0.01,-0,0.99,174.28,0.64,-0.47,-0.01,-0,0,3.84,0,0.46,-0.31,-0,-0.01,1
59.874,5,-0.286,0.04,-0.96,-0.07,196.16,33.44,172.76,0.01,-0,-0,3.79,-0.15,0.31,2.14,-0.56,0.11,-0.83
59.876,3,-0.472,0.07,-0.86,-0.17,189.05,56.75,154.84,-0,0.01,0.01,3.73,0,0,-0.76,-0.84,0.23,-0.5
59.927,4,-0.292,0.17,-0.94,-0.04,214.6,34.17,-178.3,0.01,0.02,0,3.72,-0.31,-0.31,3.51,-0.57,-0.05,-0.83
59.929,6,0.744,-0.03,0.66,-0.08,318.97,78.91,-51.01,-0,0,0,3.74,-0.15,0,0,-0.98,-0.15,0.12
59.933,0,0.028,0.21,-0.03,-0.98,198.23,24.18,4.19,0,0,0.01,3.85,-0.46,0,-1.68,-0.41,0.07,0.92
59.934,7,-0.703,-0.2,-0.67,-0.15,96.21,61.29,85.89,-0.01,0,0.02,0,0,0,0,-0.89,0.48,0.03
59.938,2,-0.499,0.14,-0.82,0.25,240.69,47.82,-124,0,0.01,0.02,3.87,1.53,1.37,2.75,-0.75,-0.57,-0.38
59.94,1,0.171,-0.01,-0,0.99,174.3,0.67,-0.48,-0.01,-0,0.01,3.84,0,0.61,0.15,-0,-0.01,1
59.965,5,-0.285,0.03,-0.96,-0.07,196,33.35,172.71,-0.01,0,-0.01,3.79,0.61,-0.31,0.61,-0.55,0.11,-0.83
59.967,3,-0.472,0.07,-0.86,-0.17,189.32,56.78,155.02,-0.01,-0,0.01,3.73,-0.46,-0.76,-1.98,-0.84,0.23,-0.5
60.021,4,-0.291,0.16,-0.94,-0.04,214.07,34.18,-178.65,-0.01,-0.01,-0,3.72,0,-1.83,4.88,-0.55,-0.01,-0.82
60.023,6,0.744,-0.03,0.66,-0.08,318.88,78.89,-51.12,0,-0,0,3.74,-0.46,0,0.31,-0.99,-0.15,0.12
60.028,0,0.027,0.21,-0.03,-0.98,198.07,24.08,4.11,-0,-0,0.01,3.85,-0.61,-0.61,-1.37,-0.41,0.07,0.92
60.03,7,-0.703,-0.2,-0.67,-0.15,96.05,61.2,85.81,-0,0,0.02,0,-0.15,0,-0.15,-0.89,0.49,0.04
60.034,2,-0.498,0.14,-0.82,0.25,240.27,47.97,-124.13,-0.02,-0.02,-0.02,3.87,1.53,-1.22,0.31,-0.73,-0.52,-0.39
60.035,1,0.171,-0.01,-0,0.99,174.4,0.77,-0.47,-0,-0,-0,3.85,0,0.31,0.15,-0.01,-0.01,1
60.07,5,-0.285,0.03,-0.96,-0.07,195.77,33.31,172.61,0.01,-0,0,3.8,-0.15,0,0.92,-0.55,0.1,-0.83
60.072,3,-0.472,0.07,-0.86,-0.17,189.37,56.85,155.05,0,0.01,0.01,3.73,0,0.15,-0.76,-0.85,0.23,-0.5
60.12,4,-0.292,0.16,-0.94,-0.04,213.87,34.23,-178.51,-0.01,-0,0.01,3.72,1.07,0.46,-1.68,-0.57,-0.02,-0.83
60.122,6,0.745,-0.03,0.66,-0.08,319.28,78.89,-50.69,0,-0,0.01,3.74,0.15,0,0,-0.99,-0.15,0.12
60.126,0,0.026,0.21,-0.03,-0.98,197.9,24.06,3.93,-0.01,-0.01,0,3.85,0,-0.31,-0.46,-0.4,0.05,0.91
60.128,7,-0.703,-0.2,-0.67,-0.15,95.96,61.13,85.8,-0.01,0,0.02,0,0,-0.15,0,-0.89,0.49,0.03
60.131,2,-0.499,0.14,-0.82,0.25,240.38,48.08,-124.04,-0.01,-0.02,-0.01,3.87,0.31,0,0,-0.74,-0.53,-0.38
60.133,1,0.171,-0.01,-0,0.99,174.36,0.73,-0.44,-0.01,0,0,3.85,0,0.15,0,-0.01,-0.01,1
60.186,5,-0.286,0.03,-0.96,-0.07,195.77,33.44,172.59,-0,0,-0,3.8,0.92,-0.31,-1.53,-0.55,0.1,-0.82
60.188,3,-0.472,0.07,-0.86,-0.17,189.65,56.93,155.26,0,0.01,0.01,3.73,0.31,0.61,0.15,-0.85,0.22,-0.5
60.22,4,-0.293,0.16,-0.94,-0.04,213.92,34.3,-178.52,0.01,0,0.01,3.72,-1.37,0,0.15,-0.57,-0.02,-0.83
60.222,6,0.745,-0.03,0.66,-0.08,319.58,78.88,-50.34,0,-0,0.01,3.74,1.07,0,-0.31,-0.99,-0.15,0.13
60.227,0,0.026,0.21,-0.03,-0.98,197.94,24.02,3.91,0,-0,0.01,3.85,0.15,-0.46,0.76,-0.41,0.06,0.92
60.228,7,-0.703,-0.2,-0.67,-0.15,96.07,61.14,85.98,-0,0.01,0.02,0,-0.15,0.15,0.46,-0.89,0.48,0.03
60.232,2,-0.499,0.14,-0.82,0.25,240.53,47.93,-124.01,0.01,0,0,3.87,-0.61,-0.61,-1.07,-0.75,-0.56,-0.37
60.233,1,0.171,-0.01,-0,0.99,174.38,0.68,-0.46,0,-0,0,3.85,0,0.31,0,-0.01,-0.01,1
60.282,5,-0.286,0.03,-0.96,-0.07,195.97,33.45,172.77,0,-0.01,0,3.8,-0.15,-0.31,-1.07,-0.56,0.11,-0.82
60.284,3,-0.473,0.07,-0.86,-0.17,189.47,56.92,155.17,0.01,-0,0,3.73,0.46,-0.46,0.31,-0.85,0.22,-0.5
60.336,4,-0.293,0.16,-0.94,-0.04,213.79,34.32,-178.63,0.02,-0,0.01,3.72,0.61,0.31,-0.92,-0.58,-0.02,-0.82
60.338,6,0.745,-0.03,0.66,-0.08,319.22,78.84,-50.55,0,0.01,0,3.74,0,0.15,-0.31,-0.98,-0.16,0.12
60.345,0,0.027,0.21,-0.03,-0.98,198.1,23.84,4,0,0,0.01,3.85,0.15,-0.15,0.15,-0.41,0.06,0.92
60.346,7,-0.703,-0.2,-0.67,-0.15,96.22,61.15,86.04,-0,-0,0.02,0,0.15,0.15,-0.15,-0.89,0.49,0.03
60.352,2,-0.499,0.14,-0.82,0.25,240.64,47.98,-123.96,0.01,-0,0,3.87,0.76,0,0.31,-0.75,-0.56,-0.37
60.354,1,0.172,-0.01,-0,0.99,174.27,0.78,-0.52,-0,0,0.01,3.85,-0.15,-0.31,0,-0.01,-0.01,1.01
60.378,5,-0.286,0.03,-0.96,-0.06,196,33.41,172.8,0.01,-0,-0,3.8,0,-0.15,0,-0.55,0.1,-0.82
60.38,3,-0.473,0.07,-0.86,-0.17,189.47,56.91,155.26,-0.01,0.02,0.01,3.73,0.46,-0.15,-1.98,-0.84,0.22,-0.51
60.438,4,-0.293,0.16,-0.94,-0.04,213.78,34.31,-178.48,0.04,-0.05,0.03,3.72,3.97,3.66,1.98,-0.59,0.04,-0.82
60.44,6,0.745,-0.03,0.66,-0.08,318.93,78.78,-50.96,-0.01,-0,0,3.74,-0.46,0,0.15,-0.99,-0.15,0.12
60.445,0,0.026,0.21,-0.03,-0.98,197.95,23.87,3.97,0,0,0,3.85,0.31,-0.31,0.31,-0.41,0.07,0.91
60.447,7,-0.703,-0.2,-0.67,-0.15,96.2,61.19,85.99,-0,0.01,0.02,0,0,0,0,-0.89,0.48,0.03
60.452,2,-0.5,0.14,-0.82,0.25,240.66,48,-123.84,-0.02,0.01,0.01,3.87,3.2,0.92,5.65,-0.72,-0.57,-0.38
60.454,1,0.172,-0.01,-0,0.98,174.2,0.9,-0.59,-0.01,0,0.01,3.85,-0.46,0,0,-0.01,-0.01,1.01
60.472,5,-0.286,0.03,-0.96,-0.06,196.04,33.45,172.87,0,0,-0,3.79,0.31,0,0.92,-0.55,0.1,-0.83
60.474,3,-0.472,0.07,-0.86,-0.17,189.54,56.91,155.29,0.01,-0.02,0.02,3.73,1.22,0.15,1.98,-0.86,0.25,-0.5
60.537,4,-0.291,0.16,-0.94,-0.04,213.79,34.16,-178.57,-0.01,0.03,-0,3.72,-2.14,-1.22,1.53,-0.55,-0.05,-0.84
60.539,6,0.745,-0.03,0.66,-0.08,319.18,78.87,-50.69,0,-0,0.01,3.74,0,0,0.31,-0.99,-0.15,0.12
60.544,0,0.026,0.21,-0.03,-0.98,197.93,23.87,3.97,0,-0,0.01,3.85,-0.61,0.46,-0.46,-0.41,0.06,0.92
60.545,7,-0.702,-0.2,-0.67,-0.15,96.29,61.19,86.08,-0,-0,0.02,0,-0.46,0,0.61,-0.89,0.49,0.03
60.549,2,-0.499,0.14,-0.82,0.25,240.31,48.1,-123.92,0.01,0.01,0,3.87,-0.46,-0.92,0.15,-0.75,-0.57,-0.36
60.551,1,0.172,-0.01,-0,0.99,174.24,0.85,-0.61,0,-0,0,3.85,-0.15,0,0,-0.01,-0.01,1
60.571,5,-0.286,0.03,-0.96,-0.06,195.99,33.37,172.86,0,0.01,0,3.79,-0.15,0,1.22,-0.55,0.1,-0.82
60.573,3,-0.473,0.07,-0.86,-0.17,189.45,56.91,155.18,0,0,0.01,3.73,-0.92,-0.31,-1.07,-0.84,0.23,-0.5
60.63,4,-0.292,0.16,-0.94,-0.04,213.96,34.17,-178.44,0.01,-0,0.01,3.72,0.15,-0.46,-0.31,-0.57,-0.03,-0.83
60.632,6,0.745,-0.03,0.66,-0.08,319.03,78.89,-50.92,0,-0.01,0,3.74,-0.15,0,-0.31,-0.99,-0.14,0.12
60.636,0,0.026,0.21,-0.03,-0.98,197.87,23.95,3.87,-0,-0.01,0.01,3.85,-0.76,0.76,0.76,-0.4,0.06,0.92
60.637,7,-0.702,-0.2,-0.67,-0.15,96.36,61.15,86.1,-0,-0,0.02,0,0.15,0.15,-0.15,-0.89,0.5,0.03
60.642,2,-0.499,0.14,-0.82,0.25,239.92,48.28,-124.16,0.01,-0.01,0,3.87,1.53,1.98,4.88,-0.75,-0.54,-0.37
60.644,1,0.173,-0.01,-0,0.98,174.15,0.84,-0.65,0,-0,0,3.85,0.31,-0.15,0,-0.01,-0.01,1
60.687,5,-0.285,0.03,-0.96,-0.06,195.77,33.35,172.78,-0.01,0.01,-0,3.79,1.53,0,0.15,-0.54,0.1,-0.82
60.689,3,-0.472,0.07,-0.86,-0.17,189.4,56.87,155.08,-0.02,0.01,0,3.73,-0.15,-1.07,-0.31,-0.84,0.22,-0.51
60.741,4,-0.292,0.16,-0.94,-0.04,213.61,34.3,-178.74,0.01,-0,0,3.72,-0.76,0.15,-1.07,-0.57,-0.01,-0.83
60.743,6,0.745,-0.03,0.66,-0.08,319.27,78.79,-50.74,-0,-0,0,3.74,0.15,0,-0.31,-0.99,-0.15,0.12
60.748,0,0.026,0.21,-0.03,-0.98,197.97,23.99,3.87,0,0,0.01,3.85,0,-0.15,-0.61,-0.41,0.07,0.92
60.75,7,-0.702,-0.2,-0.67,-0.15,96.49,61.23,86.21,-0,0,0.02,0,0,0,-0.31,-0.89,0.48,0.03
60.754,2,-0.499,0.14,-0.82,0.25,239.62,48.41,-124.3,0.01,-0,0.01,3.87,0.15,0.92,0.92,-0.76,-0.55,-0.38
60.755,1,0.172,-0.01,-0,0.98,174.18,0.8,-0.57,-0.01,0,0,3.85,0.31,0,-0.15,-0.01,-0.01,1
60.773,5,-0.285,0.03,-0.96,-0.06,195.62,33.34,172.79,0.01,0,0,3.79,-0.46,0,1.07,-0.56,0.1,-0.82
60.776,3,-0.472,0.07,-0.86,-0.17,189.44,56.8,155.1,-0.01,0.01,-0,3.73,-0.46,0,1.07,-0.84,0.22,-0.51
60.841,4,-0.292,0.16,-0.94,-0.04,213.65,34.3,-178.77,0,0.01,0.01,3.72,0,-0.61,1.07,-0.57,-0.02,-0.82
60.843,6,0.745,-0.03,0.66,-0.08,319.16,78.82,-50.76,-0,0,0,3.74,-0.15,0,-0.15,-0.98,-0.16,0.12
60.847,0,0.026,0.21,-0.03,-0.98,197.95,24.09,3.84,0,-0.01,0.01,3.85,0.31,-0.31,0.46,-0.41,0.05,0.91
60.849,7,-0.702,-0.2,-0.67,-0.15,96.24,61.22,86.07,-0,0,0.02,0,0.15,-0.15,-0.31,-0.9,0.48,0.03
60.853,2,-0.499,0.14,-0.82,0.25,239.72,48.34,-124.33,-0,-0,0.01,3.87,-0.15,0,0,-0.75,-0.55,-0.38
60.854,1,0.172,-0.01,-0,0.98,174.2,0.91,-0.55,-0.01,0,0,3.85,0,0.15,0,-0.01,-0,1
60.875,5,-0.285,0.03,-0.96,-0.06,195.67,33.33,172.82,0.01,0,0,3.79,0,0,0.15,-0.56,0.1,-0.83
60.877,3,-0.471,0.07,-0.86,-0.17,189.31,56.73,155,0.02,0.02,0,3.73,0,-0.31,2.75,-0.85,0.21,-0.49
60.942,4,-0.292,0.16,-0.94,-0.04,213.53,34.29,-178.87,0.02,-0.01,0.01,3.72,-0.46,0,0.92,-0.59,-0.02,-0.82
60.944,6,0.745,-0.03,0.66,-0.08,319.02,78.82,-50.96,0,0,0.01,3.74,-0.31,-0.15,0.46,-0.99,-0.15,0.12
60.948,0,0.027,0.21,-0.03,-0.98,198.06,24.08,3.9,-0.01,0,0.01,3.85,0,0.15,0,-0.4,0.06,0.92
60.949,7,-0.702,-0.2,-0.67,-0.15,96.22,61.24,86.1,-0,0.01,0.02,0,0,-0.15,0.15,-0.89,0.48,0.04
60.953,2,-0.499,0.14,-0.82,0.25,239.77,48.33,-124.31,-0.01,-0.01,0,3.87,1.22,-0.76,0.61,-0.74,-0.55,-0.39
60.955,1,0.172,-0.01,-0,0.99,174.22,0.89,-0.54,-0,0,-0,3.85,-0.15,-0.31,0,-0.01,-0.01,1
60.975,5,-0.285,0.03,-0.96,-0.06,195.74,33.3,172.8,0,0.01,0,3.79,-0.61,0.15,-0.31,-0.56,0.1,-0.83
60.977,3,-0.473,0.07,-0.86,-0.17,188.87,56.83,154.71,0.01,0.01,0.01,3.73,-0.46,0.61,-0.31,-0.85,0.23,-0.49
61.041,4,-0.292,0.16,-0.94,-0.04,213.53,34.32,-178.94,-0.02,-0.02,0,3.72,-1.83,0.61,0.46,-0.55,0.02,-0.84
61.043,6,0.744,-0.03,0.66,-0.08,318.68,78.98,-51.24,0,-0,0,3.74,0,0.15,0,-0.98,-0.14,0.12
61.047,0,0.027,0.21,-0.03,-0.98,198.11,24.11,3.92,-0.01,-0,0.01,3.85,-0.15,1.37,-0.76,-0.4,0.06,0.92
61.049,7,-0.702,-0.2,-0.67,-0.15,96.36,61.26,86.18,-0,0,0.02,0,-0.15,0.31,0.15,-0.89,0.49,0.03
61.053,2,-0.498,0.14,-0.82,0.25,239.55,48.31,-124.39,0.01,0.02,0.01,3.87,-2.75,2.9,-1.07,-0.76,-0.58,-0.36
61.054,1,0.174,-0.01,-0,0.98,174.04,0.78,-0.61,-0,0,0,3.85,-0.15,-0.61,0,-0.01,-0.01,1
61.076,5,-0.284,0.03,-0.96,-0.07,195.56,33.2,172.64,-0.01,0,-0.01,3.79,-0.92,0.76,2.59,-0.55,0.11,-0.83
61.077,3,-0.472,0.07,-0.86,-0.17,188.96,56.82,154.87,0,0.01,0,3.73,1.07,-0.76,2.59,-0.85,0.23,-0.49
61.143,4,-0.292,0.16,-0.94,-0.04,213.65,34.29,-178.74,0.01,0.04,0.02,3.72,5.19,-2.44,0.46,-0.58,-0.07,-0.84
61.145,6,0.744,-0.03,0.66,-0.08,318.55,79.01,-51.35,0,0,0,3.74,0.15,0,0,-0.99,-0.16,0.12
61.148,0,0.027,0.21,-0.03,-0.98,198.1,24.26,3.93,0.01,0,0.01,3.85,0.15,1.07,-0.15,-0.43,0.07,0.91
61.15,7,-0.702,-0.2,-0.67,-0.15,96.31,61.22,86.12,-0,0,0.02,0,0,0.15,0.15,-0.9,0.48,0.03
61.153,5,-0.283,0.03,-0.96,-0.07,195.4,33.1,172.46,0.01,0,0,3.79,-0.61,0.76,2.29,-0.55,0.11,-0.83
61.155,1,0.173,-0.01,-0,0.98,174.14,0.69,-0.58,-0,0,0,3.85,0,0,0,-0,-0.01,1
61.176,2,-0.498,0.14,-0.82,0.25,239.4,48.31,-124.72,-0,-0.03,-0,3.87,1.83,0.76,-0.92,-0.76,-0.52,-0.39
61.178,3,-0.472,0.06,-0.86,-0.17,188.69,56.78,154.63,-0,-0.01,0.01,3.73,0.76,0.15,2.44,-0.83,0.24,-0.5
61.243,4,-0.294,0.16,-0.94,-0.04,213.61,34.51,-178.57,-0,0,0,3.72,-2.29,-2.14,6.26,-0.57,-0.03,-0.82
61.244,6,0.744,-0.03,0.66,-0.08,318.82,78.98,-51.07,0,-0,0,3.74,0,0,0.31,-0.99,-0.15,0.12
61.248,0,0.026,0.21,-0.03,-0.98,197.91,24.25,3.86,0,-0.01,0,3.85,-0.61,0.15,-0.76,-0.42,0.05,0.91
61.25,7,-0.702,-0.2,-0.67,-0.15,96.48,61.23,86.3,0,-0,0.02,0,-0.31,0,-0.15,-0.89,0.49,0.03
61.255,2,-0.497,0.13,-0.82,0.25,238.97,48.43,-124.82,-0.02,0.01,-0,3.87,-0.15,-0.92,-0.15,-0.73,-0.55,-0.39
61.256,1,0.173,-0.01,-0,0.98,174.09,0.63,-0.6,-0,0,0,3.85,0,-0.15,0,-0.01,-0.01,1
61.283,5,-0.283,0.03,-0.96,-0.07,195.35,33.07,172.48,-0,-0.01,-0,3.79,0.15,-0.31,-0.76,-0.55,0.12,-0.83
61.285,3,-0.472,0.06,-0.86,-0.17,188.09,56.67,154.19,-0.01,-0.01,0.01,3.73,0.46,0.46,1.22,-0.83,0.26,-0.5
61.339,4,-0.294,0.16,-0.94,-0.04,213.38,34.53,-178.78,-0.02,-0.01,-0.01,3.72,0.76,0.92,-1.37,-0.55,-0,-0.83
61.341,6,0.744,-0.03,0.66,-0.08,318.97,78.99,-50.86,0,-0,0,3.74,0.46,0.15,-0.15,-0.99,-0.14,0.12
61.346,0,0.026,0.21,-0.02,-0.98,197.86,24.38,3.75,0,0,0.01,3.85,-0.61,0,0.31,-0.42,0.05,0.92
61.348,7,-0.702,-0.2,-0.67,-0.15,96.54,61.23,86.37,-0,-0,0.02,0,0.31,-0.15,0,-0.89,0.49,0.03
61.352,2,-0.498,0.13,-0.82,0.25,239.12,48.39,-124.71,0,0,0.01,3.87,-0.46,-0.31,-0.46,-0.76,-0.56,-0.38
61.353,1,0.173,-0.01,-0,0.98,174.12,0.63,-0.58,0,-0,0,3.85,0.31,0,-0.61,-0.01,-0.01,1
61.379,5,-0.283,0.03,-0.96,-0.07,195.25,33.02,172.46,0,0,0,3.79,0.31,-0.31,2.14,-0.55,0.11,-0.83
61.381,3,-0.472,0.06,-0.86,-0.17,187.31,56.57,153.53,0.04,-0,0.04,3.73,0.61,-0.31,3.81,-0.89,0.25,-0.48
61.435,4,-0.293,0.16,-0.94,-0.04,213.48,34.41,-178.67,0.01,0.01,0.01,3.72,0.15,0.76,0.15,-0.58,-0.01,-0.82
61.437,6,0.744,-0.03,0.66,-0.08,318.7,78.96,-51.14,-0.01,0,0.01,3.74,0,0,-0.15,-0.99,-0.16,0.11
61.441,0,0.028,0.21,-0.03,-0.98,198.12,24.32,3.81,0.01,0,0.01,3.85,0,-0.15,1.68,-0.42,0.06,0.92
61.443,7,-0.702,-0.2,-0.67,-0.15,96.29,61.25,86.15,0,0,0.02,0,0.15,-0.15,-0.31,-0.89,0.49,0.03
61.447,2,-0.497,0.13,-0.82,0.25,239.06,48.33,-124.78,0,0,0.01,3.87,1.53,0,3.51,-0.76,-0.56,-0.38
61.449,1,0.174,-0,-0,0.98,174.05,0.45,-0.52,-0,-0,-0,3.85,0.31,-0.31,0.31,-0.01,-0.01,1
61.48,5,-0.283,0.03,-0.96,-0.07,194.91,32.96,172.28,0.01,0,0,3.79,-0.61,0.61,2.75,-0.55,0.11,-0.83
61.481,3,-0.473,0.06,-0.86,-0.17,186.81,56.55,153.26,0.01,-0.02,0.03,3.73,0.92,-1.22,9.31,-0.87,0.29,-0.49
61.535,4,-0.294,0.16,-0.94,-0.04,213.39,34.43,-178.69,0,0,0,3.72,0,-1.07,2.59,-0.57,-0.02,-0.83
61.537,6,0.744,-0.03,0.66,-0.08,318.7,78.94,-51.1,0.01,0.01,0.01,3.74,-0.46,-0.31,0.31,-0.98,-0.16,0.13
61.541,0,0.028,0.21,-0.02,-0.98,198.11,24.3,3.77,0,-0.01,0.01,3.85,-0.61,0.31,-1.53,-0.41,0.05,0.92
61.543,7,-0.702,-0.2,-0.67,-0.15,96.32,61.35,86.15,-0,0.01,0.01,0,-0.46,0.46,0.15,-0.89,0.47,0.03
61.547,2,-0.497,0.13,-0.82,0.25,238.58,48.59,-125.01,0.01,-0,0,3.87,0.61,0.76,5.49,-0.76,-0.53,-0.37
61.549,1,0.173,-0,-0,0.98,174.12,0.43,-0.49,0,0.01,-0.01,3.85,-0.15,-0.92,0,-0.01,0,0.99
61.581,5,-0.281,0.02,-0.96,-0.07,194.65,32.73,172.17,0.01,-0.01,-0,3.79,0.31,2.59,0.92,-0.55,0.13,-0.82
61.583,3,-0.473,0.06,-0.86,-0.17,186.9,56.57,153.28,-0.02,0.01,0,3.73,-0.46,1.07,2.44,-0.82,0.25,-0.52
61.635,4,-0.295,0.16,-0.94,-0.04,213.28,34.55,-178.77,-0.01,-0.01,0.01,3.72,-0.31,-1.22,1.37,-0.57,-0.01,-0.83
61.637,6,0.745,-0.03,0.66,-0.08,318.99,78.9,-50.86,-0.01,-0.01,0,3.74,0.31,0.15,0.46,-0.98,-0.14,0.11
61.641,0,0.025,0.21,-0.02,-0.98,197.76,24.55,3.55,-0,-0.02,0.01,3.85,-0.15,0.92,-1.53,-0.42,0.03,0.92
61.643,7,-0.702,-0.2,-0.67,-0.15,96.46,61.31,86.23,-0,-0.01,0.02,0,-0.31,0.15,1.22,-0.89,0.49,0.03
61.648,2,-0.497,0.13,-0.82,0.25,238.16,48.72,-125.38,-0.02,0,-0.01,3.87,0.76,0.31,0,-0.73,-0.53,-0.39
61.649,1,0.174,-0,-0,0.98,174.01,0.43,-0.55,-0.01,-0.01,0,3.85,-0.46,-0.46,0,0,-0.02,1.01
61.681,5,-0.279,0.02,-0.96,-0.07,194.44,32.53,171.89,0.02,0.02,0.01,3.79,-1.22,-0.61,0.31,-0.56,0.1,-0.83
61.683,3,-0.472,0.06,-0.86,-0.17,186.78,56.48,153.21,-0.01,0.01,0.01,3.73,0.15,0.46,1.98,-0.83,0.25,-0.51
61.735,4,-0.294,0.16,-0.94,-0.04,213.07,34.56,-179.05,-0.02,0.01,-0,3.72,-1.68,1.68,-0.15,-0.56,-0.02,-0.83
61.738,6,0.745,-0.03,0.66,-0.08,319.1,78.93,-50.83,0,-0.01,0.01,3.74,-0.15,-0.15,-0.31,-0.99,-0.14,0.13
61.743,0,0.027,0.21,-0.02,-0.98,197.95,24.64,3.52,0.02,0,0.01,3.85,-0.61,-0.76,6.56,-0.44,0.06,0.91
61.744,7,-0.701,-0.2,-0.67,-0.15,96.71,61.2,86.44,-0,-0.02,0.02,0,0,0,-0.76,-0.89,0.5,0.03
61.748,2,-0.497,0.13,-0.82,0.25,238.72,48.42,-124.86,0.05,0.03,0.03,3.87,-1.53,-2.44,-3.81,-0.78,-0.58,-0.34
61.749,1,0.175,-0,-0,0.98,173.93,0.27,-0.59,0,0,0,3.85,0.31,0.15,0,-0.01,-0.01,1
61.783,5,-0.28,0.02,-0.96,-0.07,194.33,32.65,171.73,0.01,-0,0,3.79,-1.07,-2.29,-2.59,-0.55,0.12,-0.83
61.785,3,-0.471,0.05,-0.86,-0.17,186.72,56.3,153.16,0.01,-0.01,0.01,3.73,-0.15,1.07,1.07,-0.85,0.27,-0.48
61.85,4,-0.293,0.16,-0.94,-0.04,213.2,34.45,-178.94,0.02,-0,0.02,3.72,1.53,0.46,-4.27,-0.59,-0.02,-0.82
61.852,6,0.745,-0.03,0.66,-0.08,319.16,78.89,-50.77,-0,0,0.01,3.74,0.61,0.15,-0.31,-0.99,-0.15,0.12
61.856,0,0.029,0.21,-0.02,-0.98,198.26,24.53,3.7,-0.01,0.01,0.01,3.85,1.07,-0.46,0.31,-0.42,0.07,0.92
61.857,7,-0.702,-0.2,-0.67,-0.15,96.65,61.35,86.36,0,0.01,0.02,0,0.92,-0.31,-0.76,-0.9,0.48,0.03
61.863,2,-0.497,0.13,-0.82,0.25,238.86,48.4,-124.89,0.01,0.01,0.01,3.87,0.92,1.22,1.68,-0.75,-0.56,-0.38
61.865,1,0.176,-0,-0,0.98,173.72,0.22,-0.55,0,0,0,3.85,0.46,0,-0.46,-0,-0.01,1
61.894,5,-0.281,0.02,-0.96,-0.07,194.41,32.75,171.79,0,0,0,3.79,0.15,0.76,0,-0.56,0.12,-0.83
61.896,3,-0.47,0.06,-0.86,-0.18,187.07,56.29,153.31,0.02,-0.02,0.03,3.73,0,3.36,-1.68,-0.87,0.27,-0.49
61.952,4,-0.293,0.16,-0.94,-0.04,213.52,34.43,-178.8,-0.02,0.01,0,3.72,-0.46,-0.76,1.68,-0.54,-0.02,-0.84
61.954,6,0.744,-0.03,0.66,-0.08,318.78,78.95,-50.98,-0.01,0.01,0,3.74,0,-0.15,0,-0.98,-0.16,0.12
61.957,0,0.028,0.21,-0.02,-0.98,198.14,24.46,3.79,-0.01,0,0.01,3.85,0,-0.15,-1.37,-0.41,0.06,0.93
61.959,7,-0.702,-0.2,-0.67,-0.15,96.54,61.44,86.27,0,0,0.02,0,-0.31,0.15,0.15,-0.89,0.48,0.03
61.964,2,-0.496,0.13,-0.82,0.25,238.61,48.4,-125.01,-0.01,-0,-0.01,3.87,-0.46,1.07,-0.46,-0.74,-0.53,-0.39
61.965,1,0.177,-0,-0,0.98,173.71,0.19,-0.5,0,0,-0,3.85,0,-0.31,0,-0.01,-0.01,1
61.986,5,-0.28,0.02,-0.96,-0.07,194.29,32.59,171.71,0,0.01,-0.01,3.79,0.46,0.92,0.31,-0.54,0.11,-0.83
61.988,3,-0.469,0.06,-0.86,-0.17,187.41,56.11,153.65,0.01,0.03,0,3.73,-0.76,0.31,2.14,-0.84,0.22,-0.51
62.054,4,-0.293,0.16,-0.94,-0.04,213.36,34.44,-178.84,0,0.01,-0,3.72,0.15,0,0,-0.57,-0.02,-0.83
62.056,6,0.744,-0.03,0.66,-0.08,318.86,78.94,-50.87,0,-0,0,3.74,-0.46,-0.15,0,-0.99,-0.15,0.12
62.06,0,0.028,0.21,-0.02,-0.98,198.13,24.46,3.73,-0,-0,0.01,3.85,-0.31,0.61,-0.46,-0.42,0.06,0.92
62.062,7,-0.702,-0.2,-0.67,-0.15,96.62,61.42,86.29,0,-0,0.02,0,-0.61,0.31,0.15,-0.89,0.49,0.03
62.066,5,-0.279,0.02,-0.96,-0.07,194.24,32.5,171.71,0.01,0.01,0,3.79,-0.61,0.46,-0.31,-0.55,0.12,-0.83
62.067,1,0.177,-0,-0,0.98,173.69,0.34,-0.57,-0,0,-0,3.85,0,-0.31,0.31,-0.01,-0.01,1
62.088,2,-0.496,0.13,-0.82,0.25,238.55,48.37,-125.09,0.01,0.01,0,3.87,-0.31,1.07,0.15,-0.76,-0.55,-0.37
62.09,3,-0.468,0.06,-0.86,-0.17,187.47,56.07,153.73,-0,0.01,0.01,3.73,0,0,1.83,-0.84,0.25,-0.51
62.14,4,-0.293,0.16,-0.94,-0.04,213.37,34.41,-178.85,-0.01,0.01,0.01,3.72,1.68,-1.07,0.46,-0.56,-0.03,-0.84
62.142,6,0.744,-0.03,0.66,-0.08,318.56,78.97,-51.24,0,-0,0,3.74,0.46,0,-0.15,-0.99,-0.15,0.12
62.147,0,0.027,0.21,-0.02,-0.98,197.97,24.63,3.63,0,-0.01,0.01,3.85,0.61,0.31,0.31,-0.43,0.05,0.91
62.148,7,-0.702,-0.2,-0.67,-0.15,96.53,61.37,86.19,-0,-0,0.02,0,0.31,-0.15,0,-0.89,0.49,0.03
62.152,5,-0.28,0.02,-0.96,-0.07,194.41,32.59,171.62,0,0,0,3.79,-3.66,-1.37,-3.51,-0.54,0.11,-0.84
62.154,1,0.177,-0,-0,0.98,173.6,0.34,-0.59,-0,0,0,3.85,-0.15,0,-0.31,-0,-0.01,1
62.204,2,-0.495,0.13,-0.82,0.25,238.64,48.32,-125.3,0.01,-0.01,0,3.87,-0.92,-1.98,-2.14,-0.76,-0.53,-0.38
62.207,3,-0.468,0.06,-0.86,-0.17,187.19,55.98,153.65,0.01,0,0.01,3.73,0.31,0.92,1.07,-0.84,0.25,-0.5
62.257,4,-0.294,0.16,-0.94,-0.04,213.39,34.5,-178.66,-0.01,-0.02,0,3.72,-0.61,-0.76,0.31,-0.57,-0.01,-0.83
62.259,6,0.744,-0.03,0.66,-0.08,318.25,78.96,-51.56,-0,0.01,0.01,3.74,0.15,0,0.15,-0.99,-0.16,0.12
62.264,0,0.027,0.21,-0.02,-0.98,197.98,24.59,3.7,0,-0.01,0,3.85,0.46,-1.07,0,-0.42,0.05,0.91
62.266,7,-0.702,-0.2,-0.67,-0.15,96.43,61.31,86.24,0,0.01,0.02,0,0.15,0,0,-0.9,0.48,0.03
62.27,5,-0.28,0.02,-0.96,-0.07,194.32,32.66,171.35,-0,0,0,3.79,-0.15,-0.76,-1.07,-0.54,0.12,-0.84
62.272,1,0.175,-0,-0,0.98,173.85,0.35,-0.52,-0,0,0,3.85,-0.31,0,0,-0,-0.01,1.01
62.292,2,-0.497,0.13,-0.82,0.25,238.76,48.43,-125.11,0,0.02,0.01,3.87,1.83,0.15,1.83,-0.74,-0.56,-0.38
62.294,3,-0.469,0.05,-0.86,-0.17,186.98,55.99,153.5,-0.01,-0.02,0.01,3.73,0.31,-1.07,0.61,-0.83,0.26,-0.51
62.344,4,-0.295,0.16,-0.94,-0.04,213.26,34.59,-178.96,0,0.03,0,3.72,-1.07,0,0.46,-0.56,-0.03,-0.83
62.346,6,0.744,-0.03,0.66,-0.08,318.64,78.92,-51.15,0,0,0.01,3.74,-0.15,0,0.15,-0.99,-0.15,0.12
62.351,0,0.027,0.21,-0.02,-0.98,198.01,24.62,3.73,-0,0,0.01,3.85,0,-0.31,0.61,-0.42,0.06,0.92
62.352,7,-0.702,-0.2,-0.67,-0.15,96.33,61.29,86.14,-0,0,0.01,0,-0.31,0.15,0.46,-0.89,0.48,0.03
62.357,2,-0.496,0.13,-0.82,0.25,238.76,48.38,-125.07,0,0.01,0,3.87,0,-1.53,0,-0.75,-0.55,-0.38
62.359,1,0.175,-0,-0,0.98,173.91,0.37,-0.53,-0,-0,0,3.85,0,0.15,0.15,-0,-0.01,1
62.41,5,-0.281,0.02,-0.96,-0.07,194.36,32.75,171.37,-0.01,0,-0,3.79,-0.76,-0.15,0.15,-0.53,0.12,-0.83
62.412,3,-0.469,0.05,-0.86,-0.17,186.89,56,153.3,0,0.01,0.01,3.73,0.61,0,0.15,-0.84,0.23,-0.5
62.441,4,-0.294,0.16,-0.94,-0.04,213.42,34.47,-178.81,0,-0.01,-0,3.72,0,0.15,0,-0.57,-0,-0.82
62.443,6,0.744,-0.03,0.66,-0.08,318.6,78.98,-51.19,0,-0.01,0.01,3.74,-0.46,0.15,-0.46,-0.99,-0.14,0.12
62.45,0,0.027,0.21,-0.02,-0.98,198.11,24.58,3.81,-0.01,-0,0.01,3.85,-0.15,-0.15,-0.46,-0.41,0.06,0.92
62.452,7,-0.702,-0.2,-0.67,-0.15,96.32,61.22,86.1,-0,-0.01,0.02,0,-0.15,0.15,-0.31,-0.89,0.5,0.03
62.457,5,-0.28,0.02,-0.96,-0.07,194.35,32.63,171.42,-0,0,0,3.79,1.22,0.15,-0.15,-0.54,0.12,-0.83
62.458,1,0.175,-0,-0,0.98,173.89,0.43,-0.54,-0,0,0,3.85,0.31,0.31,0,-0,-0.01,1
62.504,2,-0.497,0.13,-0.82,0.25,238.75,48.46,-124.95,-0,0.01,0,3.87,1.98,-0.15,2.14,-0.74,-0.54,-0.38
62.506,3,-0.469,0.05,-0.86,-0.17,186.56,55.95,153.16,0,0,0.01,3.73,1.22,-0.61,2.44,-0.84,0.25,-0.5
62.558,4,-0.293,0.16,-0.94,-0.04,213.27,34.44,-178.95,-0.01,0,-0,3.72,0.15,-0.15,1.07,-0.55,-0.02,-0.84
62.56,6,0.744,-0.03,0.66,-0.08,318.49,78.94,-51.31,-0,0,0,3.74,0.76,0,-0.15,-0.99,-0.15,0.12
62.564,0,0.026,0.21,-0.02,-0.98,197.95,24.53,3.67,-0,-0.01,0.01,3.85,-0.31,0,-0.92,-0.42,0.04,0.92
62.566,7,-0.703,-0.2,-0.67,-0.15,96.25,61.26,86.01,-0.01,0,0.02,0,0.61,-0.46,-0.31,-0.89,0.49,0.02
62.57,2,-0.498,0.13,-0.82,0.25,238.61,48.63,-124.94,0.01,-0.02,0.01,3.87,-0.92,-0.92,-0.46,-0.78,-0.53,-0.38
62.571,1,0.174,-0,-0,0.98,174.03,0.5,-0.45,-0.01,0,0,3.85,0,0.15,-0.46,-0,-0,1
62.592,5,-0.279,0.02,-0.96,-0.07,194.33,32.52,171.5,0,0,-0.01,3.79,0.15,1.07,0,-0.54,0.12,-0.83
62.594,3,-0.469,0.05,-0.86,-0.18,186.06,55.91,152.83,0.01,0.01,0.01,3.73,0.61,-0.15,1.53,-0.84,0.25,-0.5
62.658,4,-0.294,0.16,-0.94,-0.04,213.32,34.48,-178.91,0.01,0,0.01,3.72,0,-0.92,-0.46,-0.57,-0.02,-0.83
62.66,6,0.744,-0.03,0.66,-0.08,318.32,78.92,-51.41,0,0.01,0.01,3.74,0,0,0,-0.98,-0.16,0.12
62.665,0,0.027,0.21,-0.02,-0.98,197.99,24.53,3.67,0,0.01,0.01,3.85,0.15,0.92,-0.15,-0.42,0.07,0.91
62.666,7,-0.702,-0.2,-0.67,-0.15,96.36,61.37,86.12,0.01,0.01,0.02,0,0,0,0.15,-0.9,0.48,0.04
62.67,2,-0.499,0.13,-0.82,0.25,238.27,49.01,-125.09,-0,-0,-0.01,3.87,2.29,0,4.73,-0.74,-0.54,-0.37
62.671,1,0.173,-0,-0,0.98,174.1,0.5,-0.44,0,-0.01,0,3.85,0,0,0.15,-0,-0.02,1
62.693,5,-0.278,0.02,-0.96,-0.07,194.25,32.41,171.32,0,0.01,-0,3.79,-1.07,0.61,0.76,-0.54,0.12,-0.83
62.694,3,-0.469,0.05,-0.86,-0.18,185.46,55.74,152.46,-0.01,-0.02,0.02,3.73,-0.46,-0.31,2.14,-0.83,0.29,-0.5
62.748,4,-0.294,0.16,-0.94,-0.04,213.03,34.57,-179.24,0,-0,0.01,3.72,-1.37,0,0.15,-0.57,-0.01,-0.83
62.75,6,0.745,-0.03,0.66,-0.08,318.8,78.83,-51.01,0,0,0.01,3.74,-0.92,-0.31,0.61,-0.99,-0.15,0.13
62.754,0,0.026,0.22,-0.02,-0.98,197.85,24.74,3.56,-0,0.01,0.01,3.85,-1.53,1.07,-1.53,-0.42,0.06,0.91
62.755,7,-0.702,-0.2,-0.67,-0.15,96.45,61.34,86.23,-0.01,0,0.01,0,-0.76,0.46,0.15,-0.89,0.49,0.03
62.76,2,-0.5,0.12,-0.82,0.25,238.04,49.29,-125.01,0,0.01,0.01,3.87,2.14,0,5.04,-0.76,-0.54,-0.37
62.762,1,0.173,-0,-0,0.98,174.17,0.49,-0.48,-0,0,-0,3.85,-0.15,0.76,0.46,-0.01,-0.01,0.99
62.792,5,-0.277,0.02,-0.96,-0.07,194.08,32.24,171.25,0.01,0,0,3.79,-0.61,1.22,1.68,-0.54,0.12,-0.83
62.794,3,-0.468,0.05,-0.86,-0.18,185.42,55.64,152.39,-0.01,-0.01,0.01,3.73,0.76,-0.92,4.12,-0.84,0.28,-0.51
62.858,4,-0.295,0.15,-0.94,-0.04,212.92,34.74,-179.34,-0.01,0,0.01,3.72,-0.46,-1.37,1.83,-0.57,-0.01,-0.83
62.86,6,0.745,-0.03,0.66,-0.08,319.28,78.85,-50.54,-0,-0,0.01,3.74,0.15,0.15,0,-0.98,-0.15,0.12
62.865,0,0.025,0.22,-0.02,-0.98,197.72,24.8,3.41,-0,0,0.01,3.85,-0.76,-0.31,-1.07,-0.42,0.06,0.91
62.867,7,-0.702,-0.2,-0.67,-0.15,96.54,61.29,86.26,-0,-0,0.02,0,0,0,0.61,-0.89,0.49,0.03
62.871,5,-0.277,0.02,-0.96,-0.07,194.21,32.25,171.33,0.01,-0.03,-0,3.79,0.46,1.53,-8.39,-0.54,0.15,-0.83
62.873,1,0.173,-0.01,-0,0.98,174.07,0.51,-0.52,-0,-0,0,3.85,-0.46,0.15,-0.15,-0,-0.01,1
62.894,2,-0.501,0.12,-0.82,0.25,237.67,49.57,-125.01,0.01,0.01,-0,3.87,1.98,1.83,3.66,-0.76,-0.53,-0.37
62.896,3,-0.468,0.04,-0.86,-0.18,185.05,55.61,152.14,0.01,-0,0.01,3.73,-0.61,0.15,1.53,-0.84,0.27,-0.5
62.954,4,-0.296,0.15,-0.94,-0.04,212.55,34.85,-179.59,0.01,0,0,3.72,-0.76,-0.61,2.9,-0.57,-0.01,-0.82
62.956,6,0.745,-0.03,0.66,-0.08,319.09,78.83,-50.8,-0,0,0.01,3.74,0,-0.15,0,-0.99,-0.15,0.12
62.961,0,0.025,0.21,-0.02,-0.98,197.68,24.73,3.27,0.02,-0.01,0.01,3.85,-0.61,-1.83,2.29,-0.44,0.04,0.91
62.963,7,-0.702,-0.2,-0.67,-0.15,96.51,61.26,86.24,0,-0,0.02,0,0.15,-0.15,0,-0.89,0.49,0.03
62.967,5,-0.277,0.03,-0.96,-0.07,195.22,32.27,172.03,-0,-0,0.01,3.79,1.68,0,-1.83,-0.54,0.13,-0.84
62.968,1,0.172,-0,-0,0.98,174.18,0.42,-0.49,0,-0,-0,3.85,0,0.15,0,-0.01,-0.01,0.99
62.997,2,-0.501,0.12,-0.82,0.25,237.88,49.54,-124.83,0.01,0.05,0.02,3.87,2.75,-1.37,-1.68,-0.77,-0.6,-0.35
62.998,3,-0.468,0.04,-0.86,-0.18,185.02,55.66,152.08,0,-0.01,0.01,3.73,0.15,0.15,0.31,-0.84,0.28,-0.49
63.064,4,-0.296,0.15,-0.94,-0.05,212.49,34.8,-179.76,0,0.03,0.01,3.72,0,-0.46,1.98,-0.57,-0.03,-0.83
63.066,6,0.745,-0.03,0.66,-0.08,318.84,78.83,-51.09,-0,-0,0.01,3.74,-0.15,0,-0.15,-0.99,-0.15,0.12
63.07,0,0.025,0.21,-0.02,-0.98,197.63,24.59,3.17,-0,-0.01,-0,3.85,-0.92,1.68,-0.46,-0.41,0.04,0.91
63.071,7,-0.702,-0.2,-0.67,-0.15,96.49,61.27,86.2,-0,0,0.01,0,0,0,-0.31,-0.89,0.48,0.03
63.075,5,-0.275,0.03,-0.96,-0.07,195.03,32.12,171.94,-0,-0.01,0,3.79,-0.61,0.61,2.14,-0.54,0.12,-0.84
63.076,1,0.172,-0,-0,0.99,174.2,0.49,-0.49,-0,0,0,3.85,0.15,0,0,-0.01,-0.01,1
63.097,2,-0.502,0.12,-0.82,0.25,237.66,49.72,-124.78,0.01,0,0.01,3.87,0.15,1.37,3.2,-0.78,-0.53,-0.36
63.099,3,-0.469,0.04,-0.86,-0.18,184.71,55.63,151.95,-0,0.01,0.02,3.73,0.31,-0.15,1.53,-0.84,0.27,-0.51
63.163,4,-0.296,0.15,-0.94,-0.05,212.44,34.81,-179.72,-0,0.02,0,3.72,0.61,-0.92,1.98,-0.57,-0.01,-0.82
63.165,6,0.745,-0.03,0.66,-0.08,319.21,78.78,-50.72,-0,0,0.01,3.74,0.15,0,0,-0.99,-0.15,0.12
63.168,0,0.023,0.21,-0.02,-0.98,197.4,24.71,3.02,0.01,-0.01,0.01,3.85,0,-0.31,-1.83,-0.43,0.04,0.92
63.17,7,-0.702,-0.2,-0.67,-0.15,96.5,61.27,86.24,-0,-0,0.01,0,-0.15,0,0,-0.89,0.49,0.03
63.173,5,-0.276,0.03,-0.96,-0.07,194.93,32.13,171.89,0,0,0,3.79,0.15,-0.61,-0.15,-0.53,0.12,-0.84
63.175,1,0.172,-0.01,-0,0.99,174.29,0.56,-0.47,-0,0,0,3.85,0,0,0,-0.01,-0,1
63.197,2,-0.503,0.12,-0.82,0.25,237.48,49.93,-124.84,-0.01,-0.01,0,3.87,0.61,0.15,3.51,-0.76,-0.51,-0.39
63.199,3,-0.469,0.04,-0.86,-0.18,184.79,55.63,151.95,-0.01,-0,-0,3.73,0.31,-0.31,1.83,-0.82,0.27,-0.5
63.264,4,-0.295,0.15,-0.94,-0.05,212.28,34.8,-179.88,-0.01,-0.01,-0,3.72,-0.76,0,0.31,-0.56,0,-0.82
63.266,6,0.745,-0.03,0.66,-0.08,319.12,78.73,-50.86,-0.01,-0,0.01,3.74,0,0,0.15,-0.99,-0.15,0.12
63.269,0,0.022,0.21,-0.02,-0.98,197.33,24.7,2.92,0,0.01,0.01,3.85,0,0,0,-0.42,0.05,0.91
63.271,7,-0.702,-0.2,-0.67,-0.15,96.56,61.27,86.31,0,0,0.03,0,0.31,0,0.15,-0.89,0.49,0.04
63.274,5,-0.276,0.03,-0.96,-0.07,194.83,32.16,171.85,0.01,-0,0,3.79,-0.92,-0.31,1.53,-0.54,0.11,-0.83
63.276,1,0.172,-0.01,-0,0.99,174.28,0.51,-0.46,0,-0.01,0,3.85,0,0.61,0.15,-0.01,-0.02,1
63.298,2,-0.503,0.12,-0.82,0.25,237.61,49.92,-124.76,0,-0,0,3.87,-0.31,-0.92,-0.46,-0.77,-0.53,-0.37
63.3,3,-0.469,0.04,-0.86,-0.18,184.8,55.71,152,-0.01,0.02,0.02,3.73,-1.22,0.61,-1.37,-0.83,0.27,-0.52
63.367,4,-0.295,0.15,-0.94,-0.05,212.27,34.78,-179.85,-0,-0,-0,3.72,0,-0.31,0.46,-0.57,0,-0.82
63.369,6,0.746,-0.03,0.66,-0.08,319.46,78.68,-50.59,-0,-0,0.01,3.74,-0.31,0,0,-0.99,-0.15,0.12
63.373,0,0.022,0.22,-0.02,-0.98,197.27,24.77,2.86,-0,0.01,0.01,3.85,-0.61,0,1.22,-0.42,0.06,0.92
63.375,7,-0.702,-0.2,-0.67,-0.15,96.51,61.26,86.23,-0.01,0,0.02,0,-0.31,0,-0.15,-0.89,0.49,0.02
63.38,5,-0.276,0.03,-0.96,-0.07,194.67,32.2,171.8,-0,0,0.01,3.79,0.92,-0.92,-1.37,-0.53,0.11,-0.83
63.381,1,0.173,-0.01,-0,0.98,174.17,0.53,-0.49,-0,0.01,0,3.85,0.31,0.31,0,-0.01,-0,1
63.4,2,-0.503,0.12,-0.82,0.25,237.54,49.96,-124.78,0.02,0.01,0.01,3.87,-0.46,0.15,-0.76,-0.77,-0.54,-0.35
63.402,3,-0.469,0.04,-0.86,-0.18,184.7,55.7,151.93,0.01,0.01,0.01,3.73,-0.15,0,3.05,-0.86,0.26,-0.49
63.465,4,-0.296,0.15,-0.94,-0.05,212.12,34.84,-179.92,0,0,-0,3.72,0.92,-0.46,-2.59,-0.56,-0.01,-0.82
63.467,6,0.746,-0.03,0.66,-0.08,319.5,78.68,-50.54,-0.01,0,0.01,3.74,0.31,0,0,-0.99,-0.15,0.12
63.472,0,0.022,0.21,-0.02,-0.98,197.26,24.76,2.88,-0.01,0,0.01,3.85,0.76,-0.15,-0.92,-0.42,0.05,0.92
63.474,7,-0.701,-0.2,-0.67,-0.15,96.78,61.32,86.49,0,0,0.02,0,0.31,-0.15,0,-0.9,0.49,0.03
63.479,2,-0.503,0.12,-0.82,0.25,237.53,49.95,-124.85,-0.01,0,0,3.87,0,0.61,0.31,-0.76,-0.54,-0.37
63.481,1,0.173,-0.01,-0,0.98,174.13,0.57,-0.48,-0,0,0,3.85,0,0.31,-0.15,-0.01,-0.01,1
63.501,5,-0.276,0.03,-0.96,-0.07,194.78,32.21,171.87,0,0.01,0,3.79,-0.92,0.61,0.92,-0.53,0.11,-0.84
63.503,3,-0.469,0.04,-0.86,-0.18,184.94,55.72,152.14,-0,-0,0.02,3.73,1.83,-0.46,0.76,-0.84,0.27,-0.51
63.557,4,-0.295,0.15,-0.94,-0.05,212.34,34.75,-179.86,-0,0,0,3.72,-0.31,0.76,-0.15,-0.56,0,-0.82
63.559,6,0.745,-0.03,0.66,-0.08,319.37,78.71,-50.64,-0,-0,0,3.74,0.31,0,0,-0.98,-0.15,0.12
63.563,0,0.022,0.21,-0.02,-0.98,197.25,24.77,2.9,0,0.01,0.01,3.85,-0.15,0.31,1.07,-0.42,0.05,0.91
63.565,7,-0.701,-0.2,-0.67,-0.15,96.67,61.31,86.43,-0,0,0.02,0,0,0,0,-0.9,0.48,0.03
63.569,2,-0.503,0.12,-0.82,0.25,237.52,49.88,-124.87,0.01,-0,0.01,3.87,-0.76,-0.92,0,-0.78,-0.52,-0.36
63.57,1,0.173,-0.01,-0,0.98,174.12,0.55,-0.48,-0,0,0,3.85,-0.15,-0.46,-0.46,-0.01,-0.01,1
63.619,5,-0.277,0.03,-0.96,-0.07,194.97,32.26,172.05,-0,0,-0,3.79,0.92,-0.15,-2.29,-0.54,0.12,-0.84
63.621,3,-0.47,0.04,-0.86,-0.18,184.86,55.8,152.11,0.02,-0.02,0.02,3.73,-0.61,0,-1.53,-0.85,0.28,-0.49
63.668,4,-0.294,0.15,-0.94,-0.05,212.38,34.66,-179.78,0,-0.02,0,3.72,-0.15,0.31,-0.15,-0.57,0.01,-0.82
63.67,6,0.745,-0.03,0.66,-0.08,319.29,78.71,-50.7,-0,-0,0,3.74,0.31,0.15,0,-0.98,-0.15,0.12
63.673,0,0.022,0.22,-0.02,-0.98,197.24,24.86,2.89,0,0.01,0.01,3.85,0,0,-0.15,-0.42,0.05,0.91
63.675,7,-0.702,-0.2,-0.67,-0.15,96.53,61.23,86.37,0.01,-0,0.02,0,0,0,0,-0.89,0.49,0.04
63.679,2,-0.503,0.12,-0.82,0.25,237.51,49.99,-124.84,-0.01,-0,-0,3.87,0.31,-0.46,-0.61,-0.76,-0.53,-0.37
63.681,1,0.173,-0,-0,0.98,174.11,0.43,-0.47,0,-0,-0,3.85,0,-0.31,0,-0.01,-0.01,0.99
63.701,5,-0.276,0.03,-0.96,-0.07,194.87,32.2,171.95,0.01,0,0.01,3.79,0.31,-0.15,-0.92,-0.54,0.11,-0.84
63.703,3,-0.47,0.04,-0.86,-0.18,185.01,55.83,152.21,-0,-0,0.01,3.73,0,0.92,0.92,-0.84,0.27,-0.51
63.769,4,-0.294,0.15,-0.94,-0.05,212.22,34.65,-179.94,-0.03,0.01,-0,3.72,-0.46,-0.76,3.97,-0.55,-0.01,-0.84
63.771,6,0.745,-0.03,0.66,-0.08,319.02,78.73,-50.98,-0,-0,0,3.74,-0.31,0,-0.61,-0.99,-0.15,0.12
63.774,0,0.019,0.22,-0.02,-0.98,196.91,24.95,2.76,0,0.01,0.01,3.85,-0.15,-0.61,-0.92,-0.43,0.05,0.91
63.776,7,-0.702,-0.2,-0.67,-0.15,96.56,61.26,86.34,-0,0,0.02,0,0,0,-0.76,-0.89,0.49,0.03
63.781,5,-0.276,0.03,-0.96,-0.07,194.78,32.14,171.9,0.02,0,0,3.79,0,-0.31,0.31,-0.55,0.1,-0.83
63.782,1,0.173,-0.01,-0,0.98,174.17,0.53,-0.48,-0,-0,-0,3.85,0.31,-0.15,0,-0,-0.01,0.99
63.807,2,-0.504,0.12,-0.82,0.25,237.76,49.9,-124.47,0.01,0.01,0,3.87,1.53,-1.53,-0.31,-0.77,-0.53,-0.35
63.809,3,-0.47,0.04,-0.86,-0.18,185,55.8,152.25,0.01,0.02,0,3.73,-0.61,0.31,1.07,-0.84,0.25,-0.5
63.864,4,-0.295,0.15,-0.94,-0.05,211.68,34.76,179.74,0.04,0.01,0,3.72,0.92,-1.07,-1.07,-0.6,-0.01,-0.81
63.866,6,0.745,-0.03,0.66,-0.08,318.72,78.8,-51.22,0,0,0,3.74,0.15,0,0,-0.98,-0.15,0.12
63.871,0,0.019,0.22,-0.02,-0.98,196.83,24.88,2.72,0,-0.01,0,3.85,0.46,0,-1.98,-0.42,0.03,0.91
63.872,7,-0.702,-0.2,-0.67,-0.15,96.58,61.34,86.36,0,0.01,0.02,0,0,0,-0.15,-0.89,0.48,0.03
63.879,5,-0.276,0.03,-0.96,-0.07,194.83,32.15,171.95,0.01,0,0,3.79,-1.07,-0.61,-0.31,-0.54,0.12,-0.84
63.881,1,0.175,-0.01,-0,0.98,173.93,0.56,-0.53,-0.01,0,-0,3.85,0,-0.46,0,-0,-0,1.01
63.907,2,-0.505,0.12,-0.82,0.25,237.97,50,-124.36,-0,-0.01,0.01,3.87,-0.15,1.83,2.9,-0.77,-0.52,-0.38
63.909,3,-0.469,0.04,-0.86,-0.18,185.11,55.79,152.29,0,0.01,0.01,3.73,0,0.61,0.92,-0.83,0.26,-0.5
63.971,4,-0.297,0.15,-0.94,-0.05,211.76,35,179.88,0,0,-0.01,3.72,-1.07,-1.83,4.12,-0.56,0,-0.81
63.973,6,0.745,-0.03,0.66,-0.08,318.91,78.75,-51.06,-0,0,0,3.74,0,0,0.15,-0.99,-0.15,0.12
63.976,0,0.018,0.21,-0.02,-0.98,196.8,24.74,2.73,-0,-0,0.01,3.85,0,-0.31,0,-0.42,0.04,0.92
63.978,7,-0.701,-0.2,-0.67,-0.15,96.72,61.39,86.47,0,0,0.02,0,0,0.15,0.46,-0.9,0.49,0.03
63.983,5,-0.276,0.03,-0.96,-0.07,194.88,32.21,171.93,-0,-0,0,3.79,-0.92,-0.61,-0.31,-0.54,0.12,-0.83
63.985,1,0.175,-0.01,-0,0.98,173.88,0.56,-0.57,-0,-0,0,3.85,-0.46,0,0,-0.01,-0.01,1
64.005,2,-0.505,0.11,-0.82,0.25,237.6,50.14,-124.68,-0.01,0.02,0.02,3.87,-1.07,0,-1.37,-0.77,-0.56,-0.38
64.007,3,-0.47,0.04,-0.86,-0.18,185.11,55.81,152.36,0,0.01,0.01,3.73,0.15,-0.15,0.31,-0.84,0.26,-0.5
64.071,4,-0.298,0.15,-0.94,-0.05,211.66,35.09,179.78,-0.01,0.01,-0,3.72,0.31,0.31,0,-0.56,-0,-0.82
64.073,6,0.745,-0.03,0.66,-0.08,318.94,78.77,-51.1,-0,-0.01,0,3.74,-0.15,0,0,-0.99,-0.14,0.12
64.077,0,0.018,0.22,-0.02,-0.98,196.81,24.79,2.69,-0,0.01,0.01,3.85,-0.46,0.15,1.98,-0.42,0.06,0.92
64.078,7,-0.701,-0.2,-0.67,-0.15,96.72,61.31,86.5,-0,-0,0.02,0,-0.15,0.15,0,-0.89,0.49,0.03
64.083,2,-0.504,0.11,-0.82,0.25,237.45,50.11,-124.82,0.01,0.02,0.01,3.87,-0.15,0.15,0.15,-0.76,-0.54,-0.36
64.085,1,0.175,-0.01,-0,0.98,173.94,0.59,-0.59,-0.01,0,0.01,3.84,-0.15,0.15,0,-0,-0.01,1.01
64.106,5,-0.276,0.03,-0.96,-0.07,194.89,32.15,171.95,0,0.01,-0,3.79,0.46,-0.31,-1.07,-0.53,0.11,-0.84
64.107,3,-0.47,0.05,-0.86,-0.18,185.28,55.95,152.4,-0.01,-0,0.01,3.73,-1.83,-1.53,-0.61,-0.83,0.26,-0.51
64.173,4,-0.298,0.15,-0.94,-0.05,211.52,35.09,179.72,0.01,-0.01,0.01,3.72,-0.46,0.61,-0.61,-0.59,0.01,-0.81
64.175,6,0.744,-0.03,0.66,-0.08,318.65,78.84,-51.44,0.01,-0,0.01,3.74,0.15,0.15,0,-0.99,-0.15,0.12
64.179,0,0.02,0.22,-0.02,-0.98,196.99,24.85,2.81,0,0.01,0.01,3.85,0.15,0.15,0.61,-0.43,0.05,0.92
64.181,7,-0.701,-0.2,-0.67,-0.15,96.81,61.33,86.58,-0,0,0.02,0,0.61,-0.31,0,-0.9,0.49,0.03
64.185,2,-0.503,0.11,-0.82,0.25,237.36,50.01,-124.89,-0,0.02,-0,3.87,0,0,0.61,-0.76,-0.54,-0.36
64.187,1,0.174,-0.01,-0,0.98,174.02,0.73,-0.6,-0.01,-0,-0,3.84,0,0.61,-0.15,-0,-0.01,1
64.214,5,-0.276,0.03,-0.96,-0.07,194.9,32.18,171.99,0.02,-0,-0,3.79,-0.31,0,0,-0.54,0.11,-0.83
64.215,3,-0.471,0.04,-0.86,-0.18,184.87,55.95,152.06,0,0.02,0.01,3.73,0.92,0.46,-1.22,-0.84,0.24,-0.5
64.273,4,-0.297,0.15,-0.94,-0.05,211.51,35.02,179.75,0,-0.01,0.01,3.72,0.61,0.76,-1.07,-0.58,0.01,-0.82
64.275,6,0.744,-0.03,0.66,-0.08,318.82,78.86,-51.24,-0,0,0,3.74,-0.15,-0.31,0,-0.99,-0.15,0.12
64.279,0,0.02,0.22,-0.02,-0.98,197.07,24.86,2.9,-0,-0,0.01,3.85,0,0.92,-0.61,-0.42,0.04,0.92
64.281,7,-0.702,-0.2,-0.67,-0.15,96.55,61.32,86.44,0,0,0.02,0,0,-0.15,-0.61,-0.9,0.48,0.03
64.285,2,-0.502,0.11,-0.82,0.25,237.19,50,-125.03,0,0,0.01,3.87,0.76,1.37,2.44,-0.77,-0.53,-0.37
64.287,1,0.173,-0.01,-0,0.98,174.09,0.69,-0.56,-0,0,0.01,3.84,0.15,-0.31,0.15,-0.02,-0.01,1
64.307,5,-0.276,0.03,-0.96,-0.07,194.92,32.15,172,0.02,0,0,3.79,0.15,0.46,0.61,-0.55,0.12,-0.83
64.309,3,-0.471,0.05,-0.86,-0.18,185.05,55.97,152.18,0.01,-0.03,0.02,3.73,-0.15,0.46,-1.07,-0.85,0.29,-0.49
64.381,4,-0.297,0.14,-0.94,-0.05,211.31,35.05,179.65,0.01,0,0,3.72,-0.61,-0.15,2.44,-0.59,0,-0.82
64.383,6,0.744,-0.03,0.66,-0.08,318.7,78.8,-51.47,0,-0,0.01,3.74,0,0.15,0,-0.99,-0.15,0.13
64.387,0,0.021,0.22,-0.02,-0.98,197.1,25.04,2.9,-0.01,0,0,3.85,-0.31,0.92,-1.07,-0.41,0.05,0.91
64.388,7,-0.701,-0.2,-0.67,-0.15,96.65,61.37,86.57,0.01,0.01,0.02,0,0,0.31,0.15,-0.9,0.48,0.04
64.392,2,-0.502,0.11,-0.82,0.25,236.88,50.04,-125.22,-0.01,0,0,3.87,0.31,0.46,-0.31,-0.77,-0.54,-0.37
64.393,1,0.173,-0.01,-0,0.98,174.13,0.6,-0.51,0,0,-0,3.84,0,-0.76,0,-0.01,-0.01,1
64.414,5,-0.275,0.03,-0.96,-0.07,194.87,32.06,172.18,-0,0.01,-0,3.79,0.76,1.37,2.14,-0.53,0.12,-0.83
64.416,3,-0.47,0.05,-0.86,-0.17,185.44,55.94,152.55,-0.01,-0,0,3.73,0,0.31,-2.29,-0.83,0.26,-0.5
64.478,4,-0.297,0.14,-0.94,-0.05,211.14,35.07,179.5,0.01,0,0.01,3.72,-0.76,0.76,0.76,-0.59,0,-0.82
64.48,6,0.745,-0.03,0.66,-0.08,318.89,78.81,-51.19,-0,-0,0,3.74,0,0,-0.61,-0.99,-0.15,0.12
64.484,0,0.019,0.22,-0.02,-0.98,196.95,25.1,2.81,0,0,0.01,3.85,-0.46,0.61,0.61,-0.43,0.05,0.91
64.486,7,-0.701,-0.2,-0.67,-0.15,96.59,61.29,86.5,-0.01,-0,0.02,0,-0.15,0.15,0.46,-0.9,0.49,0.03
64.489,5,-0.274,0.03,-0.96,-0.07,194.9,31.97,172.23,0.02,0.01,0,3.79,1.37,0.15,-1.07,-0.56,0.1,-0.83
64.491,1,0.174,-0,-0,0.98,174.01,0.38,-0.52,-0.01,-0,0,3.84,0,-0.61,0.15,-0,-0.01,1
64.511,2,-0.502,0.11,-0.82,0.25,236.87,50.08,-125.16,0.01,0.01,0.01,3.87,-0.46,0,-1.07,-0.77,-0.53,-0.36
64.513,3,-0.47,0.05,-0.86,-0.17,185.46,55.91,152.7,-0,0.01,0.01,3.73,0.31,0,0.15,-0.84,0.25,-0.5
64.567,4,-0.298,0.14,-0.94,-0.05,211.11,35.11,179.44,-0,-0,-0,3.72,0,0,-0.76,-0.57,0.01,-0.82
64.569,6,0.744,-0.03,0.66,-0.08,318.8,78.86,-51.28,0.01,-0.01,0,3.74,0.15,0,0.31,-0.98,-0.14,0.13
64.573,0,0.02,0.22,-0.02,-0.98,197.05,25.17,2.83,0.01,0,0,3.85,0.15,-0.76,0.61,-0.44,0.05,0.9
64.574,7,-0.701,-0.2,-0.67,-0.15,96.72,61.35,86.51,0,-0,0.02,0,0.15,0,0.15,-0.89,0.49,0.03
64.578,5,-0.275,0.03,-0.96,-0.07,194.84,32.03,172.19,0.01,0,0,3.79,-1.22,-1.22,0.31,-0.53,0.11,-0.85
64.58,1,0.174,-0,-0,0.98,173.97,0.1,-0.48,-0,0,-0,3.84,-0.31,-0.15,-0.15,-0,-0.01,1
64.611,2,-0.502,0.11,-0.82,0.25,236.94,50.01,-125.11,0,0,0,3.87,-0.15,0.15,0.61,-0.76,-0.53,-0.37
64.614,3,-0.47,0.05,-0.86,-0.17,185.46,55.91,152.67,0,-0.01,0.01,3.73,0.61,-0.92,3.66,-0.85,0.27,-0.49
64.67,4,-0.297,0.14,-0.94,-0.05,211.28,35.02,179.55,0,-0,0,3.72,0.61,0,-1.37,-0.58,0.01,-0.82
64.672,6,0.745,-0.03,0.66,-0.08,319.07,78.9,-50.87,-0.01,-0,0,3.74,0.15,0,0,-0.98,-0.15,0.11
64.675,0,0.021,0.22,-0.02,-0.98,197.15,25.11,2.89,0,0,0.01,3.85,0.15,-0.61,0.92,-0.43,0.05,0.92
64.677,7,-0.701,-0.2,-0.67,-0.15,96.64,61.35,86.46,0,0,0.02,0,-0.15,0.15,0.15,-0.9,0.49,0.03
64.681,2,-0.503,0.11,-0.82,0.25,237.26,50,-124.88,0.01,-0,0.01,3.87,0,0,-0.76,-0.77,-0.54,-0.36
64.683,1,0.174,-0,-0,0.98,173.99,0.11,-0.49,0,-0,0,3.85,-0.15,0.15,0.15,-0,-0.01,1
64.713,5,-0.276,0.02,-0.96,-0.07,194.7,32.16,172.04,0,-0.01,0,3.79,-0.61,-1.53,0.15,-0.53,0.12,-0.84
64.715,3,-0.469,0.05,-0.86,-0.17,185.43,55.81,152.77,-0.01,0,0.02,3.73,-0.31,0.61,-3.51,-0.83,0.26,-0.52
64.78,4,-0.296,0.15,-0.94,-0.05,211.49,34.93,179.7,0,0,0,3.72,0.31,-0.15,0.31,-0.57,0.01,-0.82
64.782,6,0.745,-0.03,0.66,-0.08,319.09,78.93,-50.86,0,0,0.01,3.74,0,-0.15,0.31,-0.99,-0.15,0.13
64.786,0,0.022,0.22,-0.02,-0.98,197.34,25.1,3.01,-0,0.01,0,3.85,-0.15,-0.92,0.31,-0.42,0.06,0.91
64.787,7,-0.701,-0.2,-0.67,-0.15,96.73,61.38,86.5,0,-0,0.02,0,0.15,-0.31,0.15,-0.89,0.49,0.03
64.792,2,-0.502,0.11,-0.82,0.25,237.13,49.9,-124.94,0,0.02,0.01,3.87,0,0.61,1.53,-0.76,-0.54,-0.37
64.794,1,0.173,-0,-0,0.98,174.07,0.16,-0.48,0,0,-0,3.85,0,0,-0.15,-0.01,-0.01,1
64.814,5,-0.277,0.02,-0.96,-0.07,194.7,32.33,172.03,0,0,-0,3.79,0.76,-0.31,-1.07,-0.54,0.1,-0.83
64.815,3,-0.47,0.05,-0.86,-0.17,185.44,55.95,152.7,0.02,0.01,0.01,3.73,0,-0.46,1.22,-0.85,0.24,-0.49
64.882,4,-0.297,0.14,-0.94,-0.05,211.33,34.98,179.71,0,-0,0,3.72,0.76,-0.46,0.46,-0.57,0.01,-0.82
64.884,6,0.745,-0.03,0.66,-0.08,319.38,78.93,-50.49,-0.01,-0,0,3.74,0,0.15,0,-0.99,-0.15,0.12
64.889,0,0.022,0.22,-0.02,-0.98,197.23,25.1,2.95,-0,-0.01,0.01,3.85,0,0.76,-1.37,-0.42,0.04,0.92
64.89,7,-0.701,-0.2,-0.67,-0.15,96.72,61.36,86.52,0.01,0,0.02,0,0,0.31,-0.15,-0.9,0.49,0.03
64.894,2,-0.501,0.11,-0.82,0.25,236.74,50.03,-125.17,-0,0.01,-0,3.87,1.98,2.9,1.83,-0.77,-0.53,-0.36
64.896,1,0.174,-0,-0,0.98,173.98,0.26,-0.55,-0,-0,0,3.84,0.15,-0.31,0.31,-0,-0.02,1
64.92,5,-0.276,0.02,-0.96,-0.07,194.61,32.22,172.09,0.01,-0,0.01,3.79,-0.61,1.22,3.2,-0.54,0.11,-0.84
64.921,3,-0.471,0.05,-0.86,-0.17,185.67,56.08,152.88,0,-0,0.01,3.73,-0.61,-0.15,0,-0.84,0.26,-0.5
64.97,4,-0.297,0.14,-0.94,-0.05,211.04,34.97,179.51,0.01,0.01,0.01,3.72,0.15,0.31,1.07,-0.58,-0.02,-0.83
64.971,6,0.745,-0.03,0.66,-0.08,319.41,78.88,-50.51,0,0,0.01,3.74,0,0,-0.46,-0.99,-0.15,0.12
64.975,0,0.021,0.22,-0.02,-0.98,197.19,25.22,2.87,0,-0.01,0.01,3.85,-0.61,0.15,0.31,-0.43,0.04,0.91
64.976,7,-0.701,-0.2,-0.67,-0.15,96.91,61.42,86.63,-0,-0,0.02,0,-0.15,0.15,-0.31,-0.89,0.48,0.02
64.981,2,-0.501,0.11,-0.82,0.25,236.67,49.95,-125.19,0,-0.01,0.01,3.87,-0.76,0.61,-0.15,-0.77,-0.51,-0.37
64.983,1,0.174,-0,-0,0.98,173.97,0.23,-0.53,-0,0,0,3.84,0.15,0,0,-0,-0,1
65.035,5,-0.277,0.02,-0.96,-0.07,194.63,32.32,172.17,-0,0.01,-0.01,3.79,1.37,0,-2.29,-0.52,0.11,-0.83
65.037,3,-0.47,0.05,-0.86,-0.17,185.92,56.04,153.05,-0,0,0.01,3.73,-1.22,0.31,-1.37,-0.83,0.25,-0.5
65.067,4,-0.297,0.14,-0.94,-0.05,211.02,35.02,179.63,0,-0.02,-0,3.72,-0.61,0.46,-0.31,-0.58,0.02,-0.82
65.069,6,0.745,-0.03,0.66,-0.08,319.36,78.91,-50.49,-0,0,0,3.74,0.15,0,0,-0.99,-0.15,0.12
65.073,0,0.022,0.22,-0.02,-0.98,197.32,25.2,2.91,0.01,-0,0,3.85,0.31,0,-0.46,-0.43,0.04,0.9
65.074,7,-0.701,-0.2,-0.67,-0.15,96.87,61.39,86.66,0,0,0.02,0,0.31,0,-0.31,-0.89,0.49,0.03
65.078,2,-0.5,0.11,-0.82,0.25,236.48,49.93,-125.35,-0.01,0,-0.01,3.87,-0.46,-0.15,0,-0.75,-0.52,-0.38
65.08,1,0.175,-0,-0,0.98,173.94,0.17,-0.52,0,0,0,3.85,0,0,0,-0,-0.01,1
65.119,5,-0.277,0.02,-0.96,-0.07,194.68,32.25,172.15,0,0,-0,3.79,0,-0.61,-1.83,-0.54,0.12,-0.83
65.121,3,-0.47,0.05,-0.86,-0.17,185.93,56.01,153.03,0,0,0.02,3.73,-0.15,-0.31,0,-0.85,0.26,-0.5
65.175,4,-0.297,0.14,-0.94,-0.05,211.04,35.03,179.6,-0.01,-0,-0,3.72,0.46,1.07,-2.75,-0.56,0.01,-0.82
65.177,6,0.745,-0.03,0.66,-0.08,319.51,78.94,-50.29,0,0,0,3.74,0,0,-0.31,-0.99,-0.15,0.13
65.181,0,0.023,0.22,-0.02,-0.98,197.38,25.15,2.93,0,0,0.01,3.85,0.31,-0.46,0.31,-0.43,0.05,0.92
65.183,7,-0.701,-0.2,-0.67,-0.15,96.87,61.38,86.68,0,0,0.02,0,0,0,0,-0.89,0.49,0.03
65.186,2,-0.5,0.11,-0.82,0.25,236.6,49.8,-125.33,0,-0.01,0.01,3.87,-0.76,-0.46,-0.15,-0.77,-0.52,-0.38
65.188,1,0.175,-0,-0,0.98,173.91,0.14,-0.51,0,0,0,3.84,0,0,0,-0,-0.01,1
65.237,5,-0.278,0.03,-0.96,-0.07,194.93,32.43,172.33,0.01,-0,0,3.79,-0.92,-0.92,-0.15,-0.55,0.12,-0.83
65.239,3,-0.47,0.05,-0.86,-0.17,186.05,56.01,153.15,0,-0.01,0.01,3.73,-0.15,0.46,-2.44,-0.84,0.26,-0.5
65.291,4,-0.296,0.14,-0.94,-0.05,211.29,34.92,179.8,0,-0.01,-0,3.72,0,0,-0.15,-0.58,0.01,-0.81
65.293,6,0.745,-0.03,0.66,-0.08,319.27,78.88,-50.6,-0,-0,0.01,3.74,0,0.15,-0.31,-0.99,-0.15,0.12
65.298,0,0.023,0.22,-0.02,-0.98,197.43,25.1,2.98,-0,0,0.01,3.85,0.76,-0.31,0,-0.42,0.05,0.91
65.3,7,-0.701,-0.2,-0.67,-0.15,96.87,61.41,86.6,-0,0,0.02,0,0.31,0,0,-0.9,0.48,0.03
65.304,2,-0.5,0.11,-0.82,0.25,236.78,49.79,-125.26,-0.01,0.01,0.01,3.87,-0.61,0.15,0,-0.76,-0.53,-0.38
65.305,1,0.176,-0,-0,0.98,173.81,0.1,-0.5,-0,-0,0.01,3.85,0,0.15,-0.31,-0,-0.01,1.01
65.333,5,-0.279,0.03,-0.96,-0.07,194.98,32.53,172.35,0.01,-0,0,3.79,0,-0.15,-0.76,-0.55,0.12,-0.83
65.335,3,-0.471,0.05,-0.86,-0.17,186.21,56.13,153.24,0.02,-0.01,0.02,3.73,-0.46,-0.46,-3.2,-0.85,0.26,-0.49
65.39,4,-0.296,0.14,-0.94,-0.05,211.26,34.91,179.76,-0,0,0,3.72,0,-0.15,0.15,-0.57,0.01,-0.82
65.392,6,0.745,-0.03,0.66,-0.08,319.19,78.87,-50.66,-0.01,0,0,3.74,-0.15,-0.15,0,-0.99,-0.16,0.12
65.396,0,0.023,0.22,-0.02,-0.98,197.37,25.07,3.02,0,0.01,0.01,3.85,0.15,-0.61,0,-0.43,0.05,0.91
65.398,7,-0.701,-0.2,-0.67,-0.15,96.89,61.43,86.58,0,-0,0.02,0,-0.15,0.15,0.15,-0.89,0.49,0.03
65.403,2,-0.499,0.11,-0.82,0.25,236.71,49.69,-125.31,-0,-0,-0.01,3.87,-1.22,-0.46,-0.76,-0.76,-0.52,-0.37
65.404,1,0.176,-0,-0,0.98,173.8,0.1,-0.51,0,0,0,3.84,0,0.31,0.15,-0,-0.01,1
65.424,5,-0.279,0.03,-0.96,-0.07,195.04,32.52,172.34,0.01,0,0.01,3.79,0,-0.61,-0.61,-0.55,0.11,-0.83
65.426,3,-0.471,0.05,-0.86,-0.17,186.68,56.29,153.56,0,-0,0.01,3.73,-1.07,0.15,-5.49,-0.84,0.25,-0.5
65.487,4,-0.297,0.14,-0.94,-0.05,211.28,35.03,179.88,0,-0.01,0,3.72,1.07,0,-0.61,-0.59,0.01,-0.82
65.489,6,0.745,-0.03,0.66,-0.08,319.45,78.87,-50.39,0,-0,0.01,3.74,-0.61,-0.15,0,-0.99,-0.15,0.12
65.492,0,0.022,0.22,-0.02,-0.98,197.34,25.02,3.05,-0,0,0,3.85,0,0,-0.61,-0.42,0.05,0.91
65.494,7,-0.701,-0.2,-0.67,-0.15,96.84,61.44,86.43,0,-0,0.02,0,0,0.15,0.15,-0.89,0.49,0.03
65.499,2,-0.499,0.11,-0.82,0.25,236.69,49.68,-125.36,-0.01,-0.01,-0.02,3.87,1.22,-1.37,-0.46,-0.75,-0.52,-0.38
65.5,1,0.175,-0,-0,0.98,173.89,0.23,-0.5,0,0,0,3.85,-0.15,0,0.15,-0.01,-0.01,1
65.521,5,-0.279,0.03,-0.96,-0.07,194.99,32.59,172.29,0,0,-0,3.79,-0.31,-0.46,0.15,-0.53,0.11,-0.83
65.523,3,-0.472,0.05,-0.86,-0.17,186.96,56.43,153.75,-0.01,0,-0,3.73,0,-0.61,0.31,-0.83,0.24,-0.5
65.589,4,-0.297,0.14,-0.94,-0.05,211.46,34.96,179.96,-0.01,0,0,3.72,0,1.68,-3.66,-0.57,-0.01,-0.83
65.591,6,0.745,-0.03,0.66,-0.08,319.64,78.84,-50.31,-0,-0.01,0.01,3.74,0.31,0,0,-0.99,-0.14,0.12
65.594,0,0.022,0.22,-0.02,-0.98,197.33,25.04,3.07,-0.01,-0.01,0,3.85,0.76,0,0.61,-0.42,0.04,0.91
65.596,7,-0.701,-0.2,-0.67,-0.15,96.95,61.41,86.54,0,-0,0.02,0,0.15,0,0,-0.89,0.49,0.03
65.6,2,-0.499,0.12,-0.82,0.25,237.23,49.43,-125.08,0.01,0.01,0.02,3.87,-2.59,-1.22,-3.05,-0.77,-0.55,-0.38
65.602,1,0.175,-0,-0,0.98,173.91,0.26,-0.5,0,-0,0,3.85,0,0.15,-0.15,-0.01,-0.01,1
65.623,5,-0.28,0.03,-0.96,-0.07,195.04,32.65,172.29,0.01,0,0,3.79,-0.15,-0.92,-0.76,-0.55,0.11,-0.83
65.625,3,-0.471,0.05,-0.86,-0.17,186.93,56.34,153.72,0.01,-0.01,0.02,3.73,-0.46,0,-1.53,-0.86,0.26,-0.5
65.682,4,-0.295,0.15,-0.94,-0.04,211.76,34.7,-179.74,0.01,-0.01,0,3.72,0.46,1.22,-2.59,-0.58,0.01,-0.81
65.683,6,0.745,-0.03,0.66,-0.08,319.51,78.84,-50.42,-0.01,0,0.01,3.74,0.15,0,-0.15,-0.99,-0.15,0.12
65.687,0,0.022,0.22,-0.02,-0.98,197.37,25.04,3.15,0,0,0.01,3.85,0.92,0,1.37,-0.43,0.05,0.91
65.688,7,-0.701,-0.2,-0.67,-0.15,96.95,61.4,86.55,0,-0.01,0.02,0,0.31,0,-0.61,-0.89,0.49,0.03
65.692,2,-0.5,0.12,-0.82,0.25,237.45,49.41,-124.99,0.02,-0,-0,3.87,-2.29,-1.07,-2.29,-0.77,-0.52,-0.36
65.693,1,0.176,-0,-0,0.98,173.76,0.36,-0.57,-0,-0,-0,3.85,0.15,0.31,0,-0,-0.01,1
65.721,5,-0.281,0.03,-0.96,-0.07,195.29,32.78,172.45,0,0,0,3.79,-0.15,-0.76,-1.98,-0.54,0.11,-0.83
65.723,3,-0.472,0.06,-0.86,-0.17,187.56,56.48,154.12,0,-0.01,0.01,3.73,-2.29,0.61,-8.39,-0.84,0.25,-0.5
65.789,4,-0.296,0.15,-0.94,-0.04,212.57,34.76,-179.32,0.03,0,0.01,3.72,0.46,0.61,-18.31,-0.6,-0.02,-0.81
65.791,6,0.745,-0.03,0.66,-0.08,318.94,78.82,-51.07,-0,0,0,3.74,0,0,0.15,-0.98,-0.15,0.12
65.795,0,0.022,0.22,-0.02,-0.98,197.39,25.03,3.28,0.01,0,0.01,3.85,0.92,-0.92,-0.92,-0.43,0.06,0.91
65.796,7,-0.701,-0.2,-0.67,-0.15,96.96,61.46,86.58,0,0,0.01,0,0,0,0,-0.89,0.48,0.03
65.801,2,-0.5,0.12,-0.82,0.25,237.69,49.33,-124.95,-0.02,0,-0,3.87,0.92,0,3.05,-0.74,-0.53,-0.38
65.803,1,0.175,-0,-0,0.98,173.92,0.4,-0.46,-0.01,-0,0,3.85,0,0.46,0.15,-0,-0.01,1
65.824,5,-0.281,0.03,-0.96,-0.07,195.34,32.84,172.49,0,0,0.01,3.79,-0.46,0.31,1.37,-0.55,0.11,-0.84
65.825,3,-0.472,0.06,-0.86,-0.17,188.26,56.6,154.61,0,0.01,0.01,3.73,0,-0.15,-1.83,-0.84,0.23,-0.5
65.892,4,-0.296,0.16,-0.94,-0.04,213.25,34.73,-178.95,-0.01,0,-0,3.72,-1.07,-0.76,0.61,-0.56,-0.02,-0.83
65.893,6,0.744,-0.03,0.66,-0.08,318.78,78.91,-51.21,0,-0,0.01,3.74,-0.15,-0.15,0.46,-0.99,-0.15,0.13
65.899,0,0.021,0.22,-0.02,-0.98,197.21,25.04,3.27,-0,-0.01,0.01,3.85,0.15,-0.31,-1.68,-0.42,0.04,0.91
65.901,7,-0.701,-0.2,-0.67,-0.15,96.76,61.38,86.41,0,-0,0.02,0,-0.46,0.31,0.15,-0.89,0.49,0.03
65.905,2,-0.5,0.12,-0.82,0.25,237.53,49.46,-125,-0.01,-0,-0.01,3.87,0.15,0,1.22,-0.75,-0.52,-0.38
65.906,1,0.175,-0,-0,0.98,173.92,0.48,-0.46,0,0,-0,3.85,0,0.31,0,-0.01,-0.01,1
65.925,5,-0.282,0.03,-0.96,-0.07,195.17,32.86,172.34,0.01,0,-0,3.79,0,-0.76,-1.07,-0.55,0.11,-0.83
65.927,3,-0.472,0.06,-0.86,-0.17,188.36,56.72,154.71,0,0,0.01,3.73,-0.15,-0.46,-0.15,-0.84,0.23,-0.5
65.99,4,-0.296,0.16,-0.94,-0.04,213.27,34.77,-178.95,-0.01,0,0,3.72,-0.46,0.15,0.76,-0.56,-0.02,-0.83
65.992,6,0.745,-0.03,0.66,-0.08,319.09,78.91,-50.88,-0,0,0.01,3.74,0.15,0.15,0,-0.99,-0.15,0.12
65.996,0,0.02,0.22,-0.02,-0.98,197.18,24.97,3.25,-0.01,-0.01,0,3.85,0.61,0.15,0,-0.41,0.04,0.91
65.997,7,-0.701,-0.2,-0.67,-0.15,96.74,61.29,86.47,0,0,0.02,0,0.31,0,0.15,-0.89,0.49,0.03
66.002,5,-0.283,0.03,-0.96,-0.07,195.26,32.99,172.54,0.01,-0.01,-0,3.79,0.61,-0.31,-2.59,-0.55,0.11,-0.82
66.003,1,0.175,-0.01,-0,0.98,173.88,0.57,-0.5,0,0,0,3.85,-0.15,0.15,-0.15,-0.01,-0.01,1
66.024,2,-0.5,0.12,-0.82,0.25,237.36,49.6,-125.1,0,-0,-0,3.87,-0.76,-0.61,-0.92,-0.76,-0.53,-0.37
66.026,3,-0.473,0.06,-0.86,-0.17,188.24,56.71,154.67,0,0.01,0.01,3.73,-0.15,-1.07,0.15,-0.84,0.22,-0.5
66.083,4,-0.295,0.16,-0.94,-0.04,213.14,34.63,-179.11,0.01,-0,0.01,3.72,-0.76,1.68,-0.46,-0.57,-0.02,-0.83
66.085,6,0.745,-0.03,0.66,-0.08,319.2,78.93,-50.69,-0,0,0,3.74,0,-0.15,0,-0.99,-0.15,0.12
66.089,0,0.021,0.22,-0.02,-0.98,197.27,25.05,3.36,-0,0.01,0.01,3.85,0.61,0,1.83,-0.43,0.06,0.91
66.09,7,-0.701,-0.2,-0.67,-0.15,96.71,61.28,86.46,-0,0,0.01,0,0,0.15,0.15,-0.89,0.48,0.03
66.094,2,-0.501,0.12,-0.82,0.25,237.72,49.52,-124.8,0.01,0.02,0.01,3.87,-0.15,0,0.61,-0.77,-0.55,-0.36
66.095,1,0.175,-0.01,-0,0.98,173.9,0.67,-0.54,-0,-0,0,3.85,-0.15,0.15,0.15,-0.01,-0.01,1
66.126,5,-0.283,0.03,-0.96,-0.07,195.45,33.01,172.64,0.02,0.01,0,3.79,0.61,0,-0.92,-0.55,0.1,-0.83
66.128,3,-0.473,0.06,-0.86,-0.17,188.36,56.73,154.72,-0,0.02,-0,3.73,-0.46,-0.92,0,-0.83,0.22,-0.5
66.182,4,-0.294,0.16,-0.94,-0.04,213.31,34.57,-179.05,0.02,-0.01,0.01,3.72,0.31,0.76,-0.61,-0.58,-0,-0.82
66.183,6,0.744,-0.03,0.66,-0.08,318.95,78.94,-50.97,0,0,0,3.74,-0.31,-0.15,0.15,-0.99,-0.15,0.13
66.187,0,0.021,0.22,-0.02,-0.98,197.32,25.08,3.46,0.01,0.01,0.01,3.85,0,0,-0.15,-0.43,0.06,0.91
66.189,7,-0.701,-0.2,-0.67,-0.15,96.73,61.32,86.36,0,-0,0.02,0,-0.15,0.15,0.15,-0.89,0.49,0.03
66.193,2,-0.501,0.12,-0.82,0.25,237.72,49.55,-124.76,0,0.01,0.01,3.87,0.61,-0.61,0.76,-0.77,-0.54,-0.37
66.194,1,0.174,-0.01,-0,0.98,174.01,0.66,-0.51,0,0,0,3.85,0,0.15,0,-0.01,-0.01,1
66.243,5,-0.283,0.03,-0.96,-0.06,195.57,33.09,172.8,0.01,0,0,3.79,-0.15,-0.15,0.92,-0.56,0.11,-0.83
66.245,3,-0.473,0.06,-0.86,-0.17,188.36,56.79,154.68,0.01,-0,0.01,3.73,0.61,0,-1.22,-0.85,0.23,-0.5
66.297,4,-0.295,0.16,-0.94,-0.04,213.41,34.61,-179,-0.01,-0,-0,3.72,0.15,-0.15,0.46,-0.57,-0.01,-0.82
66.3,6,0.745,-0.03,0.66,-0.08,319.16,78.89,-50.82,0,-0,0.01,3.74,0,0,0,-0.99,-0.15,0.12
66.304,0,0.021,0.22,-0.02,-0.98,197.3,24.97,3.49,-0,-0,0.01,3.85,0,-0.31,-0.46,-0.42,0.05,0.91
66.305,7,-0.702,-0.2,-0.67,-0.15,96.67,61.28,86.29,0,-0,0.02,0,0.15,0,0,-0.89,0.49,0.03
66.31,2,-0.502,0.12,-0.82,0.25,237.74,49.63,-124.71,0.01,0,0.03,3.87,1.83,-0.92,5.8,-0.79,-0.55,-0.36
66.311,1,0.173,-0.01,-0,0.98,174.14,0.72,-0.47,-0,-0,0,3.85,0,0,0,-0.01,-0.01,1
66.332,5,-0.283,0.03,-0.96,-0.06,195.52,33.1,172.78,-0,0.01,0,3.79,0.46,-0.31,-0.31,-0.55,0.11,-0.83
66.334,3,-0.473,0.06,-0.86,-0.17,188.76,56.82,154.99,-0.01,-0,-0,3.73,0,0,-0.46,-0.83,0.23,-0.5
66.392,4,-0.296,0.16,-0.94,-0.04,213.11,34.75,-179.13,0.01,-0,0.02,3.72,-1.37,-3.05,9.77,-0.6,-0.01,-0.83
66.394,6,0.744,-0.03,0.66,-0.08,318.42,78.98,-51.55,0,0,0,3.74,0,0,0,-0.98,-0.15,0.12
66.398,0,0.021,0.22,-0.02,-0.98,197.26,24.94,3.45,-0,-0,0.01,3.85,-0.61,-0.61,0,-0.42,0.05,0.92
66.4,7,-0.701,-0.2,-0.67,-0.15,96.77,61.27,86.44,-0,-0,0.02,0,0,0,0,-0.89,0.49,0.03
66.404,5,-0.284,0.03,-0.96,-0.06,195.55,33.13,172.85,-0,-0.01,-0,3.79,0,0,-0.15,-0.54,0.11,-0.83
66.405,1,0.172,-0.01,-0,0.99,174.21,0.76,-0.46,-0,-0,-0,3.84,0,0,0,-0.01,-0.01,1
66.43,2,-0.503,0.11,-0.82,0.25,236.79,50.33,-125.14,-0.01,0,-0,3.87,0.61,-0.92,-0.46,-0.76,-0.55,-0.37
66.432,3,-0.473,0.06,-0.86,-0.17,188.79,56.85,154.99,0,0,0.01,3.73,0,0,0.92,-0.85,0.23,-0.5
66.496,4,-0.297,0.15,-0.94,-0.05,212.47,35.01,-179.66,0,0.02,0,3.72,0.46,-0.46,1.98,-0.58,-0.02,-0.82
66.498,6,0.744,-0.03,0.66,-0.08,318.82,78.94,-51.12,-0,-0,0,3.74,0,0,-0.15,-0.98,-0.14,0.12
66.503,0,0.022,0.22,-0.02,-0.98,197.38,24.98,3.46,0,-0,0.01,3.85,-0.15,0,0.15,-0.43,0.05,0.91
66.505,7,-0.701,-0.2,-0.67,-0.15,96.87,61.28,86.51,0,-0,0.02,0,-0.15,0,0,-0.89,0.49,0.03
66.509,2,-0.504,0.11,-0.82,0.25,236.68,50.42,-125.23,0,-0,-0,3.87,-0.61,0.15,-1.98,-0.77,-0.52,-0.37
66.51,1,0.174,-0.01,-0,0.98,174.06,0.78,-0.52,-0.01,-0,0,3.84,0.15,0,0,-0.01,-0.01,1
66.531,5,-0.284,0.03,-0.96,-0.06,195.54,33.19,172.78,0,0.01,0,3.79,-0.31,-0.76,0,-0.55,0.09,-0.83
66.532,3,-0.473,0.06,-0.86,-0.17,188.85,56.89,155,0,-0,0.01,3.73,0.15,0.46,1.37,-0.85,0.24,-0.5
66.596,4,-0.297,0.15,-0.94,-0.04,212.35,34.98,-179.65,-0.02,-0,0,3.72,-0.15,1.07,-1.22,-0.56,-0.01,-0.83
66.599,6,0.744,-0.03,0.66,-0.08,319.14,78.96,-50.77,0,0,0.01,3.74,0.31,0.15,0,-0.99,-0.15,0.13
66.604,0,0.022,0.22,-0.02,-0.98,197.45,25.06,3.48,-0,0,0.01,3.85,0.15,0.46,0.92,-0.42,0.06,0.91
66.606,7,-0.701,-0.2,-0.67,-0.15,96.85,61.28,86.49,-0,0,0.02,0,0,0,0,-0.89,0.49,0.03
66.609,5,-0.284,0.03,-0.96,-0.06,195.5,33.15,172.82,-0.02,0.01,-0,3.79,-0.15,0.31,0.15,-0.52,0.09,-0.84
66.611,1,0.174,-0.01,-0,0.98,174.04,0.87,-0.54,-0.01,0,0,3.84,0.15,0,-0.15,-0.01,-0.01,1
66.633,2,-0.503,0.11,-0.82,0.25,236.97,50.23,-125.08,0,0.01,0.01,3.87,-1.53,-0.31,-2.29,-0.77,-0.52,-0.37
66.634,3,-0.473,0.06,-0.86,-0.17,188.56,56.85,154.79,0.01,0,0.01,3.73,-0.31,-1.22,1.83,-0.85,0.23,-0.49
66.7,4,-0.296,0.15,-0.94,-0.04,212.5,34.84,-179.55,-0.01,-0.01,0,3.72,0.15,0.92,-1.37,-0.56,0,-0.83
66.702,6,0.744,-0.03,0.66,-0.08,318.95,78.96,-50.9,-0,0.01,0,3.74,0.15,0.15,0,-0.99,-0.16,0.12
66.706,0,0.022,0.22,-0.02,-0.98,197.39,25.16,3.48,-0,-0,0,3.85,0,0.46,-0.15,-0.43,0.05,0.91
66.707,7,-0.701,-0.2,-0.67,-0.15,96.83,61.28,86.56,-0,0.01,0.02,0,0,0,0,-0.9,0.48,0.03
66.711,2,-0.502,0.11,-0.82,0.25,237.03,50.08,-125.11,0.01,-0,0,3.87,-0.46,0.15,-1.68,-0.78,-0.53,-0.36
66.712,1,0.173,-0.01,-0,0.98,174.13,0.77,-0.47,-0.01,-0,0,3.84,0,-0.46,0,-0.01,-0.01,1
66.733,5,-0.284,0.03,-0.96,-0.06,195.47,33.1,172.8,-0.01,0.01,-0.01,3.79,0.15,0.46,0,-0.53,0.1,-0.83
66.735,3,-0.475,0.06,-0.86,-0.17,187.98,56.97,154.28,-0.02,0.02,-0,3.73,-1.37,-4.12,1.07,-0.82,0.23,-0.51
66.801,4,-0.295,0.15,-0.94,-0.04,212.53,34.76,-179.58,-0,0,0.01,3.72,0,-0.31,0,-0.57,-0.01,-0.83
66.802,6,0.744,-0.03,0.66,-0.08,318.74,78.96,-51.11,-0,0.01,0.01,3.74,-0.15,-0.15,0.15,-0.98,-0.15,0.12
66.806,0,0.022,0.22,-0.02,-0.98,197.42,25.23,3.51,0,0,0.01,3.85,0.15,0.15,-0.15,-0.43,0.06,0.91
66.807,7,-0.701,-0.2,-0.67,-0.15,96.73,61.25,86.5,-0,0,0.02,0,-0.31,0,0.15,-0.9,0.49,0.03
66.811,2,-0.502,0.11,-0.82,0.25,237.13,49.98,-125.09,-0,0,-0.01,3.87,0.46,0,-0.61,-0.76,-0.52,-0.37
66.812,1,0.173,-0.01,-0,0.98,174.15,0.69,-0.46,-0,0,0,3.84,0,-0.61,-0.15,-0.01,-0,1
66.834,5,-0.283,0.03,-0.96,-0.06,195.43,33.06,172.77,-0,0,-0.01,3.79,-0.31,0.61,1.22,-0.54,0.1,-0.83
66.836,3,-0.478,0.06,-0.86,-0.17,187.29,57.32,153.37,-0.06,-0.03,0.02,3.73,-2.75,1.22,-4.58,-0.8,0.28,-0.51
66.893,4,-0.296,0.15,-0.94,-0.04,212.45,34.85,-179.62,0.01,0.01,0.01,3.72,-0.31,-0.46,1.37,-0.58,-0.01,-0.82
66.894,6,0.745,-0.03,0.66,-0.08,319.24,78.9,-50.63,-0.01,0,0,3.74,-0.15,0,0.15,-0.98,-0.15,0.11
66.9,0,0.02,0.22,-0.02,-0.98,197.21,25.14,3.38,0,-0.01,0.01,3.85,0,0.46,0,-0.44,0.05,0.91
66.902,7,-0.702,-0.2,-0.67,-0.15,96.53,61.24,86.27,-0.01,-0.01,0.01,0,0.92,-1.07,-0.61,-0.88,0.49,0.02
66.907,2,-0.502,0.11,-0.82,0.25,237.23,49.95,-125.01,0.01,0.01,0.01,3.87,0.46,-0.46,-0.61,-0.78,-0.55,-0.36
66.909,1,0.172,-0.01,-0,0.99,174.21,0.88,-0.41,-0.01,-0.01,0.06,3.84,1.37,5.04,0.15,0.01,-0.01,1.01
66.934,5,-0.282,0.03,-0.96,-0.06,195.41,32.93,172.85,0.02,-0.01,0.01,3.79,0.31,0.92,1.37,-0.56,0.1,-0.83
66.936,3,-0.478,0.07,-0.86,-0.18,188.31,57.47,153.62,-0.04,0,-0,3.73,-3.2,0.46,-1.83,-0.81,0.23,-0.5
67.005,4,-0.296,0.15,-0.94,-0.05,212.31,34.83,-179.8,0,0.01,-0,3.72,-0.92,-0.76,2.9,-0.57,-0.01,-0.81
67.007,6,0.745,-0.03,0.66,-0.08,319.65,78.89,-50.24,-0.03,0.01,-0,3.74,-1.37,-0.61,1.53,-0.98,-0.15,0.09
67.011,0,0.021,0.22,-0.02,-0.98,197.25,25.15,3.42,0,-0,0.01,3.85,0,-0.76,0.61,-0.43,0.05,0.91
67.012,7,-0.703,-0.2,-0.67,-0.15,96.26,61.3,86.08,-0.03,-0.02,-0.02,0,0.61,-5.19,-1.98,-0.85,0.49,-0
67.017,2,-0.503,0.11,-0.82,0.25,237.26,50.02,-124.87,-0.01,-0.03,-0.05,3.87,1.68,-2.14,-5.95,-0.74,-0.45,-0.36
67.019,1,0.171,-0.01,-0,0.99,174.3,1.35,-0.26,-0.03,-0.02,0.02,3.84,1.22,7.32,0.31,0,-0.01,1.02
67.039,5,-0.281,0.03,-0.96,-0.06,195.04,32.78,172.68,0.03,0.02,-0.01,3.79,0,4.58,4.27,-0.57,0.09,-0.81
67.041,3,-0.478,0.07,-0.86,-0.18,187.96,57.5,152.63,0.05,-0,0.03,3.73,-13.89,2.14,5.65,-0.9,0.24,-0.46
67.097,4,-0.295,0.14,-0.94,-0.05,211.24,34.7,179.83,0.02,0.05,-0.01,3.72,-2.44,7.63,30.67,-0.57,0.02,-0.83
67.098,6,0.746,-0.03,0.66,-0.08,320.74,78.93,-49.35,0,0.02,-0,3.74,-4.73,-2.29,2.44,-0.98,-0.16,0.12
67.103,0,0.021,0.22,-0.02,-0.98,197.35,25.09,3.53,-0.03,0.02,0.01,3.85,0.92,2.59,-1.37,-0.4,0.07,0.93
67.105,7,-0.708,-0.2,-0.66,-0.14,94.14,62.62,85.03,-0.08,-0.18,-0.21,0,26.7,-68.05,-58.75,-0.72,0.38,0.04
67.109,2,-0.504,0.11,-0.82,0.26,237.77,49.82,-123.95,-0.02,0.05,0.02,3.87,5.19,1.07,4.27,-0.74,-0.58,-0.39
67.11,1,0.171,-0.02,0,0.99,174.3,2.2,-0.07,-0.03,-0.05,0.08,3.84,4.88,12.97,4.27,-0.01,0,1.06
67.136,5,-0.276,0.03,-0.96,-0.06,195.15,32.2,173.31,-0.04,0.01,-0.02,3.79,7.17,6.41,0.61,-0.48,0.09,-0.84
67.138,3,-0.48,0.07,-0.85,-0.19,186.46,57.72,150.42,-0.06,0.05,-0.03,3.73,-10.53,-18.01,8.39,-0.78,0.22,-0.52
67.202,4,-0.285,0.13,-0.95,-0.05,209.54,33.66,178.21,-0.02,0.06,0.02,3.72,-10.38,7.32,-3.2,-0.51,0.03,-0.85
67.203,6,0.749,-0.03,0.66,-0.07,323.19,78.65,-47.71,-0.03,0.02,-0.01,3.74,-10.83,-7.48,3.05,-0.98,-0.16,0.11
67.207,0,0.02,0.22,-0.02,-0.97,197.19,25.48,3.52,-0.05,-0,0.01,3.85,1.07,8.09,0.15,-0.4,0.06,0.92
67.208,7,-0.724,-0.2,-0.65,-0.13,88.22,62.91,79.88,0.07,0.03,0.06,0,-5.04,-28.23,3.51,-0.99,0.44,0.18
67.212,2,-0.504,0.11,-0.82,0.26,237.84,49.76,-123.78,-0.03,-0.01,-0.01,3.87,-0.76,-4.12,-4.58,-0.75,-0.49,-0.38
67.213,1,0.167,-0.04,0.01,0.99,174.82,4.86,0.18,-0.05,-0.01,0.21,3.84,0.46,39.37,0.61,-0.04,0.03,1.23
67.237,5,-0.271,0.02,-0.96,-0.05,195.16,31.56,173.85,0.04,0.05,-0.01,3.79,4.88,9.31,6.41,-0.55,0.05,-0.83
67.239,3,-0.498,0.05,-0.84,-0.22,179.2,58.98,141.64,-0.15,0.12,0.33,3.73,-63.32,-75.07,79.96,-1.08,0.39,-0.66
67.305,4,-0.276,0.14,-0.95,-0.06,209.84,32.67,177.64,0.05,-0.05,0,3.72,-9.77,11.29,-3.97,-0.6,0.06,-0.8
67.307,6,0.76,-0.06,0.64,-0.09,321.83,74.61,-50.16,-0.13,-0.46,-0.24,3.74,-13.89,-40.44,-110.63,-1.28,-0.05,-0.05
67.311,0,0.023,0.23,-0.03,-0.97,197.62,26,3.81,-0.02,0.01,-0,3.85,2.59,1.98,3.51,-0.42,0.07,0.9
67.312,7,-0.737,-0.22,-0.62,-0.15,83.93,58.49,75.66,-0.23,0.24,-0.02,0,-19.53,-41.35,71.72,-1.15,0.55,-0.09
67.316,2,-0.508,0.12,-0.81,0.26,239.65,49.51,-122.01,-0.12,-0.07,-0.07,3.87,21.21,-18.01,-16.48,-0.69,-0.47,-0.45
67.318,1,0.161,-0.09,0.02,0.98,175.57,10.6,1.02,-0.23,0.03,0.18,3.84,32.35,23.65,-0.15,-0.02,0.13,1.2
67.34,5,-0.263,0.02,-0.96,-0.05,194.72,30.55,174.69,-0.08,-0.03,-0,3.79,7.93,3.2,-3.66,-0.43,0.11,-0.88
67.342,3,-0.543,0.03,-0.78,-0.3,159.28,60.13,117.89,0.07,-0.12,0.01,3.73,-51.27,-93.84,52.95,-0.85,0.52,-0.07
67.406,4,-0.255,0.16,-0.95,-0.07,211.99,30.62,175.99,0,-0.07,-0.04,3.72,-40.89,49.29,-34.03,-0.49,0.13,-0.82
67.408,6,0.786,-0.08,0.6,-0.11,327.24,68.69,-44.68,0.04,-0.12,0.1,3.74,12.21,-58.44,-7.17,-1.04,-0.17,0.33
67.412,0,0.026,0.22,-0.03,-0.97,198.06,25.67,4.38,-0.06,-0.05,0.06,3.85,1.68,-9.92,10.07,-0.41,0.01,0.98
67.413,7,-0.766,-0.21,-0.59,-0.16,75.67,56.4,66.34,0.05,-0.04,0.16,0,-32.5,-52.03,-2.14,-0.89,0.62,0.34
67.417,5,-0.257,0.01,-0.97,-0.04,194.29,29.78,175.3,0.18,-0,-0.01,3.79,24.87,16.48,16.94,-0.66,0.06,-0.77
67.419,1,0.159,-0.13,0.04,0.98,175.87,14.96,2.13,0.07,0.04,0.05,3.84,4.58,16.63,-4.58,-0.34,0.05,0.99
67.44,2,-0.515,0.14,-0.8,0.29,244.23,47.62,-116.76,-0.06,0.13,0.06,3.87,13.73,-14.19,-14.5,-0.68,-0.73,-0.35
67.442,3,-0.581,-0.02,-0.72,-0.38,138.52,55.13,94.19,0.03,-0.13,0.12,3.73,-58.75,-99.33,75.84,-0.87,0.77,0.09
67.499,4,-0.217,0.18,-0.96,-0.09,213.41,26.56,173.5,0.03,-0.02,-0.01,3.72,-27.77,45.32,-1.98,-0.46,0.11,-0.86
67.501,6,0.817,-0.08,0.56,-0.12,334.86,63.46,-36.09,0.09,0.02,0.08,3.74,19.07,-66.07,-6.41,-0.94,-0.31,0.47
67.505,0,0.038,0.22,-0.03,-0.98,199.63,24.67,4.96,-0.22,0.04,0.28,3.85,1.53,-9.16,-5.95,-0.34,0.12,1.25
67.507,7,-0.803,-0.2,-0.54,-0.16,65.58,53.66,55.06,0.05,0,0.12,0,-30.06,-59.81,4.12,-0.84,0.56,0.42
67.511,5,-0.233,-0.03,-0.97,-0.01,190.27,26.9,178.08,-0.1,-0,-0.02,3.79,56.61,42.57,10.07,-0.35,0.04,-0.91
67.512,1,0.153,-0.15,0.04,0.98,176.53,17.88,2.26,-0.02,0.02,0.05,3.84,0.31,18.31,-8.39,-0.31,0.06,1
67.542,2,-0.531,0.15,-0.77,0.32,249.96,45.89,-109.4,0.03,0.05,0.28,3.87,60.88,-52.34,-49.44,-0.9,-0.88,-0.25
67.544,3,-0.636,-0.04,-0.64,-0.43,121.6,51.4,74.09,0.15,-0.03,0.02,3.73,-64.24,-93.84,12.21,-0.84,0.54,0.33
67.594,4,-0.167,0.18,-0.96,-0.11,213.34,21.25,170.28,0.05,-0.03,-0.01,3.72,-36.16,62.56,10.38,-0.41,0.17,-0.91
67.596,6,0.85,-0.07,0.51,-0.12,342.13,57.66,-27.71,0.07,0.07,0.06,3.74,25.79,-72.17,0.15,-0.84,-0.32,0.57
67.601,0,0.047,0.2,-0.03,-0.98,200.64,23.14,5.09,0.09,0.03,0.29,3.85,-7.48,-15.26,2.14,-0.56,0.16,1.14
67.603,7,-0.84,-0.18,-0.49,-0.15,55.58,50.1,44.79,0.05,-0.02,0.03,0,-30.67,-71.11,-10.68,-0.77,0.49,0.51
67.607,5,-0.182,-0.03,-0.98,0.03,191.17,21.09,-176.92,-0.02,0.01,0.01,3.79,24.57,49.44,7.48,-0.31,-0.02,-0.93
67.609,1,0.151,-0.17,0.05,0.97,176.82,20.12,2.56,-0.07,-0,0.02,3.84,5.8,11.75,-11.9,-0.28,0.06,0.98
67.66,2,-0.571,0.16,-0.71,0.38,259.88,43.8,-95.08,0.16,0.08,0.15,3.87,80.57,-69.89,-13.43,-0.77,-0.8,0.14
67.662,3,-0.674,-0.05,-0.56,-0.48,111.08,45.37,58.89,0.1,-0.01,0.1,3.73,-92.01,-80.26,20.45,-0.78,0.61,0.49
67.717,4,-0.117,0.19,-0.97,-0.13,214.66,16.01,167.78,-0.02,-0.02,0.03,3.72,-17.24,31.89,-6.26,-0.29,0.23,-0.98
67.719,6,0.882,-0.06,0.45,-0.13,347.59,51.12,-20.87,0.02,0,-0.03,3.74,25.18,-81.18,3.97,-0.77,-0.22,0.6
67.724,0,0.043,0.19,-0.03,-0.98,199.89,21.54,4.04,0.04,-0.02,0.1,3.85,-5.04,-19.68,-6.26,-0.44,0.05,1.02
67.725,7,-0.878,-0.17,-0.43,-0.13,45.9,45.15,35.62,0.05,0,0,0,-25.18,-79.65,-19.53,-0.68,0.4,0.61
67.729,5,-0.14,-0.03,-0.99,0.03,191.43,16.15,-176.62,-0.01,0.07,0.02,3.79,-0.31,37.38,13.43,-0.27,-0.13,-0.98
67.73,1,0.148,-0.18,0.05,0.97,177.2,21.31,2.84,-0.11,-0.08,-0.03,3.84,1.22,8.54,-8.7,-0.22,0.01,0.92
67.759,2,-0.617,0.16,-0.64,0.43,269.39,41.32,-80.49,0.08,-0.01,-0.02,3.87,70.95,-72.48,-57.98,-0.67,-0.73,0.19
67.76,3,-0.71,-0.03,-0.48,-0.52,103.19,40.26,44.76,0.12,0.01,0.08,3.73,-94.15,-60.88,-3.66,-0.7,0.47,0.68
67.819,4,-0.095,0.2,-0.97,-0.13,216.42,13.72,166.96,-0.07,0.01,0,3.72,-0.61,14.04,-33.87,-0.16,0.22,-0.96
67.822,6,0.914,-0.05,0.38,-0.12,353.06,43.65,-14.62,-0.01,0.02,-0.04,3.74,24.26,-91.4,25.79,-0.65,-0.18,0.69
67.826,0,0.038,0.18,-0.02,-0.98,199.08,20.13,3.64,0.04,-0.04,0.15,3.85,2.59,-11.44,-9.61,-0.43,0.04,1.06
67.828,7,-0.911,-0.16,-0.36,-0.11,37.71,39.14,28.03,-0.01,0.04,0.01,0,-29.6,-83.16,-15.11,-0.64,0.32,0.7
67.832,2,-0.653,0.16,-0.56,0.48,277.42,35.08,-66.97,0.1,0.07,0.15,3.87,93.54,-74.92,-2.44,-0.61,-0.85,0.48
67.834,1,0.136,-0.18,0.05,0.97,178.61,21.86,2.61,-0.08,-0.09,-0.14,3.84,-8.09,-2.44,-4.12,-0.24,-0.03,0.9
67.852,5,-0.122,-0.03,-0.99,0.02,190.36,14.09,-178.17,0.19,0.04,0.07,3.79,-15.11,0,-11.44,-0.45,-0.1,-0.98
67.854,3,-0.73,-0,-0.4,-0.56,99.38,35.27,32.9,0.03,0.09,-0,3.73,-82.09,-35.25,26.25,-0.63,0.39,0.67
67.903,4,-0.095,0.22,-0.96,-0.12,218.71,13.76,168.45,0.11,-0.01,0.08,3.72,18.92,-10.53,-16.78,-0.35,0.16,-1.01
67.905,6,0.949,-0.03,0.3,-0.1,359.61,34,-8.09,0.05,-0.03,-0.01,3.74,19.99,-96.74,27.47,-0.51,-0.06,0.8
67.911,0,0.027,0.17,-0.03,-0.99,197.83,19.08,3.67,0.02,0.01,0,3.85,4.88,-17.24,-14.34,-0.36,0.05,0.93
67.913,7,-0.941,-0.14,-0.29,-0.1,31.86,31.84,21.64,0.03,-0,-0.07,0,-37.08,-90.64,-9.31,-0.43,0.3,0.77
67.919,2,-0.697,0.14,-0.47,0.52,284.68,31.19,-53.37,0.12,-0,0.01,3.87,95.98,-66.83,-30.67,-0.52,-0.63,0.62
67.922,1,0.13,-0.18,0.04,0.97,179.32,21.5,2.23,-0.13,-0.06,-0.08,3.84,-8.09,-9.77,-2.59,-0.22,0,0.9
67.945,5,-0.133,-0.04,-0.99,0,189.49,15.31,179.82,0.06,0.03,0.03,3.79,-22.74,-29.91,10.68,-0.33,0,-0.97
67.947,3,-0.727,0.02,-0.34,-0.6,100.09,30.93,25.68,-0.07,0.08,-0.1,3.73,-86.21,-12.66,37.99,-0.53,0.39,0.65
68.006,4,-0.12,0.24,-0.96,-0.11,220.34,16.36,170.82,0.04,-0.01,0.03,3.72,24.72,-43.18,-23.19,-0.33,0.15,-0.96
68.007,6,0.972,-0.02,0.22,-0.08,3.21,24.83,-4.5,-0.02,0.08,-0.13,3.74,10.22,-89.87,20.29,-0.36,-0.15,0.78
68.011,0,0.017,0.15,-0.03,-0.99,196.59,17.6,3.83,0.03,0.02,0,3.85,5.04,-19.99,-10.53,-0.34,0.08,0.94
68.013,7,-0.967,-0.12,-0.22,-0.07,25.62,23.85,16.19,0.04,-0.23,-0.08,0,-6.26,-92.93,-50.2,-0.29,0.44,0.78
68.017,5,-0.172,-0.04,-0.98,-0.02,189.01,19.7,177.29,0.07,0.08,0.04,3.79,-25.94,-74.77,-2.44,-0.44,-0.01,-0.94
68.02,1,0.117,-0.18,0.04,0.98,180.77,21.02,1.89,-0.03,-0.06,-0.27,3.84,-9.77,-5.95,13.58,-0.22,-0.04,0.71
68.048,2,-0.716,0.12,-0.39,0.57,287.3,25.25,-42.22,0.11,0.05,0.12,3.87,96.28,-44.1,-19.68,-0.43,-0.6,0.85
68.049,3,-0.72,0.06,-0.28,-0.63,101.02,29.26,17.68,0.01,-0.03,-0.27,3.73,-93.99,0.15,-14.04,-0.36,0.19,0.62
68.121,4,-0.174,0.25,-0.95,-0.09,222,22.12,174.18,0.06,0,0.05,3.72,37.69,-78.12,-20.6,-0.44,0.07,-0.94
68.122,6,0.987,-0.02,0.15,-0.06,6.58,16.65,-3.08,0,-0.03,-0.05,3.74,-11.14,-73.39,36.77,-0.25,0.03,0.92
68.126,0,0.009,0.12,-0.04,-0.99,195.67,14.11,4.3,0,0.02,-0.16,3.85,4.88,-53.1,-0.15,-0.21,0.08,0.81
68.128,7,-0.983,-0.12,-0.14,-0.02,18.81,15.78,14.38,-0.04,0.41,-0.09,0,-1.07,-74.77,2.9,-0.32,-0.19,0.94
68.131,5,-0.237,-0.04,-0.97,-0.03,188.58,27.25,174.83,0.16,0.16,0.02,3.79,-22.74,-75.99,10.38,-0.54,-0.04,-0.78
68.133,1,0.099,-0.18,0.03,0.98,182.7,20.9,0.86,-0.01,-0.02,-0.19,3.84,-13.43,-14.95,3.66,-0.27,-0.01,0.78
68.154,2,-0.722,0.09,-0.31,0.61,287.7,20.09,-33.08,-0.01,-0.08,-0.13,3.87,64.85,-61.49,-73.24,-0.38,-0.37,0.68
68.156,3,-0.724,0.13,-0.22,-0.64,98.94,28.23,6.25,0.04,-0.04,-0.14,3.73,-115.81,-23.04,11.44,-0.37,0.06,0.79
68.205,4,-0.241,0.25,-0.93,-0.08,223.48,29.44,177.96,0.3,-0.07,0.09,3.72,49.9,-67.44,31.89,-0.72,-0.03,-0.77
68.207,6,0.995,-0.01,0.09,-0.04,9.49,10.14,-1.71,0.07,-0.19,-0,3.74,21.36,-55.69,-17.55,-0.1,0.08,0.97
68.211,0,0.01,0.08,-0.04,-1,195.6,9.36,4.66,-0.04,0.03,-0.1,3.85,6.71,-49.59,3.97,-0.11,0.1,0.88
68.212,7,-0.989,-0.1,-0.09,-0.05,20.73,9.59,12.45,0.06,-0.04,0.01,0,-31.74,-44.4,62.26,-0.09,0.27,0.97
68.216,2,-0.695,0.07,-0.23,0.68,282.57,12.98,-24.86,0.07,-0.03,-0.31,3.87,103.61,-1.53,-53.56,-0.18,-0.17,0.66
68.22,1,0.093,-0.17,0.02,0.98,183.19,19.51,0.07,-0.05,-0.02,-0.03,3.84,-6.71,-17.7,4.27,-0.29,-0.02,0.91
68.248,5,-0.302,-0.03,-0.95,-0.04,188.19,34.91,172.97,0.04,0.09,-0.2,3.79,0.46,-69.58,25.63,-0.52,-0.03,-0.55
68.249,3,-0.714,0.18,-0.11,-0.67,98.48,23.71,-7.37,-0.26,-0.08,-0.11,3.73,-128.17,-69.89,-39.67,-0.3,0.14,0.88
68.334,4,-0.288,0.27,-0.92,-0.06,228.11,34.11,-176.74,0.18,0.09,-0.3,3.72,26.09,-68.21,-21.06,-0.46,-0.16,-0.53
68.336,6,0.999,-0.01,0.04,-0.04,9.53,4.18,-0.95,0.04,0.15,-0.01,3.74,-4.88,-50.81,37.54,-0.03,-0.06,1
68.341,0,0.014,0.04,-0.05,-1,195.86,4.04,5.24,0.02,-0,-0.38,3.85,2.29,-52.8,4.73,-0.07,0.06,0.62
68.344,7,-0.992,-0.1,-0.04,-0.07,22.39,4.03,11.39,-0.05,0.01,-0.01,0,0.31,-41.96,-16.94,-0.11,0.14,0.97
68.349,2,-0.652,0.02,-0.16,0.74,275.26,10.66,-15.28,-0.02,0.05,-0.19,3.87,119.02,22.74,-101.17,-0.1,-0.24,0.8
68.351,1,0.087,-0.16,0.01,0.98,183.91,18.3,-0.3,-0.01,-0.05,-0.05,3.84,-2.14,-11.6,-0.92,-0.27,-0.05,0.93
68.358,5,-0.366,-0.13,-0.92,-0.07,171.46,40.8,162.31,0.11,-0.08,-0.33,3.79,-10.07,-85.6,37.54,-0.49,0.21,-0.4
68.36,3,-0.716,0.19,0.01,-0.67,98.36,14.16,-16.93,-0.34,0.08,0.04,3.73,-40.13,-86.21,7.93,-0.38,0,1
68.405,4,-0.355,0.27,-0.89,-0.05,229.87,41.68,-173,-0.17,-0.05,-0.38,3.72,55.24,-125.43,-6.56,-0.31,0.12,-0.53
68.407,6,0.999,0,-0.01,-0.05,8.51,-0.9,0.23,-0.04,0,0.02,3.74,11.6,-43.03,-62.1,-0.04,-0.12,1.02
68.41,0,0.014,-0.01,-0.05,-1,195.56,-1.72,6.03,-0.01,-0.04,-0.18,3.85,2.44,-47,-5.49,0.04,0.04,0.84
68.412,7,-0.993,-0.09,-0.01,-0.07,22.56,0.18,10.22,-0.09,-0.02,0.03,0,-11.29,-27.16,35.4,-0.06,0.25,1.01
68.416,5,-0.458,-0.21,-0.86,-0.12,150.6,47.28,144.62,-0.08,-0.1,-0.65,3.79,-71.26,-171.66,220.79,-0.17,0.26,-0.25
68.417,1,0.086,-0.15,0.01,0.99,183.97,16.94,-0.64,-0.04,0,-0.09,3.84,2.44,-15.72,4.43,-0.22,-0,0.87
68.466,2,-0.585,-0.06,-0.09,0.8,265.74,11.57,-4.29,-0.24,-0,0.03,3.87,118.41,39.67,-46.54,-0.13,-0.3,1
68.469,3,-0.738,0.15,0.04,-0.66,96.34,7.39,-15.94,-0.48,0,-0.11,3.73,97.81,-29.14,-141.91,-0.18,0.19,0.96
68.52,4,-0.496,0.25,-0.83,-0.03,239.76,56.89,-158.12,0.04,-0.06,-0.36,3.72,101.01,-193.33,-47.45,-0.48,-0.07,-0.28
68.523,6,0.997,0,-0.04,-0.07,6.22,-4.55,0.43,0.01,-0.01,-0.04,3.74,5.95,-29.6,-19.68,0.08,0.02,0.97
68.526,0,0.009,-0.04,-0.06,-1,194.86,-4.74,6.44,-0.07,-0.02,-0.03,3.85,2.14,-21.21,5.65,0.15,0.11,0.98
68.528,7,-0.993,-0.09,0.01,-0.08,23.31,-2.48,9.66,-0.07,0.13,0.02,0,-0.15,-11.44,-1.68,-0,0.05,0.99
68.532,2,-0.552,-0.14,-0.02,0.82,262.69,14.42,7.16,-0.22,0.06,-0.07,3.87,91.55,5.8,-49.9,-0.1,-0.08,0.94
68.533,1,0.079,-0.13,0.01,0.99,184.9,14.86,-0.3,-0.11,-0.08,0.02,3.84,0.61,-19.23,9.92,-0.15,-0.06,1.02
68.555,5,-0.593,-0.26,-0.73,-0.23,118.02,47.99,106.87,-0.05,0.2,-0.35,3.79,-195.01,-159,-6.56,-0.57,0.27,-0.17
68.556,3,-0.832,0.06,0.01,-0.55,80.86,3.15,-6.65,0.77,0.26,0.28,3.73,43.64,-6.26,-119.48,0.09,-1.28,1.17
68.612,4,-0.668,0.24,-0.7,0.05,285.36,65.79,-104.34,0.23,-0.02,-0.37,3.72,182.34,-254.21,-40.28,-0.57,-0.28,0.17
68.614,6,0.993,0.01,-0.07,-0.09,3.61,-8.12,1.44,0,0.07,0.03,3.74,4.58,-37.08,2.59,0.18,-0.04,1
68.618,0,0.019,-0.06,-0.06,-1,195.76,-6.79,7.02,0.04,-0.12,-0.06,3.85,-3.51,2.75,5.8,0.08,-0.01,0.96
68.62,7,-0.991,-0.08,0.04,-0.09,24.6,-4.96,9.15,0.16,0.01,-0.05,0,-3.81,-21.67,3.66,0.22,0.09,0.91
68.625,5,-0.721,-0.24,-0.54,-0.36,93.06,37.59,67.54,0.26,0.09,-0.2,3.79,-258.48,-206.15,262.91,-0.54,0.65,0.55
68.626,1,0.065,-0.11,0.01,0.99,186.54,13.22,0.25,-0.08,-0.06,0.14,3.85,8.54,0,26.25,-0.19,-0.03,1.12
68.654,2,-0.525,-0.15,0.03,0.84,259.6,12.92,12.06,-0.46,-0.16,-0.17,3.87,-2.29,-48.98,38.3,-0.15,-0.28,0.94
68.656,3,-0.781,0.11,0.05,-0.61,89.99,3.26,-12.8,-0.66,0.04,-0.03,3.73,-94.3,1.83,142.36,-0.3,0.35,1.07
68.72,4,-0.832,0.15,-0.52,0.12,334.27,55.97,-42.18,0.39,-0.1,-0.12,3.72,220.49,-286.1,-35.86,-0.54,-0.2,0.79
68.721,6,0.993,0.01,-0.09,-0.08,4.54,-9.68,1.64,0.01,-0.13,0.02,3.74,-2.59,-0.15,-18.46,0.18,0.15,1.01
68.725,0,0.034,-0.06,-0.06,-1,197.54,-6.65,6.14,-0.03,-0.02,-0.05,3.85,-0.31,-3.66,12.66,0.14,0.08,0.94
68.727,7,-0.99,-0.08,0.06,-0.1,25.45,-7.67,8.52,-0.18,-0.06,0.02,0,-4.43,-8.24,-7.32,-0.08,0.23,1.04
68.731,5,-0.832,-0.13,-0.3,-0.45,77.21,22.34,31.57,0.47,0.53,0.58,3.79,-330.96,-182.5,0.31,-0.82,0.18,1.7
68.732,1,0.052,-0.12,0.01,0.99,188.1,14.01,0.93,-0.08,-0.01,-0.07,3.85,-3.66,6.71,-6.71,-0.14,0.01,0.92
68.754,2,-0.61,-0.1,0.03,0.79,270.3,6.67,9.51,-0.39,-0.07,-0.04,3.87,-107.27,-17.55,210.27,-0.09,-0.14,1.02
68.756,3,-0.765,0.15,0.08,-0.62,91.68,3.54,-18.81,-0.32,-0.03,-0.15,3.73,8.7,-2.75,-26.86,-0.09,0.03,0.9
68.822,4,-0.942,0.03,-0.25,0.23,344.41,26.56,-11.23,-0.19,0.23,2.01,3.72,206.3,-181.27,20.45,-1.33,-0.85,2.34
68.824,6,0.991,0.01,-0.09,-0.1,2.49,-9.95,2.04,0,0.08,0.02,3.74,-3.05,5.49,-28.99,0.2,-0.05,1
68.828,0,0.056,-0.06,-0.06,-1,200.12,-7.06,6.01,-0.21,-0.02,0.05,3.85,11.44,22.13,53.25,0.33,0.08,1.02
68.829,7,-0.99,-0.07,0.05,-0.11,26.27,-6.83,7.44,-0.06,0.01,0.01,0,-6.26,18.46,16.48,0.07,0.13,0.99
68.833,5,-0.809,0.03,-0.09,-0.58,85.6,10.22,3.16,-0.58,-0.19,0.2,3.79,-72.02,13.73,156.1,-0.08,0.47,0.92
68.836,1,0.059,-0.12,0.01,0.99,187.31,13.62,0.7,-0.11,0.02,-0,3.85,1.07,-1.98,-18.46,-0.12,0.05,0.99
68.857,2,-0.683,-0.1,0.05,0.72,281.26,4.24,11.59,0.37,-0.03,0.29,3.87,109.1,-1.83,-130.16,-0.05,0.41,1.04
68.859,3,-0.787,0.12,0.07,-0.6,88.32,2.25,-16.33,-0,0.14,0.08,3.73,25.18,9.77,-39.37,-0.17,-0.33,1.02
68.922,4,-0.969,-0.02,-0.17,0.17,353.8,20.16,-1.26,0.14,-0.57,0.1,3.72,-60.73,16.17,-38.6,-0.42,0.62,0.98
68.924,6,0.989,0,-0.09,-0.12,0.37,-9.96,1.76,-0.03,0.02,-0,3.74,-3.2,0,-11.29,0.14,-0.01,0.99
68.928,0,0.071,-0.05,-0.05,-1,201.97,-5.82,4.96,-0.01,0.02,-0.03,3.85,-16.33,4.43,-8.09,0.12,0.1,0.95
68.929,7,-0.99,-0.06,0.05,-0.12,26.92,-6.9,6.66,0.01,-0.02,-0.01,0,-4.58,-2.9,-5.65,0.13,0.12,0.98
68.933,5,-0.861,0.02,-0.09,-0.5,74.71,9.93,3.33,-0.2,0.18,0.05,3.79,55.39,10.83,-136.26,-0.45,0.12,0.96
68.936,1,0.076,-0.11,0.01,0.99,185.35,12.56,0.55,-0.11,-0.03,0.01,3.85,0.15,-7.93,-21.21,-0.13,-0.02,1.02
68.954,2,-0.593,-0.16,0.1,0.78,269.65,7.44,20.59,-0.39,0.05,-0.22,3.87,57.53,-12.21,-76.29,0.02,-0.06,0.91
68.956,3,-0.805,0.12,0.06,-0.58,85.21,2.48,-14.72,-0.08,0.06,0,3.73,16.78,15.72,-3.66,-0.13,-0.18,0.98
69.014,4,-0.907,0.04,-0.2,0.37,327.64,19.98,-13.64,-0.56,0.32,0.04,3.72,-26.7,57.22,-283.66,-0.51,-0.91,0.73
69.016,6,0.988,0,-0.09,-0.13,359.45,-9.77,1.53,-0.04,0.04,-0.01,3.74,-0.92,2.44,-7.17,0.15,-0.02,0.98
69.021,0,0.058,-0.05,-0.04,-1,200.47,-5.78,4.64,0.05,0,0.02,3.85,0.15,12.97,-14.34,0.06,0.09,1.02
69.023,7,-0.991,-0.06,0.06,-0.1,25.61,-7.28,6.45,-0.08,0.07,0,0,-0.46,1.53,-2.59,0.05,0.06,1
69.027,2,-0.585,-0.15,0.11,0.79,268.4,6.56,20.7,-0.35,-0.14,-0.1,3.87,-68.51,-0.15,51.12,-0.15,-0.03,0.96
69.029,1,0.088,-0.1,0.01,0.99,183.88,11.92,-0.11,-0.09,-0.08,-0.01,3.84,-0.31,-1.68,-4.73,-0.11,-0.06,0.99
69.055,5,-0.865,0.03,-0.08,-0.49,73.61,10.2,1.64,-0.33,0.04,-0.17,3.79,-11.29,-4.88,61.04,-0.34,0.3,0.81
69.057,3,-0.812,0.11,0.04,-0.57,83.98,3.56,-12.71,-0.17,0.05,-0.01,3.73,26.55,12.05,-28.99,-0.17,-0.1,0.98
69.121,4,-0.895,0.03,-0.22,0.39,324.69,22.37,-13.95,-0.25,0.02,-0.05,3.72,0,0.31,175.93,-0.47,-0.33,0.8
69.122,6,0.988,0,-0.09,-0.13,359.21,-9.9,1.56,-0.03,0.02,0,3.74,0.92,-0.92,3.36,0.15,-0,0.99
69.126,0,0.048,-0.04,-0.04,-1,199.37,-5.24,4.82,0.01,-0.02,-0.04,3.85,-1.98,-0.31,-2.44,0.11,0.06,0.96
69.128,7,-0.991,-0.06,0.06,-0.11,26.16,-7.51,5.91,-0.05,-0.01,-0.01,0,-0.15,-0.76,0.46,0.08,0.12,0.99
69.132,2,-0.638,-0.13,0.05,0.76,275.12,7.52,13.5,-0.05,-0.06,0.11,3.87,-70.8,36.32,61.04,-0.2,0.2,1.08
69.133,1,0.086,-0.1,0.01,0.99,184.09,11.76,-0.39,-0.08,-0.01,0.02,3.85,0,-2.29,1.37,-0.13,-0.01,1.01
69.155,5,-0.867,0.04,-0.08,-0.49,73.2,9.61,0.64,-0.32,0.09,0.1,3.79,44.56,11.75,-21.51,-0.42,0.26,1.05
69.157,3,-0.83,0.09,0.02,-0.55,80.72,3.77,-10.25,-0.09,0.07,-0.02,3.73,30.36,7.63,-22.74,-0.17,-0.1,0.97
69.214,4,-0.943,0.01,-0.23,0.24,344.09,25.92,-8.55,0.17,0.24,0.19,3.72,-81.48,30.36,172.88,-0.28,-0.29,1.15
69.216,6,0.988,0,-0.09,-0.13,359.29,-10.07,1.67,-0,-0,-0,3.74,0.46,-0.92,-2.44,0.17,0.03,0.98
69.22,0,0.056,-0.05,-0.05,-1,200.21,-5.51,4.9,0.05,-0.08,0.06,3.85,4.27,-3.36,-6.41,0.06,0.02,1.06
69.222,7,-0.99,-0.06,0.06,-0.11,26.14,-7.81,5.88,-0.03,0.01,-0.01,0,0,-3.2,-3.05,0.1,0.1,0.98
69.226,5,-0.886,0.01,-0.1,-0.45,68.52,11.16,4.33,-0.13,0.01,0.01,3.79,69.43,22.28,-49.44,-0.28,0.15,0.96
69.228,1,0.086,-0.1,0,0.99,184.08,11.4,-0.44,-0.07,-0.03,0,3.84,0.15,-0.61,-1.98,-0.12,-0.03,1
69.258,2,-0.675,-0.13,0.01,0.73,280.75,9.82,10.9,0.05,0.06,-0.06,3.87,-17.85,23.96,11.9,-0.11,0.23,0.91
69.26,3,-0.842,0.08,0,-0.53,78.6,4.46,-7.62,-0.12,0.1,-0.06,3.73,26.7,20.29,-1.22,-0.22,-0.03,0.96
69.312,4,-0.95,0.04,-0.29,0.1,359.04,33.4,-8.95,0.26,-0.14,0.01,3.72,-77.82,82.7,29.3,-0.37,0.04,0.97
69.314,6,0.988,0,-0.09,-0.13,359.05,-10.29,1.8,-0.04,0.03,-0.01,3.74,1.22,-1.22,0.76,0.15,-0.01,0.98
69.319,0,0.05,-0.05,-0.05,-1,199.54,-5.5,5.3,0.01,0.01,0,3.85,2.29,-2.44,-9.92,0.09,0.09,1
69.322,7,-0.99,-0.06,0.07,-0.11,26.08,-8.2,5.7,-0.05,0.02,0,0,0.76,0.61,1.22,0.09,0.09,0.99
69.327,5,-0.899,-0.01,-0.13,-0.42,64.72,12.86,7.71,-0.11,0.07,-0.04,3.79,38.45,13.73,-9.46,-0.33,0.17,0.89
69.329,1,0.085,-0.1,0,0.99,184.16,11.47,-0.66,-0.08,-0.06,-0,3.85,0,3.66,6.1,-0.12,-0.05,1
69.359,2,-0.659,-0.12,-0,0.74,278.13,10.75,9.03,-0.2,0.02,-0.04,3.87,-22.89,-13.89,-33.42,-0.15,-0.07,0.97
69.36,3,-0.845,0.07,-0.02,-0.53,77.99,6.38,-5.45,-0.07,0.08,0.03,3.73,12.82,14.65,-13.12,-0.22,-0.07,1
69.423,4,-0.925,0.08,-0.35,0.13,351.23,38.31,-18.17,0.26,0.1,-0.2,3.72,-26.25,49.59,-73.7,-0.28,-0.25,0.75
69.425,6,0.988,0,-0.09,-0.13,359.32,-10.57,1.91,-0.04,-0.02,0,3.74,1.07,-0.61,2.14,0.14,0.04,0.99
69.43,0,0.043,-0.05,-0.05,-1,198.66,-5.93,5.51,0.02,-0.05,0.01,3.85,3.36,-2.75,-6.71,0.08,0.04,1.01
69.431,7,-0.99,-0.06,0.07,-0.11,26.43,-8.21,5.64,-0.05,-0.02,-0.01,0,0,0.31,3.36,0.09,0.12,0.98
69.437,5,-0.909,-0.03,-0.13,-0.39,62.03,12.86,9.12,-0.14,0.06,-0.04,3.79,16.78,-0.76,-41.66,-0.35,0.2,0.88
69.438,1,0.08,-0.1,0,0.99,184.78,11.92,-0.66,-0.07,0,-0.01,3.85,0,5.34,1.53,-0.14,0.01,0.98
69.458,2,-0.658,-0.1,-0.01,0.75,277.38,8.81,6.85,-0.19,-0.05,0.01,3.87,-12.66,-16.63,16.02,-0.2,-0.06,1.02
69.46,3,-0.844,0.08,-0.02,-0.53,77.99,6.89,-6.11,-0.11,0.08,-0.02,3.73,-18.01,0.31,23.96,-0.24,-0.03,0.96
69.53,4,-0.914,0.1,-0.36,0.16,346.02,38.71,-22.4,0.29,0.01,-0.13,3.72,-2.75,-5.95,-2.14,-0.36,-0.19,0.83
69.531,6,0.987,0.01,-0.09,-0.13,359.2,-10.62,2.03,-0.02,0,-0,3.74,0.31,-0.46,-2.9,0.16,0.02,0.99
69.536,0,0.049,-0.05,-0.05,-1,199.36,-5.71,5.81,0.04,-0.1,0.06,3.85,9.31,14.65,32.96,0.05,0.02,1.06
69.538,7,-0.99,-0.06,0.07,-0.11,26.31,-8.36,5.73,-0.06,-0.01,-0.01,0,0,-2.14,-3.51,0.09,0.12,0.98
69.542,5,-0.938,-0.03,-0.12,-0.32,52.81,12.26,7.89,-0.22,0.2,0.08,3.79,5.04,-2.9,-124.97,-0.51,0.11,0.99
69.544,1,0.081,-0.1,0,0.99,184.63,12.03,-0.63,-0.08,-0.02,0,3.85,0.46,2.44,-4.43,-0.13,-0.02,1
69.563,2,-0.668,-0.09,0,0.74,278.87,7.49,7.43,-0.13,-0.05,0.06,3.87,17.7,-6.41,8.7,-0.17,0,1.05
69.565,3,-0.837,0.09,-0.02,-0.54,79.26,6.93,-7.32,-0.16,0.07,-0.02,3.73,-11.44,-3.51,6.71,-0.24,-0.01,0.96
69.629,4,-0.922,0.1,-0.34,0.16,347.15,36.11,-20.86,0.19,-0.02,-0.02,3.72,18.77,-41.66,10.07,-0.46,-0.22,0.85
69.631,6,0.987,0.01,-0.09,-0.13,358.94,-10.7,2.04,-0.05,0.02,0,3.74,0.46,0,-0.61,0.14,0,1
69.635,0,0.066,-0.04,-0.05,-1,201.35,-4.69,5.78,0.03,0,0.04,3.85,-1.22,4.73,5.04,0.05,0.11,1.03
69.636,7,-0.99,-0.06,0.07,-0.11,26.07,-8.54,5.64,-0.07,0.02,-0,0,0.46,0,-1.37,0.09,0.09,0.99
69.641,5,-0.957,-0.01,-0.11,-0.27,45.71,12.16,5.22,-0.13,0.18,0.02,3.79,-19.23,12.05,15.56,-0.41,0.01,0.95
69.642,1,0.083,-0.11,0,0.99,184.44,12.37,-0.83,-0.07,-0.02,-0,3.85,-0.46,2.29,-0.61,-0.14,-0.02,0.99
69.664,2,-0.672,-0.1,0.02,0.73,279.52,6.87,9.2,-0.16,-0.02,-0.03,3.87,11.75,-4.43,4.43,-0.13,0,0.97
69.665,3,-0.837,0.09,-0.01,-0.54,79.2,6.53,-8.13,-0.13,0.07,-0.01,3.73,-9.31,-7.17,-5.65,-0.23,-0.05,0.98
69.736,4,-0.949,0.06,-0.29,0.11,356.97,32.1,-12.33,0.04,0.05,0.01,3.72,35.71,-59.97,120.09,-0.49,-0.17,0.85
69.738,6,0.987,0.01,-0.09,-0.13,358.94,-10.69,2.08,-0.04,0,0,3.74,0.15,0.46,0.46,0.15,0.03,0.99
69.742,0,0.066,-0.04,-0.05,-1,201.4,-4.46,5.86,0.02,-0.02,0.01,3.85,0.46,1.53,-2.75,0.04,0.09,1.01
69.743,7,-0.99,-0.06,0.07,-0.11,26.05,-8.78,5.6,-0.06,-0.01,-0.01,0,0.15,-2.44,-3.05,0.09,0.12,0.98
69.747,5,-0.945,-0.01,-0.11,-0.31,50.57,11.39,5.24,-0.23,0.02,-0.04,3.79,-7.48,1.07,50.66,-0.38,0.21,0.89
69.748,1,0.084,-0.11,0,0.99,184.27,12.4,-1,-0.07,-0.01,0,3.85,-0.15,-1.07,-3.36,-0.15,-0.02,0.99
69.77,2,-0.672,-0.1,0.03,0.73,279.67,6.16,10.21,-0.16,-0.01,-0.02,3.87,14.04,-8.09,-3.97,-0.1,0.02,0.99
69.771,3,-0.839,0.09,0,-0.54,78.79,5.71,-9.13,-0.12,0.08,0,3.73,-11.6,-9.46,2.75,-0.22,-0.07,0.99
69.837,4,-0.966,0.02,-0.24,0.09,1.82,27.32,-5.59,0.02,0.02,0.06,3.72,38.76,-40.44,-52.49,-0.47,-0.12,0.95
69.839,6,0.987,0.01,-0.09,-0.13,358.87,-10.63,2.12,-0.03,-0.01,0,3.74,-0.46,1.22,-1.98,0.16,0.04,0.99
69.843,0,0.064,-0.03,-0.05,-1,201.25,-3.85,5.89,0.03,-0.02,0.01,3.85,1.07,6.1,0.76,0.04,0.09,1
69.844,7,-0.99,-0.06,0.07,-0.1,25.61,-9,5.76,-0.06,-0.01,-0.01,0,-0.31,-3.66,-5.49,0.1,0.12,0.98
69.848,2,-0.668,-0.1,0.04,0.74,279.08,5.39,11.82,-0.1,-0.04,0.01,3.87,21.06,-4.73,-14.04,-0.13,0.1,1
69.849,1,0.088,-0.11,-0,0.99,183.77,12.3,-1.17,-0.07,-0.02,0,3.85,-0.31,-1.53,-8.7,-0.14,-0.02,0.99
69.871,5,-0.942,-0.01,-0.09,-0.32,52.38,9.61,4.65,-0.26,0.05,-0.07,3.79,-18.62,-14.34,-7.93,-0.39,0.19,0.87
69.874,3,-0.84,0.1,0.01,-0.53,78.48,4.65,-10.38,-0.13,0.09,-0.02,3.73,-6.41,-7.78,-10.38,-0.21,-0.1,0.96
69.922,4,-0.965,0.01,-0.21,0.16,354.55,23.89,-5.81,-0.12,0.11,0.08,3.72,12.82,-6.71,-73.24,-0.5,-0.25,0.94
69.924,6,0.987,0.01,-0.09,-0.13,358.46,-10.47,2.17,-0.05,0,0,3.74,-0.46,1.53,-5.04,0.13,0.02,0.99
69.927,0,0.066,-0.03,-0.05,-1,201.48,-3.46,5.99,0.03,-0.01,0,3.85,0.31,2.59,-2.29,0.03,0.1,1
69.929,7,-0.991,-0.06,0.08,-0.1,24.93,-9.24,5.85,-0.05,0,-0.01,0,-0.15,-2.75,-4.12,0.11,0.1,0.98
69.933,2,-0.655,-0.11,0.06,0.74,277.37,5.49,13.38,-0.17,-0.04,-0.01,3.87,10.07,0,-18.46,-0.12,0.05,1
69.934,1,0.094,-0.11,-0,0.99,183.06,12.04,-1.45,-0.06,-0.03,-0.01,3.85,0,-3.66,-6.26,-0.14,-0.04,0.99
69.984,5,-0.947,-0,-0.07,-0.31,50.97,7.26,2.66,-0.33,0.06,-0.02,3.79,-15.56,-20.45,-11.14,-0.43,0.18,0.92
69.986,3,-0.843,0.1,0.02,-0.53,77.74,4.14,-10.81,-0.14,0.07,-0.02,3.73,-4.12,-4.88,5.04,-0.2,-0.09,0.97
70.038,4,-0.958,0.02,-0.21,0.2,349.08,22.87,-7.74,-0.12,0.12,0.03,3.72,-8.54,5.65,-9.92,-0.46,-0.27,0.9
70.041,6,0.986,0.01,-0.09,-0.14,357.93,-10.3,2.19,-0.04,0.01,0,3.74,0,1.22,-0.92,0.15,0.02,0.99
70.046,0,0.064,-0.02,-0.05,-1,201.22,-3.01,6.03,0.02,-0.03,-0,3.85,0.15,0.92,-6.41,0.03,0.08,1
70.047,7,-0.991,-0.06,0.08,-0.1,24.62,-9.52,5.86,-0.06,0.01,0,0,0.61,-1.22,-1.07,0.11,0.1,0.99
70.052,2,-0.649,-0.11,0.06,0.75,276.42,5.79,13.49,-0.18,-0.04,-0.04,3.87,-2.29,-0.76,-3.05,-0.12,0.04,0.96
70.054,1,0.096,-0.1,-0,0.99,182.85,11.66,-1.71,-0.07,-0.03,0.01,3.85,-0.92,-3.2,0,-0.14,-0.04,1.01
70.079,5,-0.95,0,-0.05,-0.31,50.14,5.24,1.3,-0.36,0.07,0.01,3.79,-3.81,-16.02,0.92,-0.42,0.17,0.98
70.08,3,-0.843,0.1,0.02,-0.53,77.75,3.92,-10.78,-0.15,0.07,0,3.73,2.9,-0.76,-1.07,-0.19,-0.08,0.99
70.175,4,-0.955,0.03,-0.21,0.2,348.16,23.27,-8.89,-0.05,0.05,-0.03,3.72,-8.39,10.53,-10.38,-0.4,-0.21,0.87
70.177,6,0.986,0.01,-0.09,-0.14,357.94,-10.29,2.15,-0.04,0.01,-0,3.74,0.31,0.15,0.46,0.15,0.02,0.99
70.181,0,0.057,-0.02,-0.06,-1,200.45,-2.95,6.21,-0.01,-0.02,-0.03,3.85,3.05,-8.24,-16.17,0.05,0.08,0.97
70.182,7,-0.99,-0.06,0.08,-0.1,24.74,-9.68,5.81,-0.08,0,0,0,0.61,-0.31,-1.37,0.1,0.11,0.99
70.187,2,-0.651,-0.11,0.05,0.75,276.62,5.63,12.31,-0.14,-0.02,0.02,3.87,-16.33,-1.68,5.49,-0.11,0.08,1.02
70.189,1,0.097,-0.1,-0.01,0.99,182.68,11.4,-1.93,-0.06,-0.01,0,3.85,-0.46,-0.46,0.15,-0.13,-0.03,1
70.194,5,-0.95,0,-0.03,-0.31,50.44,3.83,0.91,-0.42,0.1,-0.08,3.79,2.59,-8.85,1.53,-0.45,0.18,0.89
70.195,3,-0.845,0.1,0.02,-0.53,77.41,3.91,-10.48,-0.13,0.07,-0.01,3.73,3.51,0,2.14,-0.19,-0.09,0.98
70.238,4,-0.953,0.04,-0.22,0.21,347.21,23.68,-9.94,-0.03,0.06,0.05,3.72,-9.16,11.29,1.68,-0.41,-0.23,0.94
70.24,6,0.986,0.01,-0.09,-0.14,357.92,-10.19,2.12,-0.04,0.01,0,3.74,0.15,0.61,-0.46,0.15,0.02,0.99
70.244,0,0.047,-0.03,-0.06,-1,199.2,-3.58,6.31,0.02,-0.03,0.01,3.85,-1.98,-1.68,-7.78,0.04,0.08,1.02
70.245,7,-0.991,-0.06,0.08,-0.1,24.63,-9.63,5.92,-0.06,0,-0,0,0.76,0.15,0.15,0.11,0.11,0.99
70.249,5,-0.95,-0,-0.03,-0.31,50.16,3.56,1.37,-0.36,0.17,-0.06,3.79,9.31,0,8.85,-0.45,0.11,0.92
70.25,1,0.097,-0.1,-0.01,0.99,182.67,11.16,-1.97,-0.07,-0.01,0,3.85,0,-1.83,-0.31,-0.13,-0.03,1
70.271,2,-0.657,-0.1,0.04,0.75,277.35,5.47,11.18,-0.14,-0.04,-0.01,3.87,-8.85,2.59,7.93,-0.12,0.05,0.99
70.273,3,-0.846,0.09,0.02,-0.53,77.38,3.96,-10.36,-0.14,0.07,0,3.73,0.61,-1.07,1.53,-0.19,-0.08,0.99
70.333,4,-0.95,0.04,-0.23,0.21,346.87,24.45,-11.32,0.01,0.04,0,3.72,-17.24,13.12,1.83,-0.39,-0.21,0.9
70.335,6,0.986,0.01,-0.09,-0.14,357.86,-10.05,2.14,-0.03,0,0,3.74,0.31,0.15,0.31,0.15,0.02,0.99
70.342,0,0.046,-0.03,-0.05,-1,199.15,-3.63,6.08,0.01,-0.03,0.01,3.85,-2.29,-0.31,0.15,0.05,0.08,1
70.343,7,-0.99,-0.06,0.08,-0.1,24.66,-9.75,5.96,-0.06,0.01,-0,0,0.92,0,-0.31,0.11,0.11,0.99
70.348,5,-0.948,-0.01,-0.04,-0.32,50.95,3.81,2.07,-0.36,0.08,-0.04,3.79,8.54,1.98,-1.98,-0.4,0.17,0.93
70.349,1,0.096,-0.1,-0.01,0.99,182.84,11.05,-1.97,-0.06,-0.01,0.01,3.84,0,-0.31,0.46,-0.13,-0.04,1
70.367,2,-0.662,-0.1,0.04,0.74,278.02,5.7,10.55,-0.16,-0.04,-0,3.87,-4.73,2.14,5.49,-0.12,0.02,1
70.369,3,-0.846,0.1,0.02,-0.52,77.32,3.96,-10.45,-0.16,0.06,0,3.73,-1.83,-0.92,-1.07,-0.19,-0.07,1
70.427,4,-0.949,0.05,-0.23,0.2,347.21,25.04,-12.37,0.02,0.02,-0.02,3.72,-10.07,3.36,9.16,-0.39,-0.21,0.88
70.429,6,0.986,0.01,-0.09,-0.14,357.99,-10.07,2.12,-0.04,-0,0,3.74,0.31,0.15,-0.46,0.14,0.03,0.99
70.433,0,0.049,-0.03,-0.05,-1,199.45,-3.72,5.75,0.01,-0.03,0,3.85,-1.53,-0.31,3.81,0.05,0.07,1
70.435,7,-0.99,-0.06,0.08,-0.1,24.66,-9.67,6.04,-0.07,-0,-0,0,0.76,0.46,0.31,0.1,0.11,0.99
70.44,5,-0.949,-0.01,-0.04,-0.31,50.57,4.15,2.69,-0.31,0.09,-0.04,3.79,7.78,3.51,3.05,-0.37,0.16,0.93
70.442,1,0.094,-0.1,-0.01,0.99,182.98,11,-1.98,-0.06,-0.01,0.01,3.85,0,0.76,0.61,-0.13,-0.03,1
70.47,2,-0.667,-0.1,0.03,0.74,278.81,5.78,10.06,-0.15,-0.04,-0.01,3.87,-2.9,0.61,7.17,-0.13,0.02,0.99
70.471,3,-0.847,0.1,0.02,-0.52,77,3.98,-10.73,-0.15,0.06,-0,3.73,-2.9,-0.15,0,-0.19,-0.08,0.99
70.543,4,-0.952,0.05,-0.23,0.19,348.3,24.86,-12.29,0.02,0.02,-0.01,3.72,-0.92,-5.65,10.22,-0.39,-0.2,0.89
70.545,6,0.986,0.01,-0.09,-0.14,357.92,-10.03,2.24,-0.03,-0.01,0.01,3.74,0.76,1.37,-1.07,0.14,0,0.99
70.549,0,0.053,-0.03,-0.05,-1,199.96,-3.77,5.48,0,-0.02,0.01,3.85,-0.76,1.22,3.97,0.06,0.08,1
70.55,7,-0.99,-0.06,0.08,-0.1,24.72,-9.67,6.07,-0.07,-0.01,-0,0,0.31,-0.61,-1.53,0.1,0.12,0.99
70.554,5,-0.949,-0.01,-0.05,-0.31,50.63,4.46,3.21,-0.3,0.09,-0.04,3.79,2.75,0.15,1.83,-0.37,0.16,0.92
70.556,1,0.093,-0.1,-0.01,0.99,183.1,11.05,-1.97,-0.06,-0.01,-0,3.84,0.15,0.92,-1.22,-0.13,-0.03,0.99
70.578,2,-0.673,-0.1,0.03,0.73,279.63,5.83,10.04,-0.13,-0.04,-0.01,3.87,1.83,1.22,3.97,-0.13,0.05,0.99
70.579,3,-0.848,0.1,0.02,-0.52,76.6,4.12,-10.96,-0.16,0.06,-0.01,3.73,-3.2,1.22,-4.27,-0.19,-0.08,0.98
70.635,4,-0.955,0.05,-0.22,0.19,349.43,24.11,-11.59,-0,0.01,0,3.72,3.51,-8.85,8.09,-0.41,-0.2,0.89
70.639,6,0.986,0.01,-0.09,-0.14,357.91,-9.85,2.25,-0.03,-0.01,0,3.74,-0.15,1.53,-1.37,0.14,0.04,0.99
70.643,0,0.057,-0.03,-0.05,-1,200.39,-3.69,5.34,0.01,-0.01,0.01,3.85,0.15,1.07,1.53,0.05,0.09,1
70.644,7,-0.99,-0.06,0.08,-0.1,24.52,-9.65,6.17,-0.08,-0,-0.01,0,0,0,-2.59,0.09,0.12,0.98
70.648,2,-0.674,-0.1,0.03,0.73,279.84,5.92,10.4,-0.14,-0.03,-0.01,3.87,4.88,0.31,-1.98,-0.12,0.04,0.99
70.65,1,0.094,-0.1,-0.01,0.99,182.95,11.11,-2.06,-0.06,-0.02,0.01,3.84,-0.46,1.68,-2.75,-0.13,-0.05,1.01
70.672,5,-0.95,-0.01,-0.04,-0.31,50.26,4.37,3.19,-0.32,0.1,-0.04,3.79,-2.75,-3.81,-1.07,-0.39,0.16,0.93
70.673,3,-0.851,0.1,0.02,-0.51,75.89,4.23,-11.11,-0.15,0.05,-0.01,3.73,-1.37,1.07,-5.04,-0.19,-0.09,0.98
70.739,4,-0.958,0.05,-0.22,0.18,350.05,23.26,-10.74,-0.03,0.03,0.01,3.72,6.1,-8.54,2.14,-0.42,-0.21,0.9
70.741,6,0.986,0.01,-0.09,-0.14,357.23,-9.75,2.34,-0.05,0.02,0,3.74,0,0.31,-9.31,0.13,0,0.99
70.745,0,0.057,-0.03,-0.05,-1,200.44,-3.58,5.31,0.01,-0.02,0,3.85,0.15,1.07,-0.92,0.04,0.08,1
70.746,7,-0.991,-0.06,0.08,-0.09,24.47,-9.61,6.13,-0.06,-0,-0,0,-0.15,0.31,-0.31,0.11,0.12,0.98
70.75,2,-0.672,-0.1,0.03,0.73,279.69,5.97,10.9,-0.14,-0.03,-0.01,3.87,5.19,0,-4.12,-0.13,0.05,0.99
70.751,1,0.096,-0.1,-0.01,0.99,182.75,11.26,-2.25,-0.07,-0.01,-0.01,3.84,-0.61,2.29,-0.31,-0.12,-0.04,0.98
70.773,5,-0.951,-0.01,-0.04,-0.31,49.88,4.28,2.89,-0.34,0.08,-0.04,3.79,-3.97,-2.9,-3.66,-0.39,0.18,0.93
70.775,3,-0.854,0.1,0.02,-0.51,75.19,4.39,-11.17,-0.12,0.05,-0.01,3.73,1.07,0.92,-4.12,-0.18,-0.11,0.98
70.83,4,-0.959,0.04,-0.21,0.19,349.97,22.46,-10.19,-0.05,0.02,0.01,3.72,5.8,-5.49,0,-0.44,-0.18,0.9
70.832,6,0.986,0.01,-0.09,-0.14,357.18,-9.66,2.24,-0.03,0,-0,3.74,-0.61,0,5.04,0.14,0.03,1
70.836,0,0.057,-0.03,-0.05,-1,200.46,-3.45,5.39,0.01,-0.01,0.01,3.85,0.61,1.68,-2.59,0.05,0.08,1
70.837,7,-0.991,-0.06,0.08,-0.09,24.42,-9.55,6.15,-0.07,-0.01,0,0,0,-0.15,-1.07,0.1,0.13,0.99
70.842,2,-0.67,-0.1,0.04,0.73,279.38,6.08,11.18,-0.15,-0.04,-0,3.87,3.51,0,-3.51,-0.13,0.04,1
70.844,1,0.097,-0.1,-0.01,0.99,182.69,11.27,-2.34,-0.06,-0.01,0,3.84,-0.31,1.07,-0.46,-0.13,-0.03,1
70.872,5,-0.952,-0.01,-0.04,-0.3,49.31,4.24,2.45,-0.34,0.06,-0.04,3.79,-2.9,-2.75,-4.27,-0.39,0.19,0.93
70.874,3,-0.856,0.1,0.01,-0.51,74.86,4.58,-11.09,-0.13,0.05,0,3.73,0.61,0.61,2.14,-0.19,-0.1,0.99
70.942,4,-0.96,0.04,-0.2,0.19,349.83,22.02,-9.7,-0.06,0.04,0.01,3.72,4.12,-2.44,-3.81,-0.41,-0.23,0.89
70.943,6,0.986,0.01,-0.09,-0.14,357.38,-9.55,2.14,-0.04,-0.01,0.01,3.74,0.31,0.15,-1.68,0.13,0.03,1
70.947,0,0.056,-0.03,-0.05,-1,200.31,-3.32,5.47,0.01,-0.02,0,3.85,0.31,0.31,-3.66,0.04,0.08,1
70.948,7,-0.991,-0.06,0.08,-0.09,24.31,-9.54,6.2,-0.06,0.01,-0,0,-0.15,0,0.31,0.1,0.11,0.99
70.952,2,-0.669,-0.11,0.04,0.74,279.25,6.12,11.34,-0.15,-0.03,0,3.87,1.83,-1.22,-4.88,-0.13,0.04,1
70.954,1,0.096,-0.1,-0.01,0.99,182.69,11.39,-2.35,-0.06,-0.01,0,3.84,0.15,1.68,-0.31,-0.13,-0.03,1
70.976,5,-0.955,-0.01,-0.04,-0.3,48.48,4.15,2.13,-0.34,0.06,-0.04,3.79,-2.75,-2.29,-5.95,-0.38,0.18,0.92
70.978,3,-0.856,0.1,0.01,-0.51,74.85,4.78,-10.98,-0.14,0.05,-0,3.73,0.92,-0.46,0.61,-0.2,-0.09,0.99
71.048,4,-0.959,0.04,-0.2,0.19,349.4,21.8,-9.61,-0.06,0.04,0.01,3.72,1.68,0,-2.14,-0.41,-0.22,0.9
71.049,6,0.986,0.01,-0.08,-0.14,357.34,-9.46,2.13,-0.03,0.01,-0,3.74,0.31,-0.31,2.44,0.14,0.02,0.99
71.053,0,0.055,-0.03,-0.05,-1,200.16,-3.27,5.47,0.02,-0.03,0,3.85,0,-0.76,-1.07,0.04,0.07,1
71.056,7,-0.991,-0.06,0.08,-0.09,24.29,-9.55,6.15,-0.05,0,-0,0,-0.31,-0.76,1.07,0.12,0.11,0.98
71.06,5,-0.956,-0.01,-0.04,-0.29,47.76,4.24,2.1,-0.33,0.05,-0.03,3.79,0.61,0.76,-1.53,-0.38,0.17,0.94
71.062,1,0.096,-0.1,-0.01,0.99,182.74,11.55,-2.41,-0.06,-0.01,-0,3.85,-0.31,2.75,1.83,-0.14,-0.04,0.99
71.081,2,-0.668,-0.11,0.04,0.74,279.18,6.18,11.32,-0.15,-0.03,-0.01,3.87,-0.31,0.15,1.22,-0.12,0.04,0.99
71.083,3,-0.856,0.1,0.01,-0.51,74.79,4.92,-10.9,-0.14,0.05,-0.01,3.73,1.53,0,-1.68,-0.2,-0.09,0.98
71.14,4,-0.959,0.04,-0.2,0.2,349.15,21.77,-9.72,-0.06,0.03,0.01,3.72,-1.37,0.46,1.68,-0.41,-0.21,0.9
71.142,6,0.986,0.01,-0.09,-0.14,357.58,-9.6,2.11,-0.03,0.01,0,3.74,0.31,-0.92,2.75,0.14,0.02,0.99
71.148,0,0.056,-0.03,-0.05,-1,200.31,-3.34,5.39,0.02,-0.02,0,3.85,0.31,-0.92,0.92,0.04,0.08,1
71.15,7,-0.991,-0.06,0.08,-0.09,24.23,-9.68,6.21,-0.09,-0,-0,0,0,-0.61,0,0.08,0.12,0.99
71.157,5,-0.957,-0.01,-0.04,-0.29,47.61,4.59,2.5,-0.31,0.05,-0.03,3.79,3.66,2.75,0.31,-0.36,0.17,0.94
71.159,1,0.094,-0.1,-0.01,0.99,182.92,11.73,-2.42,-0.05,0,0,3.85,-0.15,0.31,1.53,-0.15,-0.03,0.99
71.184,2,-0.67,-0.1,0.03,0.73,279.4,6.23,11.03,-0.15,-0.04,-0,3.87,-1.83,0.15,2.75,-0.13,0.04,1
71.185,3,-0.857,0.1,0.01,-0.5,74.51,5.01,-10.84,-0.14,0.05,0,3.73,0,0.31,-0.76,-0.2,-0.09,0.99
71.241,4,-0.959,0.04,-0.2,0.19,349.3,21.72,-9.86,-0.05,0.03,0.02,3.72,-2.44,0.76,4.12,-0.41,-0.21,0.91
71.243,6,0.986,0.01,-0.09,-0.14,357.59,-9.64,2.2,-0.03,0,0,3.74,0.31,-0.15,0,0.14,0.03,0.99
71.246,0,0.058,-0.03,-0.05,-1,200.55,-3.38,5.38,0.01,-0.02,0,3.85,0.15,-1.53,1.53,0.04,0.08,1
71.248,7,-0.991,-0.06,0.08,-0.09,24.27,-9.63,6.22,-0.06,0.01,0,0,0.15,0.31,-0.15,0.1,0.11,0.99
71.251,5,-0.957,-0.01,-0.05,-0.29,47.44,5.01,2.91,-0.32,0.06,-0.04,3.79,2.29,0.61,0.76,-0.38,0.17,0.92
71.253,1,0.094,-0.1,-0.01,0.99,182.95,11.76,-2.42,-0.05,-0,0,3.85,0.15,1.07,-0.15,-0.15,-0.04,1
71.278,2,-0.673,-0.1,0.03,0.73,279.92,6.28,10.7,-0.12,-0.03,-0.01,3.87,-3.2,1.07,2.75,-0.12,0.06,0.99
71.279,3,-0.858,0.1,0.01,-0.5,74.32,5.17,-10.88,-0.14,0.05,0.01,3.73,-0.92,0.76,3.05,-0.2,-0.09,0.99
71.353,4,-0.959,0.04,-0.2,0.19,349.53,21.8,-10.09,-0.05,0.07,0,3.72,-4.58,2.44,5.34,-0.39,-0.23,0.9
71.356,6,0.986,0.01,-0.09,-0.14,357.58,-9.67,2.24,-0.02,0,-0.01,3.74,0.15,-0.46,1.98,0.14,0.03,0.98
71.361,0,0.06,-0.03,-0.05,-1,200.77,-3.49,5.38,0.01,-0.01,-0,3.85,0.15,-2.44,1.37,0.04,0.08,1
71.362,7,-0.991,-0.06,0.08,-0.09,24.23,-9.49,6.25,-0.04,0.01,-0.01,0,-0.31,-0.76,0.46,0.12,0.11,0.98
71.367,5,-0.957,-0.01,-0.05,-0.28,47.18,5.26,3.18,-0.3,0.07,-0.04,3.79,1.68,-0.46,-0.61,-0.38,0.15,0.92
71.369,1,0.093,-0.11,-0.01,0.99,183.06,12.01,-2.41,-0.07,-0,0.01,3.85,0.15,4.58,0.46,-0.13,-0.03,1
71.396,2,-0.675,-0.1,0.03,0.73,280.2,6.32,10.47,-0.13,-0.03,-0.01,3.87,-2.59,0,2.14,-0.13,0.05,0.99
71.398,3,-0.859,0.11,0.01,-0.5,74.02,5.43,-10.88,-0.11,0.05,-0.01,3.73,0.61,1.53,-5.34,-0.19,-0.12,0.97
71.437,4,-0.959,0.05,-0.21,0.19,349.82,22.05,-10.53,-0.03,0.03,-0,3.72,-4.27,1.98,2.44,-0.39,-0.22,0.9
71.439,6,0.986,0.01,-0.09,-0.14,357.67,-9.88,2.23,-0.04,0.01,0.01,3.74,0.31,-3.05,1.83,0.13,0.01,1
71.444,0,0.062,-0.03,-0.05,-1,201,-3.64,5.43,0.01,-0.01,0.02,3.85,0.31,-0.61,0.31,0.05,0.09,1.01
71.445,7,-0.991,-0.06,0.08,-0.09,24.13,-9.71,6.19,-0.06,-0.01,-0,0,-0.92,-5.19,-2.9,0.11,0.13,0.99
71.449,5,-0.958,-0.01,-0.05,-0.28,46.79,5.44,3.3,-0.3,0.08,-0.03,3.79,-0.76,-0.31,-1.22,-0.38,0.15,0.93
71.451,1,0.093,-0.11,-0.01,0.99,183.1,12.19,-2.33,-0.05,-0.01,-0.01,3.85,0.92,-2.44,-0.92,-0.16,-0.04,0.98
71.479,2,-0.678,-0.1,0.03,0.73,280.55,6.31,10.23,-0.13,-0.03,-0,3.87,-1.68,-0.92,3.36,-0.13,0.04,1
71.481,3,-0.858,0.11,0,-0.5,74.14,5.7,-10.89,-0.12,0.03,-0.01,3.73,0,-0.31,11.75,-0.19,-0.08,0.98
71.55,4,-0.959,0.05,-0.21,0.18,350.1,22.16,-10.91,-0.03,0.03,0.01,3.72,-3.36,-1.22,4.58,-0.39,-0.21,0.9
71.552,6,0.986,0.01,-0.09,-0.14,357.77,-10.02,2.2,-0.04,0,0.02,3.74,0.61,-0.46,1.53,0.14,0.03,1
71.556,0,0.064,-0.03,-0.05,-1,201.19,-3.66,5.51,0.02,-0.01,0,3.85,0.61,-0.46,-0.15,0.04,0.09,1
71.558,7,-0.991,-0.06,0.08,-0.09,23.99,-9.86,6.14,-0.06,0.01,0,0,0.46,0,3.51,0.12,0.11,0.99
71.562,2,-0.681,-0.1,0.03,0.72,281.05,6.17,10,-0.11,-0.01,-0.01,3.87,-0.46,-0.92,-0.76,-0.12,0.06,0.99
71.563,1,0.092,-0.1,-0.01,0.99,183.16,11.86,-2.39,-0.06,-0.01,-0,3.85,-0.46,-4.27,2.14,-0.14,-0.04,0.98
71.584,5,-0.959,-0.01,-0.05,-0.28,46.47,5.61,3.19,-0.31,0.07,-0.03,3.79,-2.59,-0.61,-1.68,-0.39,0.16,0.92
71.586,3,-0.857,0.1,0,-0.51,74.57,5.83,-10.52,-0.13,0.04,-0.01,3.73,1.83,-0.76,3.97,-0.2,-0.08,0.98
71.64,4,-0.96,0.05,-0.21,0.18,350.5,22.03,-11.12,-0.03,0.01,0,3.72,-3.81,-1.37,1.98,-0.4,-0.19,0.9
71.641,6,0.986,0.01,-0.09,-0.14,357.94,-10.01,2.21,-0.03,0,0,3.74,0.31,0,1.53,0.16,0.03,0.99
71.645,0,0.063,-0.03,-0.05,-1,201.15,-3.77,5.55,0.02,-0.02,0.01,3.85,0.76,-0.92,0.46,0.04,0.08,1.01
71.647,7,-0.99,-0.06,0.08,-0.09,24.23,-9.92,6.17,-0.06,-0.01,-0,0,0.92,0.31,-0.15,0.12,0.13,0.98
71.651,5,-0.96,-0.01,-0.06,-0.27,46.14,5.77,3.06,-0.3,0.06,-0.03,3.79,0,2.75,0.31,-0.38,0.15,0.92
71.652,1,0.09,-0.1,-0.01,0.99,183.41,11.34,-2.39,-0.05,-0,0.01,3.85,-0.31,-5.19,1.98,-0.15,-0.04,1
71.681,2,-0.682,-0.1,0.03,0.72,281.22,6.08,10.02,-0.15,-0.04,0,3.87,1.68,-0.31,6.1,-0.14,0.03,1
71.683,3,-0.857,0.1,0,-0.51,74.6,5.88,-10.31,-0.12,0.04,0,3.73,0.92,-1.53,2.44,-0.2,-0.1,0.99
71.756,4,-0.961,0.06,-0.2,0.18,350.82,21.8,-11.18,-0.03,0.02,0,3.72,-1.83,-5.65,9,-0.4,-0.21,0.9
71.757,6,0.987,0.01,-0.09,-0.14,358.09,-10,2.21,-0.02,0,0,3.74,-0.15,0.31,0.46,0.16,0.03,0.99
71.761,0,0.065,-0.03,-0.05,-1,201.3,-3.79,5.36,0.02,-0.01,-0.01,3.85,-0.46,-2.44,2.75,0.05,0.08,0.99
71.763,7,-0.99,-0.06,0.08,-0.09,24.2,-9.92,6.25,-0.06,0.01,-0,0,0.92,1.07,0.31,0.12,0.11,0.99
71.766,2,-0.687,-0.1,0.03,0.72,281.89,6.16,9.98,-0.11,-0.02,-0.01,3.87,0,1.07,0.46,-0.12,0.06,0.99
71.768,1,0.089,-0.1,-0.01,0.99,183.54,10.86,-2.41,-0.04,-0.01,0.01,3.85,-0.31,-4.58,0.92,-0.15,-0.04,1
71.79,5,-0.959,-0.01,-0.06,-0.28,46.4,6.4,3.15,-0.28,0.05,-0.03,3.79,-2.44,3.51,6.56,-0.37,0.17,0.93
71.791,3,-0.856,0.1,0,-0.51,74.79,5.81,-10.22,-0.14,0.03,-0,3.73,0.92,-1.98,-0.15,-0.2,-0.07,0.99
71.851,4,-0.963,0.06,-0.2,0.17,351.94,21.44,-10.89,-0.06,-0.01,0.03,3.72,-0.76,-2.14,7.48,-0.44,-0.19,0.92
71.853,6,0.987,0.01,-0.09,-0.14,358.04,-9.98,2.21,-0.02,-0.01,0,3.74,-0.61,1.37,-0.76,0.16,0.04,0.99
71.858,0,0.068,-0.03,-0.05,-1,201.73,-3.94,5.27,0.01,-0,0,3.85,-0.61,-3.05,2.75,0.06,0.09,1
71.859,7,-0.99,-0.06,0.08,-0.09,24.35,-9.72,6.3,-0.04,0,-0,0,0.46,0.92,0,0.13,0.11,0.98
71.863,5,-0.958,-0.01,-0.06,-0.28,46.68,6.7,2.94,-0.29,0.03,-0.03,3.79,-1.22,-0.61,0,-0.37,0.18,0.92
71.864,1,0.089,-0.09,-0.01,0.99,183.59,10.48,-2.45,-0.05,0,0.02,3.85,-0.31,-3.05,-1.37,-0.14,-0.03,1.01
71.885,2,-0.687,-0.1,0.02,0.72,281.98,6.29,9.8,-0.12,-0.03,-0.02,3.87,-2.9,1.83,-1.22,-0.13,0.04,0.98
71.887,3,-0.857,0.1,0,-0.51,74.59,5.73,-10.11,-0.13,0.04,0.02,3.73,1.07,-1.68,0.46,-0.2,-0.08,1
71.95,4,-0.963,0.06,-0.2,0.17,352.28,21.76,-10.78,-0.05,0.02,-0,3.72,-0.61,3.2,4.27,-0.41,-0.21,0.89
71.952,6,0.987,0.01,-0.09,-0.14,357.95,-9.89,2.17,-0.01,0,-0,3.74,-1.07,1.37,-0.76,0.15,0.03,0.99
71.957,0,0.071,-0.03,-0.05,-1,202.01,-4.16,5.24,0.01,-0.01,0.01,3.85,0,-1.98,1.53,0.06,0.08,1
71.959,7,-0.991,-0.06,0.08,-0.09,24.29,-9.55,6.31,-0.05,0,-0.01,0,0,1.37,-0.92,0.11,0.12,0.98
71.963,5,-0.958,-0.01,-0.06,-0.28,46.62,6.77,2.97,-0.3,0.04,-0.02,3.79,0.92,-0.92,2.29,-0.39,0.17,0.93
71.965,1,0.089,-0.09,-0.01,0.99,183.59,10.37,-2.46,-0.05,-0,-0,3.85,0,-0.31,-1.22,-0.13,-0.04,0.99
71.985,2,-0.688,-0.1,0.02,0.72,282.1,6.48,9.28,-0.12,-0.02,0,3.87,-3.51,1.37,1.37,-0.13,0.04,1
71.987,3,-0.859,0.1,-0,-0.5,74.17,5.75,-9.89,-0.12,0.03,-0.01,3.73,0.61,0,-4.58,-0.19,-0.08,0.98
72.053,4,-0.963,0.06,-0.2,0.17,352.45,22.12,-10.82,-0.03,0.03,0.01,3.72,0,3.36,1.22,-0.39,-0.22,0.9
72.055,6,0.986,0.01,-0.09,-0.14,357.76,-9.75,2.09,-0.03,0,0.01,3.74,-1.22,0.92,-2.29,0.14,0.02,1
72.061,0,0.072,-0.03,-0.05,-1,202.09,-4.35,5.14,0.01,-0.01,0.02,3.85,-0.76,-1.37,0.46,0.07,0.08,1.01
72.063,7,-0.991,-0.06,0.08,-0.09,24.13,-9.4,6.38,-0.06,0,-0.01,0,0.31,1.53,-1.07,0.11,0.12,0.98
72.067,5,-0.958,-0.01,-0.07,-0.28,46.77,6.88,3.22,-0.3,0.05,-0.03,3.79,2.44,-0.61,0.15,-0.39,0.17,0.92
72.068,1,0.091,-0.09,-0.01,0.99,183.32,10.26,-2.51,-0.05,0,-0,3.85,0,-0.92,-2.44,-0.13,-0.03,0.99
72.088,2,-0.69,-0.1,0.02,0.72,282.28,6.56,9.04,-0.12,-0.03,0,3.87,-1.22,0.15,0,-0.14,0.03,1
72.09,3,-0.862,0.1,-0,-0.5,73.45,5.71,-9.8,-0.13,0.03,-0,3.73,0,-0.46,-5.95,-0.19,-0.08,0.99
72.155,4,-0.963,0.06,-0.21,0.17,352.31,22.26,-11.01,-0.02,0.03,0.01,3.72,-0.76,0.61,0.15,-0.39,-0.21,0.91
72.157,6,0.986,0.01,-0.08,-0.14,357.51,-9.53,1.99,-0.03,-0,0.01,3.74,-1.37,2.59,-3.97,0.14,0.02,0.99
72.162,0,0.072,-0.04,-0.05,-1,202.14,-4.4,4.94,0.02,-0,0.01,3.85,-1.22,0.61,-0.15,0.06,0.09,1.01
72.163,7,-0.991,-0.06,0.08,-0.09,23.97,-9.32,6.45,-0.04,0,-0.01,0,0,0.61,-1.37,0.12,0.12,0.98
72.168,5,-0.958,-0.01,-0.07,-0.28,46.69,7.17,3.49,-0.3,0.06,-0.02,3.79,0.46,0,1.83,-0.4,0.18,0.93
72.169,1,0.095,-0.09,-0.01,0.99,182.9,10.13,-2.58,-0.06,0,0,3.85,0,-0.61,-4.27,-0.11,-0.03,1
72.189,2,-0.691,-0.1,0.02,0.72,282.49,6.64,8.9,-0.1,-0.01,-0,3.87,0.31,0.31,-1.83,-0.13,0.05,0.99
72.191,3,-0.865,0.1,-0,-0.49,72.82,5.65,-9.87,-0.13,0.03,-0,3.73,-0.92,-1.07,-4.58,-0.19,-0.08,0.98
72.249,4,-0.963,0.06,-0.21,0.17,352.25,22.17,-11.09,-0.03,-0,0,3.72,-0.61,0.46,-2.14,-0.4,-0.18,0.9
72.251,6,0.986,0,-0.08,-0.15,357.11,-9.37,1.87,-0.03,0.01,0,3.74,-1.22,1.68,-2.9,0.13,0.02,0.99
72.255,0,0.072,-0.03,-0.04,-1,202.09,-4.23,4.87,0.01,-0.01,0,3.85,-1.22,0.92,-1.68,0.06,0.08,1
72.257,7,-0.991,-0.06,0.08,-0.09,23.84,-9.31,6.45,-0.02,0,-0.02,0,-0.15,-1.98,0.76,0.14,0.11,0.97
72.262,2,-0.69,-0.1,0.01,0.72,282.29,6.74,8.9,-0.12,-0.02,-0,3.87,1.53,0.76,-1.68,-0.13,0.04,1
72.263,1,0.098,-0.09,-0.01,0.99,182.56,9.86,-2.59,-0.07,0,0,3.85,-0.15,-1.37,-5.04,-0.1,-0.03,1
72.288,5,-0.958,-0.01,-0.07,-0.28,46.4,7.48,3.76,-0.27,0.04,-0.02,3.79,1.37,0,-1.83,-0.38,0.17,0.93
72.289,3,-0.868,0.1,-0,-0.49,72.1,5.6,-9.92,-0.13,0.03,0.01,3.73,-0.61,0.31,-5.49,-0.19,-0.08,1
72.347,4,-0.962,0.06,-0.21,0.17,351.8,22.07,-11.1,-0.04,0.01,0.01,3.72,1.98,-0.15,-3.51,-0.4,-0.2,0.9
72.349,6,0.986,0,-0.08,-0.15,356.94,-9.28,1.73,-0.03,-0,0.01,3.74,-0.92,0.76,-1.22,0.13,0.02,1
72.355,0,0.07,-0.03,-0.04,-1,201.89,-4.03,4.74,0.01,-0,0.01,3.85,-0.92,1.98,-3.36,0.07,0.08,1
72.357,7,-0.991,-0.06,0.08,-0.09,23.41,-9.26,6.58,-0.1,-0.02,-0.01,0,0.31,0.61,-3.81,0.08,0.14,0.99
72.362,5,-0.959,-0.01,-0.07,-0.27,46.12,7.68,3.89,-0.27,0.03,-0.02,3.79,1.07,-1.53,-2.14,-0.38,0.18,0.93
72.364,1,0.101,-0.09,-0.01,0.99,182.14,9.66,-2.64,-0.06,0,-0,3.85,0.46,-0.46,-4.27,-0.11,-0.03,0.99
72.388,2,-0.688,-0.1,0.01,0.72,282.12,6.89,9.02,-0.11,-0.02,-0.01,3.87,2.14,0.61,-3.97,-0.13,0.04,0.99
72.39,3,-0.871,0.1,-0,-0.48,71.48,5.59,-10.03,-0.13,0.03,0,3.73,0,1.07,-6.26,-0.19,-0.08,0.98
72.463,4,-0.962,0.05,-0.2,0.18,351.28,21.92,-10.92,-0.04,0.01,0.01,3.72,3.51,0.46,-7.78,-0.4,-0.2,0.9
72.465,6,0.986,0,-0.08,-0.15,356.67,-9.04,1.66,-0.05,-0,0,3.74,-0.76,1.68,-4.27,0.12,0.02,0.99
72.47,0,0.067,-0.03,-0.04,-1,201.61,-3.81,4.71,0.01,-0,0,3.85,-0.31,2.59,-4.58,0.06,0.08,1
72.472,7,-0.992,-0.06,0.07,-0.08,23.21,-9.14,6.59,-0.05,-0,-0,0,-0.15,0.46,-1.53,0.11,0.12,0.98
72.478,2,-0.685,-0.1,0.02,0.72,281.61,7.08,9.18,-0.12,-0.02,-0.01,3.87,3.36,0,-5.8,-0.13,0.03,0.99
72.479,1,0.107,-0.08,-0.01,0.99,181.47,9.36,-2.67,-0.06,-0,0.01,3.85,0.46,-0.92,-4.88,-0.11,-0.04,1
72.498,5,-0.96,-0.02,-0.08,-0.27,45.78,7.78,4.11,-0.28,0.05,-0.02,3.79,0.92,-2.14,-1.98,-0.39,0.17,0.92
72.499,3,-0.873,0.1,-0,-0.48,70.76,5.76,-9.99,-0.13,0.03,0.01,3.73,1.22,1.98,-5.19,-0.19,-0.08,0.99
72.556,4,-0.96,0.05,-0.2,0.18,350.31,21.79,-11.08,-0.05,0.03,0,3.72,2.75,0.61,-7.48,-0.41,-0.23,0.89
72.558,6,0.985,0,-0.08,-0.15,356.44,-8.8,1.56,-0.03,0,0,3.74,-0.76,1.07,-0.61,0.13,0.02,0.99
72.562,0,0.062,-0.03,-0.04,-1,201.04,-3.55,4.63,0,0,-0,3.85,0,1.53,-5.34,0.06,0.08,1
72.564,7,-0.992,-0.06,0.07,-0.08,22.98,-9.05,6.61,-0.04,0.01,-0.01,0,0,-0.15,-2.44,0.12,0.11,0.98
72.568,2,-0.682,-0.1,0.02,0.72,281.2,7.17,9.32,-0.11,-0.01,-0,3.87,1.98,-0.92,-5.34,-0.13,0.05,0.99
72.569,1,0.111,-0.08,-0.02,0.99,181.02,9.06,-2.78,-0.05,-0.01,0,3.85,0,-0.92,-3.2,-0.11,-0.04,1
72.59,5,-0.961,-0.02,-0.08,-0.27,45.29,7.84,4.25,-0.28,0.05,-0.01,3.79,0.76,-2.44,-3.51,-0.4,0.17,0.93
72.592,3,-0.877,0.1,-0.01,-0.47,69.93,5.92,-9.9,-0.1,0.02,-0.01,3.73,1.37,1.37,-4.88,-0.18,-0.1,0.98
72.658,4,-0.959,0.05,-0.2,0.19,349.28,21.72,-11.27,-0.06,0.01,0.02,3.72,3.51,1.53,-10.53,-0.43,-0.22,0.9
72.66,6,0.985,0,-0.08,-0.15,356.25,-8.7,1.53,-0.03,-0.01,0,3.74,-0.46,0,-1.68,0.13,0.02,0.99
72.664,0,0.057,-0.03,-0.04,-1,200.48,-3.42,4.66,0,-0,0.01,3.85,-0.15,0.15,-6.71,0.06,0.08,1
72.665,7,-0.992,-0.06,0.07,-0.08,22.95,-9.06,6.52,-0.05,-0.01,-0,0,-0.46,-0.92,-0.92,0.11,0.13,0.98
72.669,5,-0.962,-0.02,-0.08,-0.26,44.77,8.05,4.26,-0.28,0.04,-0.02,3.79,0.61,-0.31,-5.19,-0.4,0.17,0.92
72.671,1,0.114,-0.08,-0.02,0.99,180.73,8.85,-2.83,-0.04,-0,0.01,3.85,-0.15,-1.22,-2.44,-0.11,-0.04,1
72.692,2,-0.678,-0.1,0.02,0.73,280.5,7.2,9.32,-0.13,-0.03,-0,3.87,0.92,-1.22,-6.26,-0.15,0.03,0.99
72.693,3,-0.88,0.1,-0.01,-0.47,69.3,5.93,-9.79,-0.11,0.02,0.01,3.73,1.07,-0.46,-2.9,-0.19,-0.09,0.99
72.752,4,-0.956,0.05,-0.21,0.2,348.1,21.76,-11.52,-0.06,0.01,0.01,3.72,1.37,1.53,-6.56,-0.42,-0.21,0.89
72.753,6,0.985,0,-0.08,-0.15,356.13,-8.56,1.45,-0.03,0,0.01,3.74,-0.46,1.07,-1.83,0.12,0.01,0.99
72.758,0,0.053,-0.03,-0.04,-1,199.98,-3.4,4.71,0,-0,0,3.85,0.31,-0.61,-5.95,0.05,0.08,1
72.759,7,-0.992,-0.06,0.07,-0.08,22.72,-9.13,6.55,-0.06,0,-0.01,0,-0.15,0.61,-0.15,0.1,0.11,0.98
72.763,5,-0.963,-0.02,-0.08,-0.26,44.09,8.33,4.29,-0.26,0.03,-0.02,3.79,0.31,-0.31,-6.41,-0.38,0.18,0.92
72.765,1,0.115,-0.08,-0.02,0.99,180.56,8.76,-2.88,-0.04,0,-0,3.85,0,-0.61,-1.68,-0.1,-0.04,0.99
72.792,2,-0.675,-0.1,0.02,0.73,280.07,7.27,9.16,-0.11,-0.01,-0,3.87,-0.31,-0.61,-8.09,-0.13,0.04,0.99
72.793,3,-0.881,0.1,-0.01,-0.46,68.9,5.83,-9.77,-0.11,0.03,-0,3.73,0.31,-0.31,-2.29,-0.19,-0.09,0.98
72.849,4,-0.954,0.05,-0.21,0.21,347.2,22.05,-11.77,-0.05,0.02,0,3.72,1.53,3.2,-7.32,-0.41,-0.22,0.89
72.851,6,0.985,0,-0.07,-0.16,355.97,-8.47,1.41,-0.02,0.01,0,3.74,-0.46,0.46,0,0.12,0.01,0.99
72.855,0,0.048,-0.03,-0.04,-1,199.41,-3.57,4.71,0.01,-0.01,-0,3.85,-0.31,-1.53,-5.19,0.05,0.07,1
72.856,7,-0.992,-0.06,0.07,-0.08,22.59,-9.03,6.6,-0.04,0,-0,0,-0.15,0,-1.07,0.12,0.12,0.98
72.861,5,-0.965,-0.02,-0.08,-0.25,43.44,8.6,4.41,-0.24,0.03,-0.02,3.79,1.98,0,-4.73,-0.36,0.17,0.93
72.863,1,0.116,-0.08,-0.02,0.99,180.45,8.65,-2.89,-0.04,-0,0.01,3.85,0,0,-1.37,-0.11,-0.04,1
72.911,2,-0.671,-0.1,0.01,0.73,279.45,7.37,8.78,-0.11,-0.02,-0,3.87,-0.46,0,-2.59,-0.14,0.04,0.99
72.913,3,-0.882,0.1,-0.01,-0.46,68.74,5.83,-9.72,-0.12,0.03,0,3.73,0.61,-0.15,-0.92,-0.19,-0.09,0.99
72.964,4,-0.952,0.05,-0.21,0.21,346.45,22.24,-12.02,-0.04,0.01,0.01,3.72,1.07,1.22,-3.2,-0.41,-0.22,0.9
72.966,6,0.985,0,-0.08,-0.16,355.94,-8.51,1.39,-0.03,0,0,3.74,0.15,-0.15,0,0.12,0.01,0.99
72.97,0,0.045,-0.03,-0.04,-1,199.02,-3.62,4.63,0,-0.01,0.01,3.85,-0.76,-0.92,-3.51,0.05,0.07,1.01
72.971,7,-0.992,-0.06,0.07,-0.08,22.53,-8.99,6.56,-0.05,0.01,-0,0,-0.15,0,0.15,0.11,0.11,0.99
72.976,5,-0.965,-0.02,-0.09,-0.25,43.09,8.9,4.68,-0.24,0.03,-0.01,3.79,1.68,-0.61,-2.29,-0.37,0.17,0.94
72.978,1,0.117,-0.08,-0.02,0.99,180.37,8.59,-2.89,-0.04,0,0,3.85,0.15,0,0,-0.11,-0.04,1
72.999,2,-0.669,-0.1,0.01,0.74,279.1,7.41,8.59,-0.12,-0.01,0,3.87,0.15,0,-3.81,-0.13,0.03,1
73,3,-0.883,0.1,-0.01,-0.46,68.51,5.92,-9.67,-0.12,0.02,0,3.73,0,0.92,-2.44,-0.19,-0.09,0.98
73.065,4,-0.951,0.05,-0.21,0.22,345.9,22.31,-12.13,-0.04,0,0.01,3.72,0.92,1.37,-5.04,-0.41,-0.22,0.89
73.066,6,0.985,-0,-0.07,-0.16,355.97,-8.34,1.3,-0.02,0,0,3.74,0,0.46,-0.15,0.12,0.01,0.99
73.07,0,0.042,-0.03,-0.04,-1,198.78,-3.62,4.56,0.01,-0.01,0,3.85,-0.31,0,-1.68,0.05,0.07,1
73.071,7,-0.992,-0.06,0.07,-0.08,22.54,-8.96,6.57,-0.05,0,0,0,0.31,0.61,0.15,0.1,0.12,0.99
73.075,2,-0.668,-0.1,0.01,0.74,278.91,7.52,8.47,-0.11,-0.01,-0.01,3.87,0,0.46,0,-0.13,0.04,0.99
73.077,1,0.116,-0.08,-0.02,0.99,180.53,8.55,-2.83,-0.04,-0.01,0,3.85,0.15,0,0.61,-0.11,-0.05,1
73.098,5,-0.966,-0.02,-0.09,-0.24,42.8,9.02,4.95,-0.24,0.03,-0.01,3.79,1.37,-0.31,-1.37,-0.38,0.17,0.93
73.1,3,-0.884,0.1,-0.01,-0.46,68.32,6.07,-9.65,-0.11,0.02,-0,3.73,-0.46,0.46,0,-0.19,-0.09,0.98
73.157,4,-0.95,0.05,-0.21,0.22,345.37,22.39,-12.32,-0.04,0.01,0.01,3.72,0.61,0.15,-2.44,-0.41,-0.23,0.89
73.159,6,0.985,-0,-0.07,-0.15,356.1,-8.31,1.25,-0.02,-0,0,3.74,0.15,-0.15,1.22,0.12,0.01,1
73.163,0,0.04,-0.03,-0.04,-1,198.55,-3.59,4.44,0.01,-0,0,3.85,0,-0.31,-0.76,0.05,0.08,1
73.165,7,-0.992,-0.06,0.07,-0.08,22.64,-8.79,6.57,-0.04,-0.01,-0.01,0,0,0.46,0.31,0.11,0.13,0.98
73.169,5,-0.966,-0.02,-0.09,-0.24,42.65,9.27,5.01,-0.24,0.04,-0.01,3.79,0,0.15,-0.46,-0.39,0.17,0.93
73.17,1,0.115,-0.08,-0.02,0.99,180.59,8.45,-2.81,-0.04,0,0,3.85,0,0.15,0.61,-0.1,-0.04,0.99
73.197,2,-0.668,-0.1,0.01,0.74,278.88,7.52,8.33,-0.11,-0.01,-0,3.87,0,-0.61,-1.07,-0.14,0.03,0.99
73.198,3,-0.884,0.1,-0.01,-0.46,68.2,6.2,-9.68,-0.11,0.03,-0,3.73,0,0.15,1.53,-0.19,-0.1,0.99
73.254,4,-0.95,0.05,-0.21,0.22,345.09,22.36,-12.38,-0.04,0.02,0,3.72,-0.15,0,0,-0.41,-0.23,0.9
73.256,6,0.985,-0,-0.07,-0.15,356.15,-8.27,1.26,-0.02,-0,0,3.74,0,0,0.46,0.12,0.02,1
73.261,0,0.04,-0.03,-0.04,-1,198.47,-3.64,4.43,0.02,-0,0.01,3.85,0.15,0,0,0.05,0.07,1
73.262,7,-0.992,-0.06,0.07,-0.08,22.66,-8.74,6.62,-0.06,-0,-0,0,0.31,0.61,0.15,0.1,0.12,0.99
73.266,2,-0.668,-0.1,0.01,0.74,278.97,7.49,8.25,-0.1,-0.02,0,3.87,0,-0.92,-0.15,-0.14,0.04,1
73.268,1,0.115,-0.08,-0.02,0.99,180.6,8.38,-2.79,-0.04,0,0,3.85,0,-0.61,0,-0.11,-0.04,1
73.317,5,-0.966,-0.02,-0.09,-0.24,42.41,9.49,5.11,-0.23,0.03,-0.01,3.79,-0.76,0.46,0.15,-0.38,0.17,0.94
73.318,3,-0.883,0.1,-0.01,-0.46,68.31,6.37,-9.68,-0.12,0.02,0,3.73,-0.31,0,0.61,-0.2,-0.08,0.98
73.354,4,-0.949,0.06,-0.21,0.22,344.97,22.38,-12.53,-0.04,0.01,0.01,3.72,-0.61,-0.31,-0.31,-0.41,-0.22,0.89
73.356,6,0.985,-0,-0.07,-0.15,356.19,-8.19,1.22,-0.02,0,0,3.74,-0.15,0.46,0,0.12,0.02,0.99
73.361,0,0.04,-0.03,-0.04,-1,198.55,-3.62,4.48,0.01,0,0,3.85,0.76,0,0.31,0.05,0.08,1
73.363,7,-0.992,-0.06,0.07,-0.08,22.75,-8.67,6.62,-0.04,0,-0.01,0,0.15,0.15,0,0.12,0.12,0.98
73.368,2,-0.669,-0.1,0.01,0.74,279.08,7.45,8.17,-0.1,-0.01,-0,3.87,-0.15,-0.61,-0.46,-0.13,0.04,1
73.37,1,0.116,-0.07,-0.02,0.99,180.5,8.25,-2.82,-0.04,0,0,3.84,0,-0.61,0,-0.11,-0.04,1
73.403,5,-0.966,-0.02,-0.09,-0.24,42.32,9.68,5.09,-0.23,0.02,-0.02,3.79,-0.31,0.15,-0.92,-0.38,0.17,0.92
73.405,3,-0.884,0.1,-0.01,-0.46,68.22,6.47,-9.56,-0.11,0.02,-0,3.73,0,-0.31,0,-0.19,-0.08,0.98
73.459,4,-0.949,0.06,-0.21,0.22,344.95,22.39,-12.63,-0.03,0.02,0.01,3.72,-0.15,-0.46,0,-0.4,-0.23,0.9
73.461,6,0.986,-0,-0.07,-0.15,356.23,-8.13,1.16,-0.02,-0,0,3.74,-0.15,-0.15,0,0.12,0.01,1
73.464,0,0.042,-0.03,-0.04,-1,198.72,-3.68,4.62,0.01,-0,0,3.85,0.61,-0.15,0.92,0.05,0.08,1
73.466,7,-0.992,-0.06,0.07,-0.08,22.62,-8.66,6.71,-0.05,-0,-0,0,0,-0.31,-0.31,0.1,0.12,0.99
73.47,5,-0.966,-0.02,-0.1,-0.24,42.26,9.96,5.16,-0.23,0.03,-0.01,3.79,-0.61,0.76,2.29,-0.38,0.17,0.93
73.472,1,0.117,-0.07,-0.02,0.99,180.36,8.06,-2.85,-0.04,-0,0.01,3.84,-0.15,0,-0.31,-0.11,-0.04,1
73.5,2,-0.67,-0.09,0.01,0.74,279.16,7.41,7.91,-0.09,-0.01,-0,3.87,-0.46,-0.31,1.83,-0.13,0.05,0.99
73.501,3,-0.884,0.1,-0.01,-0.46,68.09,6.53,-9.48,-0.11,0.02,0,3.73,0.31,-0.31,-0.61,-0.19,-0.09,0.99
73.574,4,-0.949,0.06,-0.21,0.22,344.95,22.47,-12.74,-0.03,0,0.01,3.72,-0.61,0,1.37,-0.41,-0.22,0.9
73.576,6,0.986,-0,-0.07,-0.15,356.32,-8.08,1.08,-0.02,-0,0,3.74,-0.46,0.46,-0.76,0.12,0.01,1
73.58,0,0.043,-0.03,-0.04,-1,198.84,-3.62,4.68,0.02,-0,0.01,3.85,0.15,0.15,0.31,0.05,0.08,1
73.581,7,-0.992,-0.06,0.07,-0.08,22.57,-8.57,6.71,-0.05,-0,-0,0,0,0.31,-1.07,0.1,0.12,0.98
73.585,5,-0.966,-0.02,-0.1,-0.24,42.31,10.19,5.3,-0.23,0.02,-0.01,3.79,0,0,0.31,-0.38,0.18,0.92
73.586,1,0.119,-0.07,-0.02,0.99,180.14,7.92,-2.88,-0.03,0,0,3.84,0,-0.76,-1.22,-0.1,-0.04,1
73.608,2,-0.671,-0.09,0.01,0.74,279.27,7.41,7.9,-0.09,-0.01,-0,3.87,-0.15,0.31,0.61,-0.13,0.04,0.99
73.61,3,-0.885,0.1,-0.01,-0.45,67.89,6.59,-9.39,-0.1,0.02,-0,3.73,0.31,0.31,-2.75,-0.19,-0.09,0.99
73.669,4,-0.949,0.06,-0.21,0.22,345,22.49,-12.75,-0.03,0,0.01,3.72,0,0.15,0,-0.41,-0.22,0.9
73.671,6,0.985,-0,-0.07,-0.15,356.15,-8.06,1.11,-0.02,0,0,3.74,-0.46,1.07,-1.22,0.12,0.01,1
73.675,0,0.044,-0.03,-0.04,-1,198.9,-3.6,4.7,0.01,-0,0,3.85,0,0,0,0.05,0.08,1
73.677,7,-0.993,-0.06,0.07,-0.08,22.54,-8.48,6.68,-0.04,-0,-0,0,0,0.46,-0.92,0.1,0.12,0.98
73.681,5,-0.966,-0.02,-0.1,-0.24,42.25,10.43,5.42,-0.23,0.02,-0.01,3.79,0,-0.31,-0.31,-0.38,0.18,0.93
73.683,1,0.12,-0.07,-0.02,0.99,179.98,7.84,-2.88,-0.04,-0,0,3.84,0,-0.15,-1.07,-0.1,-0.04,1
73.704,2,-0.671,-0.09,0.01,0.74,279.37,7.43,7.88,-0.09,-0.01,-0,3.87,-0.15,0.15,-0.15,-0.13,0.04,0.99
73.705,3,-0.886,0.1,-0.02,-0.45,67.63,6.66,-9.27,-0.1,0.02,0,3.73,0.76,0.31,-2.59,-0.2,-0.09,0.98
73.765,4,-0.949,0.06,-0.22,0.22,344.93,22.56,-12.84,-0.02,0.01,0.01,3.72,0.31,0,-0.15,-0.4,-0.22,0.9
73.766,6,0.985,-0,-0.07,-0.15,356.13,-8.02,1.01,-0.02,0,0,3.74,-0.31,0.46,-1.68,0.12,0.01,1
73.77,0,0.043,-0.03,-0.04,-1,198.87,-3.62,4.66,0.01,0,0.01,3.85,-0.31,-0.15,-0.76,0.05,0.08,1
73.771,7,-0.993,-0.06,0.07,-0.08,22.5,-8.32,6.66,-0.04,-0,-0,0,0,0,-1.22,0.1,0.12,0.98
73.775,5,-0.966,-0.02,-0.1,-0.24,42.09,10.6,5.51,-0.22,0.02,-0,3.79,0.61,-0.15,-0.76,-0.38,0.17,0.93
73.777,1,0.121,-0.07,-0.02,0.99,179.97,7.69,-2.84,-0.03,0,0,3.84,0,-0.46,-1.53,-0.11,-0.04,1
73.805,2,-0.671,-0.09,0.01,0.74,279.3,7.45,7.79,-0.1,-0.01,0.01,3.87,0,0,0,-0.13,0.04,1
73.806,3,-0.888,0.1,-0.02,-0.45,67.28,6.72,-9.2,-0.1,0.01,0,3.73,1.37,0.15,-1.98,-0.19,-0.09,0.98
73.859,4,-0.949,0.06,-0.22,0.22,344.87,22.54,-12.88,-0.03,-0,0.01,3.72,0.31,0.31,-0.46,-0.41,-0.22,0.9
73.86,6,0.985,-0,-0.07,-0.15,356.11,-7.98,0.91,-0.01,-0.01,0.01,3.74,-0.46,0.46,-0.31,0.12,0.02,1
73.864,0,0.042,-0.03,-0.04,-1,198.72,-3.65,4.6,0.01,-0.01,0,3.85,-0.46,-0.31,-1.07,0.05,0.07,1
73.866,7,-0.993,-0.06,0.07,-0.08,22.38,-8.2,6.67,-0.04,-0,-0,0,0,0,-0.92,0.1,0.12,0.99
73.869,2,-0.67,-0.09,0,0.74,279.22,7.56,7.64,-0.09,-0.01,0,3.87,-0.15,0.46,-0.31,-0.14,0.04,0.99
73.871,1,0.121,-0.07,-0.02,0.99,179.88,7.57,-2.82,-0.03,0,0.01,3.84,0,-0.46,-1.68,-0.11,-0.04,1
73.919,5,-0.966,-0.02,-0.1,-0.23,41.85,10.86,5.64,-0.22,0.03,0,3.79,0.61,-0.61,-1.98,-0.39,0.17,0.93
73.921,3,-0.889,0.1,-0.02,-0.45,66.97,6.74,-9.16,-0.1,0.02,0,3.73,0.15,0.15,-2.44,-0.19,-0.09,0.99
73.971,4,-0.949,0.06,-0.22,0.22,344.87,22.58,-12.92,-0.03,-0,0.01,3.72,0.31,0.76,-0.31,-0.41,-0.22,0.89
73.973,6,0.985,-0,-0.07,-0.16,356,-7.85,0.87,-0.02,0,0,3.74,-0.31,0.61,-1.22,0.12,0.01,0.99
73.978,0,0.041,-0.03,-0.04,-1,198.58,-3.71,4.56,0.02,0,0,3.85,-0.31,-0.92,-2.14,0.05,0.08,1
73.979,7,-0.993,-0.06,0.07,-0.08,22.31,-8,6.68,-0.03,0,-0,0,-0.15,0.31,0,0.1,0.12,0.98
73.983,2,-0.67,-0.09,0,0.74,279.14,7.61,7.55,-0.09,-0.01,0,3.87,-0.15,-0.15,-2.75,-0.14,0.04,0.99
73.985,1,0.123,-0.07,-0.02,0.99,179.72,7.54,-2.85,-0.03,0,0,3.84,0,-0.31,-1.53,-0.1,-0.04,1
74.007,5,-0.967,-0.03,-0.11,-0.23,41.58,11.07,5.72,-0.22,0.02,-0.01,3.79,1.83,-0.31,-4.12,-0.39,0.17,0.92
74.009,3,-0.89,0.1,-0.02,-0.45,66.72,6.75,-9.09,-0.1,0.02,0,3.73,0.46,0,-0.46,-0.19,-0.09,0.99
74.061,4,-0.948,0.06,-0.22,0.23,344.7,22.67,-12.95,-0.02,0.01,0.01,3.72,1.07,0.61,-1.83,-0.4,-0.23,0.9
74.063,6,0.985,-0,-0.07,-0.16,355.93,-7.77,0.83,-0.02,0,0,3.74,-0.15,0.15,-0.31,0.12,0,1
74.067,0,0.039,-0.03,-0.04,-1,198.33,-3.8,4.49,0.02,-0,0,3.85,-0.46,-1.07,-1.83,0.05,0.08,1
74.068,7,-0.993,-0.06,0.07,-0.08,22.35,-7.99,6.62,-0.05,0.01,0,0,0,0.31,-1.07,0.09,0.12,0.98
74.071,2,-0.668,-0.09,0,0.74,278.86,7.73,7.36,-0.09,-0.01,-0,3.87,0.15,0,-2.75,-0.13,0.04,0.99
74.073,1,0.123,-0.07,-0.02,0.99,179.67,7.47,-2.82,-0.03,-0,0,3.84,0.15,0,-0.46,-0.1,-0.04,1
74.123,5,-0.967,-0.03,-0.11,-0.23,41.11,11.28,5.88,-0.2,0.01,-0,3.79,0.92,-0.31,-3.2,-0.37,0.17,0.93
74.126,3,-0.89,0.1,-0.02,-0.44,66.59,6.87,-9.01,-0.09,0.02,0,3.73,0.31,0,0,-0.19,-0.09,0.99
74.177,4,-0.948,0.06,-0.22,0.23,344.51,22.71,-12.98,-0.03,0,0,3.72,0.46,0.76,-1.68,-0.41,-0.22,0.89
74.179,6,0.985,-0,-0.07,-0.16,355.89,-7.68,0.83,-0.02,-0.01,0,3.74,0,0.61,0,0.12,0.02,1
74.183,0,0.037,-0.03,-0.04,-1,198.13,-3.87,4.47,0.01,0,0.01,3.85,-0.31,-1.07,-1.98,0.06,0.08,1
74.184,7,-0.993,-0.06,0.06,-0.08,22.36,-7.89,6.62,-0.04,0,-0,0,0.15,0.61,0,0.1,0.12,0.98
74.188,2,-0.667,-0.09,0,0.74,278.65,7.75,7.23,-0.09,-0.01,-0,3.87,0,0,-2.44,-0.13,0.03,0.99
74.19,1,0.124,-0.07,-0.02,0.99,179.6,7.42,-2.84,-0.02,0,0.01,3.84,0,-0.31,0,-0.11,-0.04,1
74.209,5,-0.968,-0.03,-0.11,-0.22,40.71,11.45,6.03,-0.2,0.02,-0,3.79,0.15,-0.61,-1.98,-0.39,0.17,0.93
74.211,3,-0.891,0.1,-0.02,-0.44,66.41,7,-8.92,-0.09,0.02,0.01,3.73,0,0.46,2.14,-0.19,-0.09,0.99
74.268,4,-0.947,0.06,-0.22,0.23,344.29,22.82,-13.06,-0.02,0.01,0,3.72,0.31,0.15,-0.61,-0.41,-0.23,0.89
74.269,6,0.985,-0,-0.07,-0.16,355.94,-7.63,0.81,-0.01,0,0,3.74,0,0.46,0,0.12,0.01,0.99
74.276,0,0.036,-0.03,-0.04,-1,197.99,-3.94,4.46,0.01,-0,0,3.85,0,-0.76,-1.53,0.06,0.07,1
74.277,7,-0.993,-0.06,0.06,-0.08,22.29,-7.79,6.71,-0.03,0,-0.01,0,0.31,0.46,0.15,0.1,0.12,0.98
74.281,5,-0.968,-0.03,-0.11,-0.22,40.49,11.67,6.08,-0.2,0.02,-0,3.79,0.46,-0.31,-1.98,-0.39,0.17,0.93
74.283,1,0.123,-0.07,-0.02,0.99,179.71,7.32,-2.78,-0.03,0,0,3.84,0,-0.46,0.15,-0.1,-0.04,1
74.31,2,-0.667,-0.09,0,0.74,278.59,7.78,7.24,-0.09,-0,-0,3.87,-0.31,0,-1.07,-0.13,0.04,1
74.312,3,-0.891,0.1,-0.02,-0.44,66.47,7.16,-8.78,-0.09,0.01,-0.01,3.73,0.61,0.76,0.61,-0.19,-0.09,0.98
74.363,4,-0.947,0.06,-0.22,0.23,344.13,22.82,-13.05,-0.03,0.01,0.01,3.72,0.31,0.31,-0.92,-0.41,-0.23,0.9
74.365,6,0.985,-0,-0.07,-0.16,355.91,-7.54,0.83,-0.02,0,0,3.74,0,0.46,0.46,0.11,0.01,1
74.369,0,0.035,-0.03,-0.04,-1,197.9,-3.95,4.49,0.01,-0.01,0,3.85,0,-0.92,-0.92,0.06,0.07,1
74.371,7,-0.993,-0.06,0.06,-0.08,22.26,-7.77,6.77,-0.04,-0,-0,0,0.31,0.15,-0.46,0.09,0.12,0.99
74.375,5,-0.969,-0.03,-0.11,-0.22,40.22,11.85,6.11,-0.2,0.02,0,3.79,0.31,0.15,-1.37,-0.39,0.17,0.93
74.376,1,0.124,-0.07,-0.02,0.99,179.61,7.19,-2.79,-0.03,0,0,3.84,0,-1.22,0,-0.1,-0.04,1
74.426,2,-0.666,-0.09,-0,0.74,278.47,7.76,7,-0.08,-0,-0,3.87,-0.46,0.15,0,-0.13,0.04,0.99
74.427,3,-0.89,0.1,-0.02,-0.44,66.55,7.27,-8.68,-0.09,0.01,0,3.73,0.92,0,0,-0.19,-0.08,0.99
74.479,4,-0.946,0.06,-0.22,0.23,344.07,22.92,-13.13,-0.03,0,0.01,3.72,0,0.15,0.15,-0.41,-0.23,0.89
74.481,6,0.985,-0,-0.07,-0.16,355.93,-7.49,0.83,-0.02,0,0.01,3.74,-0.46,1.98,-0.31,0.11,0.01,1
74.484,0,0.034,-0.03,-0.04,-1,197.83,-4,4.5,0.01,-0.01,0.01,3.85,0.15,-1.07,0,0.06,0.07,1
74.486,7,-0.993,-0.06,0.06,-0.08,22.26,-7.6,6.83,-0.03,0,-0,0,0.31,0.31,0.31,0.1,0.12,0.98
74.49,5,-0.969,-0.03,-0.11,-0.22,40.02,12.06,6.18,-0.19,0.02,0,3.79,-0.31,0.15,0.61,-0.38,0.17,0.93
74.492,1,0.125,-0.06,-0.02,0.99,179.54,7.05,-2.8,-0.02,0.01,0,3.84,-0.31,-1.22,-1.07,-0.1,-0.04,1
74.511,2,-0.666,-0.09,-0,0.74,278.48,7.76,6.81,-0.07,-0,-0.01,3.87,-1.07,0.76,1.07,-0.13,0.04,0.99
74.513,3,-0.89,0.09,-0.02,-0.44,66.54,7.31,-8.57,-0.1,0.01,-0,3.73,0.61,0,0,-0.2,-0.07,0.98
74.579,4,-0.947,0.06,-0.22,0.23,344.23,22.98,-13.2,-0.02,0,0,3.72,-0.61,0.61,1.68,-0.41,-0.22,0.89
74.581,6,0.985,-0,-0.06,-0.16,355.82,-7.27,0.81,-0,0.01,-0,3.74,-0.46,1.07,-1.37,0.12,0.01,0.99
74.585,0,0.034,-0.04,-0.04,-1,197.84,-4.17,4.53,0.02,-0,-0,3.85,0,-1.68,0,0.06,0.08,1
74.586,7,-0.993,-0.06,0.06,-0.07,22.19,-7.58,6.93,-0.02,-0,-0,0,0,-0.61,-0.31,0.11,0.12,0.98
74.59,2,-0.666,-0.09,-0,0.74,278.43,7.76,6.62,-0.08,-0.01,0,3.87,-1.22,-0.15,-0.15,-0.13,0.04,1
74.592,1,0.127,-0.06,-0.02,0.99,179.29,6.89,-2.87,-0.03,0,0,3.84,-0.31,-1.37,-2.29,-0.09,-0.04,1
74.614,5,-0.969,-0.03,-0.12,-0.22,39.87,12.24,6.35,-0.18,0.02,-0,3.79,0.61,0.46,-0.46,-0.39,0.16,0.92
74.615,3,-0.891,0.09,-0.03,-0.44,66.36,7.37,-8.43,-0.1,0.01,0,3.73,1.07,0.31,-2.44,-0.2,-0.07,0.99
