,TimeSec,Sensor,Quatx,Quaty,Quatz,Quat0,Heading,Pitch,Roll,LinAccx,LinAccy,LinAccz,Vbat,Accx,Accy,Accz,Gyrox,Gyroy,Gyroz,activity
0,0.001,6,-0.38,-0.15,0.27,-0.87,152.94,-27.45,-23.88,-0.32,0.35,-0.14,4.09,12.97,-21.97,-6.41,0.45,0.15,0.88,3
1,0.005,4,0.873,-0.21,0.16,0.41,60.86,26.38,-15.31,-0.0,0.07,0.02,4.09,-6.1,-22.28,-1.53,-0.49,-0.25,0.86,3
2,0.006999999999999999,7,0.966,0.02,0.08,0.24,42.81,7.94,4.92,-0.13,-0.09,-0.11,0.0,10.38,-39.83,15.56,-0.25,0.13,0.87,3
3,0.011000000000000001,1,-0.6920000000000001,-0.36,-0.17,0.6,300.86,41.91,23.03,-0.28,-0.07,-0.08,4.09,11.14,-24.11,-43.49,-0.71,-0.02,0.65,3
4,0.013000000000000001,3,0.7490000000000001,-0.12,-0.22,0.61,95.06,-10.27,-27.45,0.12,-0.01,0.07,4.09,-22.89,-30.52,66.38,0.18,-0.44,0.85,3
5,0.091,2,-0.9940000000000001,-0.08,0.07,0.0,12.9,-8.01,9.37,-0.17,-0.03,-0.08,4.09,18.01,-29.45,-27.92,-0.1,0.15,0.94,3
6,0.094,0,-0.34600000000000003,-0.61,-0.24,0.67,278.4,80.28,34.97,0.07,0.07,0.01,4.09,21.06,-7.32,-9.77,-0.98,0.18,0.17,3
7,0.098,5,0.823,-0.03,0.17,0.54,82.1,18.03,7.64,-0.01,0.0,0.01,4.09,-6.71,-33.72,-9.92,-0.31,0.14,0.95,3
8,0.099,6,-0.397,-0.17,0.27,-0.86,150.65,-30.43,-22.39,-0.45,0.61,-0.08,4.09,18.77,18.31,-31.59,0.37,0.39,1.06,3
9,0.10300000000000001,4,0.8759999999999999,-0.21,0.15,0.41,60.35,25.37,-16.11,-0.07,0.08,-0.0,4.09,-6.71,-12.97,-4.58,-0.52,-0.26,0.82,3
10,0.105,7,0.966,0.04,0.05,0.25,43.08,4.7,6.29,-0.12,0.04,-0.05,0.0,11.6,-18.77,-0.92,-0.13,0.19,0.91,3
11,0.11,1,-0.6779999999999999,-0.35,-0.16,0.63,296.52,41.29,20.88,-0.18,-0.14,0.08,4.09,4.43,4.27,-9.92,-0.85,0.12,0.7,3
12,0.111,3,0.747,-0.11,-0.18,0.63,95.87,-8.03,-23.47,-0.02,0.07,-0.12,4.09,78.28,79.65,-76.6,0.07,-0.4,0.81,3
13,0.20199999999999999,2,-0.992,-0.09,0.08,0.02,10.24,-9.41,11.15,-0.1,0.0,0.01,4.09,1.98,-15.56,-34.94,0.07,0.18,1.0,3
14,0.204,0,-0.318,-0.61,-0.24,0.68,266.54,81.31,26.19,-0.07,0.1,-0.0,4.09,27.47,6.71,-35.71,-0.97,0.08,0.25,3
15,0.209,5,0.826,-0.03,0.14,0.55,81.72,15.03,6.45,-0.03,0.05,0.1,4.09,-16.33,-32.35,11.9,-0.33,0.11,1.06,3
16,0.21100000000000002,6,-0.429,-0.16,0.25,-0.85,145.77,-28.95,-19.54,-0.31,0.73,-0.2,4.09,20.29,55.69,-53.1,0.09,0.36,1.06,3
17,0.215,4,0.88,-0.21,0.13,0.41,60.08,23.73,-16.38,-0.02,0.08,0.01,4.09,10.83,-22.28,-6.1,-0.47,-0.28,0.85,3
18,0.217,7,0.966,0.06,0.04,0.25,43.02,2.93,7.4,-0.04,0.0,-0.05,0.0,15.41,-20.6,0.0,-0.09,0.13,0.94,3
19,0.22,1,-0.679,-0.37,-0.16,0.61,299.52,42.49,24.41,-0.06,-0.24,-0.08,4.09,27.62,19.38,26.7,-0.81,0.23,0.44,3
20,0.222,3,0.821,-0.09,-0.07,0.56,82.56,-1.18,-13.54,0.36,-0.06,0.03,4.09,76.29,92.47,-93.38,0.25,-0.59,0.9,3
21,0.29600000000000004,2,-0.9890000000000001,-0.1,0.1,0.06,6.32,-10.32,12.09,-0.17,0.04,-0.12,4.09,16.48,-1.68,-17.7,-0.02,0.12,0.92,3
22,0.297,0,-0.27699999999999997,-0.62,-0.24,0.69,242.49,83.37,5.47,-0.12,0.06,-0.02,4.09,30.98,12.97,-39.67,-0.95,-0.02,0.25,3
23,0.301,5,0.785,-0.01,0.16,0.6,90.08,15.62,10.1,-0.13,0.62,0.69,4.09,46.54,108.95,172.12,-1.42,-0.02,1.24,3
24,0.303,6,-0.47,-0.11,0.22,-0.85,139.49,-23.06,-16.97,0.02,0.33,-0.01,4.09,0.92,103.3,-7.48,0.13,-0.12,1.01,3
25,0.308,4,0.883,-0.2,0.12,0.41,60.2,22.31,-16.05,-0.01,0.05,0.0,4.09,-4.73,-8.39,4.12,-0.44,-0.22,0.88,3
26,0.31,7,0.9670000000000001,0.07,0.03,0.25,42.61,1.1,8.59,-0.13,0.11,0.01,0.0,14.19,-16.48,4.43,-0.19,0.11,1.0,3
27,0.314,1,-0.68,-0.39,-0.16,0.6,302.58,42.97,28.28,-0.26,-0.24,-0.04,4.09,13.28,14.04,0.0,-0.88,0.07,0.51,3
28,0.316,3,0.86,-0.07,0.01,0.51,74.78,4.58,-6.67,0.56,-0.16,-0.13,4.09,73.39,38.15,-44.4,0.35,-0.52,0.84,3
29,0.387,2,-0.986,-0.12,0.1,0.07,4.57,-10.02,14.43,-0.16,0.01,0.06,4.09,6.1,-19.68,-38.6,0.02,0.22,1.05,3
30,0.389,0,-0.24600000000000002,-0.63,-0.24,0.7,219.51,83.98,-14.74,-0.19,0.07,-0.05,4.09,27.92,12.66,-11.44,-0.93,-0.11,0.28,3
31,0.39399999999999996,5,0.716,-0.05,0.26,0.65,102.11,25.19,16.96,-0.55,0.55,-0.3,4.09,61.49,96.74,-50.05,-0.79,0.6,0.23,3
32,0.396,6,-0.486,-0.03,0.2,-0.85,136.97,-14.26,-18.74,-0.12,0.18,-0.15,4.09,-34.18,80.72,36.77,0.13,-0.07,0.87,3
33,0.4,4,0.8859999999999999,-0.2,0.12,0.4,59.83,21.57,-16.1,-0.06,0.01,-0.0,4.09,-7.32,-10.22,-0.31,-0.42,-0.23,0.88,3
34,0.401,7,0.96,0.08,0.02,0.27,44.93,-0.84,9.7,-0.06,-0.02,-0.0,0.0,12.05,-24.87,45.62,-0.03,0.23,0.97,3
35,0.405,1,-0.6729999999999999,-0.39,-0.17,0.61,301.2,44.12,26.97,-0.33,-0.2,-0.01,4.09,-20.45,-1.68,-22.28,-0.88,0.01,0.59,3
36,0.40700000000000003,3,0.878,-0.04,0.02,0.48,71.0,3.91,-3.47,0.71,0.21,-0.4,4.09,-10.83,-39.52,-40.13,0.17,-0.8,0.56,3
37,0.503,2,-0.982,-0.13,0.11,0.08,2.73,-10.74,16.21,-0.09,-0.1,0.06,4.09,14.65,-16.94,-19.99,0.1,0.33,1.01,3
38,0.504,0,-0.231,-0.63,-0.23,0.7,211.93,84.51,-20.49,-0.12,0.06,-0.07,4.09,3.81,7.93,1.68,-0.93,-0.06,0.23,3
39,0.509,5,0.743,-0.07,0.33,0.58,96.11,35.13,20.06,-0.12,-0.22,0.02,4.09,46.54,49.74,-118.56,-0.38,0.51,0.85,3
40,0.51,6,-0.46299999999999997,0.05,0.21,-0.86,138.8,-6.54,-23.86,-0.49,0.3,-0.16,4.09,-49.74,53.71,53.56,0.14,0.23,0.97,3
41,0.514,4,0.887,-0.2,0.11,0.4,59.6,20.85,-16.79,-0.02,0.09,0.0,4.09,6.1,-11.6,-6.41,-0.42,-0.31,0.86,3
42,0.516,7,0.951,0.1,-0.01,0.29,47.72,-4.38,10.86,-0.09,-0.02,-0.04,0.0,8.09,-39.67,25.18,0.01,0.24,0.93,3
43,0.519,1,-0.669,-0.37,-0.18,0.62,298.0,44.71,22.39,-0.21,-0.13,-0.1,4.09,-10.22,-9.16,-24.26,-0.73,0.0,0.54,3
44,0.521,3,0.878,-0.04,-0.02,0.48,70.88,0.77,-5.12,0.15,0.08,0.29,4.09,-11.44,-3.97,-31.74,0.03,-0.35,1.27,3
45,0.601,2,-0.978,-0.14,0.12,0.1,0.9,-12.49,17.51,-0.15,-0.05,-0.05,4.09,5.34,-23.04,-17.7,0.02,0.29,0.97,3
46,0.603,0,-0.23600000000000002,-0.64,-0.23,0.7,220.32,85.0,-12.11,-0.03,0.12,0.06,4.09,-14.5,-4.43,16.02,-1.02,0.12,0.18,3
47,0.607,5,0.787,-0.1,0.35,0.5,84.36,40.42,15.24,0.14,-0.57,0.07,4.09,-4.27,-3.66,-94.3,-0.13,0.37,1.17,3
48,0.609,6,-0.42700000000000005,0.11,0.21,-0.87,141.78,0.25,-27.74,-0.64,0.26,-0.48,4.09,-18.62,20.29,45.78,0.19,0.35,0.77,3
49,0.614,4,0.89,-0.2,0.1,0.4,59.27,19.99,-16.38,-0.07,0.03,-0.0,4.09,-0.61,-13.58,-0.61,-0.41,-0.26,0.87,3
50,0.615,7,0.945,0.12,-0.04,0.3,48.24,-9.0,11.92,-0.16,-0.01,-0.05,0.0,9.0,-54.63,0.15,0.03,0.27,0.92,3
51,0.619,1,-0.672,-0.35,-0.18,0.63,296.02,43.35,19.53,-0.41,0.01,-0.11,4.09,-19.23,-14.19,9.0,-0.65,-0.2,0.69,3
52,0.621,3,0.879,-0.04,-0.03,0.47,70.83,-1.2,-6.19,0.27,0.14,-0.09,4.09,0.76,-27.31,9.61,0.02,-0.47,0.87,3
53,0.696,2,-0.973,-0.15,0.14,0.11,358.71,-14.23,19.02,-0.16,-0.17,-0.04,4.09,13.28,-14.34,-19.99,0.05,0.42,0.88,3
54,0.6970000000000001,0,-0.275,-0.63,-0.22,0.69,254.7,83.66,19.27,-0.12,0.06,-0.14,4.09,-53.1,-14.04,33.72,-0.82,-0.03,0.21,3
55,0.701,5,0.818,-0.11,0.29,0.48,77.68,35.54,7.22,0.79,-1.21,-0.05,4.09,-41.05,-97.05,9.61,-0.04,0.1,1.67,3
56,0.703,6,-0.40700000000000003,0.1,0.23,-0.88,144.5,-0.7,-28.98,-1.46,0.87,0.34,4.09,-3.36,-54.78,-8.85,0.11,0.8,1.89,3
57,0.7070000000000001,4,0.89,-0.19,0.09,0.4,59.81,18.76,-16.56,-0.0,0.12,-0.0,4.09,1.83,-12.97,-1.53,-0.39,-0.32,0.87,3
58,0.7090000000000001,7,0.94,0.14,-0.1,0.3,47.21,-15.25,12.51,-0.11,0.04,0.06,0.0,-11.14,-55.85,28.53,0.14,0.26,1.05,3
59,0.713,1,-0.695,-0.34,-0.18,0.61,298.7,40.98,19.38,-0.36,-0.05,-0.07,4.09,-18.31,-12.97,38.6,-0.72,-0.11,0.68,3
60,0.715,3,0.866,-0.03,-0.06,0.5,73.81,-3.85,-6.71,0.44,0.08,-0.12,4.09,6.56,-43.33,50.81,0.24,-0.55,0.8,3
61,0.794,2,-0.965,-0.16,0.16,0.13,355.47,-15.09,21.44,-0.29,0.12,-0.03,4.09,26.09,-10.38,-31.59,0.03,0.14,0.99,3
62,0.795,0,-0.317,-0.62,-0.24,0.67,272.54,82.8,31.67,0.07,-0.22,0.04,4.09,-51.42,7.63,13.73,-1.07,-0.04,-0.11,3
63,0.8,5,0.805,-0.09,0.25,0.53,82.79,30.02,7.95,0.04,0.41,0.12,4.09,-19.53,-30.67,31.89,-0.82,0.04,0.82,3
64,0.802,7,0.9329999999999999,0.14,-0.13,0.31,48.5,-19.2,10.84,0.02,0.18,-0.34,0.0,-2.9,14.19,2.44,0.2,-0.08,0.63,3
65,0.8079999999999999,4,0.893,-0.19,0.08,0.4,59.83,17.49,-16.45,-0.06,0.08,-0.01,4.09,-4.12,-25.02,5.19,-0.39,-0.29,0.87,3
66,0.812,6,-0.40299999999999997,0.06,0.25,-0.88,146.17,-5.19,-29.03,-0.27,0.22,-0.13,4.09,8.7,-48.52,-1.53,0.1,-0.21,0.96,3
67,0.8190000000000001,1,-0.7190000000000001,-0.32,-0.17,0.59,302.34,39.16,19.78,-0.27,0.0,-0.06,4.09,-14.8,-7.17,30.67,-0.66,-0.01,0.71,3
68,0.821,3,0.84,-0.02,-0.09,0.53,79.42,-7.68,-8.25,0.31,-0.05,0.07,4.09,3.97,-36.01,45.47,0.32,-0.41,0.98,3
69,0.905,2,-0.96,-0.18,0.16,0.14,353.9,-14.47,23.86,-0.17,0.01,-0.02,4.09,30.36,-1.98,-17.09,0.1,0.34,0.97,3
70,0.907,0,-0.358,-0.61,-0.27,0.65,287.55,81.95,40.99,-0.05,-0.02,-0.0,4.09,-54.02,1.07,32.2,-0.99,0.05,0.13,3
71,0.914,5,0.799,-0.08,0.23,0.55,85.14,26.94,7.9,0.03,-0.0,-0.03,4.09,-10.22,-30.52,23.65,-0.42,0.11,0.88,3
72,0.915,6,-0.39799999999999996,0.03,0.26,-0.88,147.63,-8.89,-29.51,-0.51,0.41,-0.28,4.09,0.0,-31.13,26.09,0.25,0.26,0.92,3
73,0.92,4,0.894,-0.18,0.06,0.41,61.2,14.08,-16.05,-0.06,0.06,0.01,4.09,3.66,-52.34,6.1,-0.33,-0.27,0.92,3
74,0.9229999999999999,7,0.932,0.09,-0.12,0.33,51.85,-16.86,5.8,-0.16,0.37,0.15,0.0,-54.17,77.97,43.79,-0.02,-0.04,1.18,3
75,0.9279999999999999,1,-0.737,-0.31,-0.17,0.57,304.99,37.76,19.58,-0.39,0.01,-0.06,4.09,-18.01,3.2,20.9,-0.69,-0.18,0.74,3
76,0.93,3,0.815,0.0,-0.12,0.57,84.56,-11.25,-7.91,0.29,0.08,0.01,4.09,6.41,-32.5,33.26,0.22,-0.41,0.97,3
77,1.001,2,-0.9540000000000001,-0.21,0.16,0.14,353.41,-14.6,27.17,-0.2,0.23,0.03,4.09,35.1,-1.53,5.34,0.16,0.21,1.0,3
78,1.003,0,-0.396,-0.61,-0.28,0.63,302.19,80.3,51.03,-0.11,0.07,-0.04,4.09,-43.03,3.36,28.53,-0.93,0.07,0.22,3
79,1.01,5,0.7929999999999999,-0.07,0.21,0.57,86.97,24.04,8.02,0.06,-0.04,-0.01,4.09,0.61,-16.94,20.75,-0.36,0.11,0.92,3
80,1.012,6,-0.384,0.01,0.28,-0.88,150.02,-11.24,-30.43,-0.33,0.39,-0.16,4.09,5.04,-23.65,9.61,0.12,0.05,0.99,3
81,1.016,4,0.8959999999999999,-0.14,0.01,0.42,63.4,8.12,-13.93,-0.19,0.11,0.45,4.09,23.5,-59.66,11.14,-0.46,-0.25,1.39,3
82,1.018,7,0.935,0.02,-0.06,0.35,54.93,-7.73,-0.03,-0.44,-0.01,0.04,0.0,-31.59,108.03,13.73,-0.17,0.3,1.06,3
83,1.024,1,-0.745,-0.31,-0.19,0.56,306.53,38.91,18.28,-0.12,-0.1,0.14,4.09,-27.01,40.28,-19.84,-0.84,-0.01,0.59,3
84,1.026,3,0.797,0.02,-0.13,0.59,87.88,-13.24,-7.38,0.13,0.05,0.0,4.09,3.81,-19.38,29.75,0.22,-0.26,0.95,3
85,1.094,2,-0.938,-0.25,0.19,0.15,350.84,-15.67,33.25,-0.25,0.01,-0.03,4.09,68.36,17.09,3.51,0.08,0.31,0.88,3
86,1.0959999999999999,0,-0.42100000000000004,-0.6,-0.29,0.61,310.35,79.0,56.02,-0.08,0.09,-0.02,4.09,-21.67,1.98,12.82,-0.93,0.1,0.23,3
87,1.101,5,0.787,-0.06,0.21,0.58,88.59,22.95,9.22,0.02,-0.01,0.02,4.09,18.46,-2.75,7.48,-0.39,0.15,0.91,3
88,1.104,6,-0.38,-0.01,0.27,-0.88,150.99,-13.34,-29.29,-0.27,0.38,-0.18,4.09,8.39,-31.28,-10.68,0.13,0.01,0.94,3
89,1.109,4,0.894,-0.15,0.03,0.42,63.01,10.76,-14.56,-1.05,1.07,-0.41,4.09,-4.27,129.85,2.9,-1.5,-0.09,0.21,3
90,1.111,7,0.94,-0.02,0.03,0.34,53.88,3.62,-0.88,-0.22,-0.15,0.03,0.0,19.68,125.27,-27.31,-0.11,0.22,1.0,3
91,1.1159999999999999,1,-0.747,-0.31,-0.2,0.55,307.88,40.0,18.44,-0.42,-0.2,0.04,4.09,-8.54,-6.87,16.94,-0.94,-0.12,0.68,3
92,1.119,3,0.785,0.02,-0.14,0.6,90.09,-14.29,-7.76,0.2,0.11,-0.04,4.09,-14.34,-11.9,23.19,0.17,-0.34,0.89,3
93,1.203,2,-0.945,-0.26,0.16,0.11,356.13,-14.32,32.97,-0.34,0.27,-0.32,4.09,-77.06,70.95,41.2,-0.04,0.11,0.84,3
94,1.205,0,-0.431,-0.6,-0.29,0.61,312.03,78.75,56.1,-0.09,0.09,-0.07,4.09,-10.99,3.97,-2.75,-0.92,0.12,0.23,3
95,1.21,5,0.7829999999999999,-0.05,0.21,0.58,89.58,22.4,10.47,0.01,-0.01,0.01,4.09,1.37,-3.2,15.11,-0.39,0.17,0.92,3
96,1.213,6,-0.376,-0.04,0.27,-0.88,152.03,-16.09,-28.02,-0.46,0.51,-0.29,4.09,12.66,-41.35,-24.72,0.21,0.28,0.92,3
97,1.217,4,0.868,-0.22,0.13,0.42,62.34,24.77,-17.37,0.33,0.44,0.02,4.09,-45.32,136.11,62.26,-0.43,-0.75,0.73,3
98,1.219,7,0.943,-0.03,0.12,0.31,50.49,14.05,1.35,0.18,-0.2,-0.33,0.0,28.99,68.66,-30.36,0.15,0.03,0.7,3
99,1.222,1,-0.762,-0.32,-0.19,0.53,312.37,38.96,22.02,-0.04,-0.17,-0.11,4.09,10.22,1.98,23.04,-0.69,0.27,0.52,3
100,1.224,3,0.777,0.01,-0.15,0.61,91.65,-14.88,-9.97,0.17,0.08,-0.03,4.09,-27.77,-19.53,23.04,0.22,-0.38,0.87,3
101,1.275,2,-0.978,-0.18,0.1,0.03,8.7,-10.55,21.65,-0.06,0.1,0.0,4.09,-96.28,103.76,124.82,0.15,0.27,0.95,3
102,1.278,0,-0.431,-0.59,-0.3,0.61,306.31,79.17,49.69,0.08,0.14,0.06,4.09,-5.19,-13.89,-19.23,-0.98,0.19,0.22,3
103,1.305,5,0.778,-0.04,0.2,0.59,90.81,21.55,11.11,0.04,-0.02,-0.0,4.09,0.0,-7.63,7.48,-0.34,0.14,0.94,3
104,1.307,7,0.943,-0.02,0.15,0.29,49.19,17.37,2.84,0.4,-0.3,-0.23,0.0,12.66,-26.4,9.61,0.27,0.03,0.89,3
105,1.3119999999999998,4,0.816,-0.27,0.2,0.47,67.94,35.21,-18.84,0.5,-0.52,-0.18,4.09,-13.43,22.74,111.24,0.12,-0.41,1.0,3
106,1.314,3,0.762,-0.0,-0.18,0.62,94.4,-15.51,-13.52,0.03,-0.03,0.08,4.09,-45.78,-9.92,43.79,0.32,-0.23,1.04,3
107,1.4140000000000001,1,-0.762,-0.33,-0.18,0.53,312.58,38.16,23.22,-0.12,-0.05,-0.07,4.09,4.43,-12.97,-12.82,-0.66,0.18,0.68,3
108,1.415,0,-0.424,-0.58,-0.3,0.63,292.23,79.46,35.98,0.03,-0.01,0.1,4.09,10.22,-1.83,-18.01,-1.09,0.12,0.13,3
109,1.419,2,-0.991,-0.1,0.05,-0.06,20.36,-6.74,11.66,0.0,-0.25,-0.11,4.09,-84.84,36.01,44.86,0.16,0.38,0.8,3
110,1.42,7,0.9440000000000001,-0.0,0.13,0.3,50.34,14.17,4.55,0.22,-0.22,-0.32,0.0,28.08,-70.5,-4.12,0.08,0.1,0.71,3
111,1.4240000000000002,5,0.777,-0.03,0.2,0.6,91.0,20.64,11.45,-0.01,0.02,0.01,4.09,5.65,-13.89,-1.98,-0.37,0.19,0.91,3
112,1.426,3,0.731,-0.02,-0.22,0.65,99.83,-16.86,-19.27,0.05,-0.01,0.16,4.09,-39.06,-10.53,32.96,0.35,-0.39,1.0,3
113,1.446,4,0.802,-0.26,0.2,0.5,73.16,35.49,-15.09,0.26,-0.85,-0.29,4.09,32.65,-37.54,-156.25,0.29,-0.06,1.1,3
114,1.4480000000000002,6,-0.375,-0.12,0.28,-0.88,153.51,-25.27,-25.72,-0.27,0.25,0.02,4.09,24.26,-36.01,-3.36,0.45,-0.05,0.95,3
115,1.504,1,-0.754,-0.32,-0.17,0.55,309.76,37.44,22.18,-0.19,-0.01,-0.07,4.09,2.14,-17.55,-30.98,-0.64,0.1,0.7,3
116,1.505,0,-0.40399999999999997,-0.58,-0.31,0.64,280.06,80.74,25.19,-0.08,-0.08,0.13,4.09,24.72,8.24,-27.01,-1.15,-0.06,0.12,3
117,1.51,2,-0.9940000000000001,-0.05,0.06,-0.08,23.25,-6.87,4.92,-0.12,-0.23,-0.11,4.09,-43.64,-38.6,6.26,0.06,0.33,0.89,3
118,1.5119999999999998,7,0.94,0.02,0.1,0.33,52.88,9.76,6.03,-0.07,-0.05,0.02,0.0,7.78,-47.91,31.13,-0.21,0.18,0.99,3
119,1.517,5,0.7829999999999999,-0.02,0.2,0.59,90.18,19.48,12.26,-0.03,-0.01,0.0,4.09,12.51,-13.89,-4.12,-0.32,0.22,0.92,3
120,1.5190000000000001,6,-0.365,-0.15,0.28,-0.87,155.25,-28.34,-25.78,-0.35,1.17,0.35,4.09,11.6,31.74,0.0,0.2,0.37,1.29,3
121,1.5219999999999998,4,0.871,-0.22,0.15,0.41,60.44,26.25,-17.36,-0.6,-0.21,0.42,4.09,47.91,-44.56,-9.46,-1.13,0.14,1.27,3
122,1.524,3,0.715,-0.04,-0.26,0.65,102.6,-18.74,-23.91,-0.04,0.09,0.16,4.09,-34.94,0.31,65.92,0.27,-0.31,1.03,3
123,1.604,1,-0.74,-0.31,-0.17,0.57,305.22,37.07,19.73,-0.36,-0.03,-0.09,4.09,-7.17,-9.92,-30.06,-0.69,-0.1,0.73,3
124,1.605,0,-0.38299999999999995,-0.58,-0.31,0.65,269.78,81.59,17.05,0.05,-0.03,-0.08,4.09,22.13,-9.92,-22.28,-0.91,0.08,0.1,3
125,1.61,2,-0.992,-0.05,0.08,-0.08,23.3,-9.29,5.26,-0.5,-0.22,0.49,4.09,31.43,-15.11,-27.92,-0.19,0.56,1.66,3
126,1.6119999999999999,6,-0.385,-0.12,0.26,-0.88,151.82,-24.3,-24.03,-0.3,0.52,-0.34,4.09,20.6,61.8,-14.19,0.15,0.23,0.91,3
127,1.6159999999999999,5,0.7879999999999999,-0.01,0.19,0.59,89.33,17.86,13.07,0.01,0.02,0.02,4.09,15.41,-15.72,-4.43,-0.24,0.16,0.97,3
128,1.618,7,0.9359999999999999,0.04,0.07,0.34,54.61,5.76,7.35,-0.17,0.01,-0.02,0.0,9.46,-32.65,31.43,-0.22,0.24,0.94,3
129,1.6219999999999999,4,0.879,-0.22,0.14,0.4,59.18,24.78,-17.27,0.11,0.27,-0.07,4.09,-10.22,-26.09,-1.37,-0.5,-0.5,0.67,3
130,1.6230000000000002,3,0.732,-0.03,-0.2,0.65,99.63,-14.42,-18.2,0.11,0.04,-0.03,4.09,88.04,97.66,-70.34,0.24,-0.45,0.85,3
131,1.716,1,-0.731,-0.32,-0.18,0.58,304.06,38.58,19.09,-0.27,-0.38,0.37,4.09,14.19,38.3,13.43,-1.31,-0.01,0.83,3
132,1.7180000000000002,0,-0.36200000000000004,-0.58,-0.3,0.67,256.25,81.38,6.02,-0.15,0.02,-0.03,4.09,20.29,-0.61,-14.04,-0.94,-0.07,0.22,3
133,1.7209999999999999,2,-0.991,-0.09,0.07,-0.07,21.69,-9.21,9.48,0.0,-0.45,-0.11,4.09,27.31,-12.51,-17.09,0.1,0.78,0.78,3
134,1.723,6,-0.41100000000000003,-0.07,0.24,-0.88,147.67,-18.97,-22.7,-0.21,0.43,-0.02,4.09,-7.78,74.01,-12.05,0.16,0.02,1.07,3
135,1.7280000000000002,5,0.7879999999999999,0.01,0.18,0.59,89.53,15.37,13.56,-0.05,0.07,0.02,4.09,2.75,-21.51,19.38,-0.31,0.21,0.95,3
136,1.73,7,0.929,0.06,0.05,0.36,56.7,2.53,8.32,-0.05,0.0,0.02,0.0,7.17,-34.94,18.01,-0.08,0.17,0.98,3
137,1.734,4,0.885,-0.21,0.13,0.4,59.08,23.06,-16.54,-0.05,-0.03,0.02,4.09,7.93,0.61,-10.53,-0.42,-0.2,0.9,3
138,1.736,3,0.7809999999999999,-0.01,-0.08,0.62,91.2,-5.99,-6.88,0.4,-0.11,-0.05,4.09,98.11,90.64,-60.12,0.28,-0.5,0.82,3
139,1.8130000000000002,1,-0.735,-0.36,-0.18,0.55,310.28,41.22,25.32,-0.27,-0.5,-0.22,4.09,0.76,23.65,6.87,-0.94,0.06,0.25,3
140,1.815,0,-0.33899999999999997,-0.58,-0.3,0.68,243.61,81.47,-4.18,-0.14,0.05,0.0,4.09,21.51,11.9,-12.82,-1.0,-0.11,0.28,3
141,1.82,2,-0.9890000000000001,-0.12,0.08,-0.03,16.85,-9.71,13.44,-0.19,0.01,-0.01,4.09,30.67,-10.38,-20.6,-0.06,0.27,1.0,3
142,1.8219999999999998,6,-0.423,0.0,0.23,-0.88,144.84,-10.98,-24.58,-0.37,0.36,-0.13,4.09,-21.82,90.48,7.17,0.14,0.1,0.98,3
143,1.829,5,0.7509999999999999,0.03,0.18,0.64,96.34,13.17,16.14,-0.27,1.18,0.75,4.09,61.19,110.78,145.42,-1.46,0.56,1.15,3
144,1.831,7,0.925,0.08,0.02,0.37,57.5,-0.96,9.54,-0.1,0.06,-0.0,0.0,12.97,-41.2,12.05,-0.08,0.2,0.99,3
145,1.835,4,0.887,-0.2,0.12,0.4,58.77,22.28,-16.56,-0.09,0.03,0.0,4.09,2.14,-23.8,4.12,-0.44,-0.21,0.88,3
146,1.837,3,0.81,-0.0,-0.0,0.59,85.95,-0.13,-0.66,0.52,-0.04,-0.08,4.09,53.41,17.4,-39.98,0.21,-0.46,0.95,3
147,1.905,1,-0.733,-0.35,-0.19,0.55,310.15,42.31,24.48,-0.35,-0.19,-0.2,4.09,-6.56,3.97,-16.17,-0.77,-0.07,0.42,3
148,1.9069999999999998,0,-0.317,-0.59,-0.29,0.68,235.46,82.58,-9.72,0.05,0.14,-0.1,4.09,22.58,8.85,-11.44,-0.85,0.11,0.22,3
149,1.9140000000000001,2,-0.986,-0.14,0.1,-0.02,14.74,-11.14,15.58,-0.13,0.03,0.02,4.09,3.66,-16.48,-2.14,0.07,0.27,0.99,3
150,1.916,6,-0.423,0.08,0.22,-0.88,143.15,-2.66,-26.77,-0.33,0.17,-0.29,4.09,-28.53,63.32,38.45,0.1,-0.01,0.81,3
151,1.921,5,0.6679999999999999,-0.01,0.29,0.69,110.72,23.06,24.6,-0.32,0.85,-0.15,4.09,30.06,135.19,-59.66,-1.04,0.6,0.26,3
152,1.922,7,0.9179999999999999,0.11,-0.01,0.38,58.75,-5.56,10.87,0.02,0.0,-0.08,0.0,15.26,-45.01,35.86,0.08,0.16,0.88,3
153,1.929,4,0.89,-0.19,0.1,0.4,60.19,19.3,-15.45,-0.05,-0.0,-0.01,4.09,4.27,-35.71,10.38,-0.34,-0.17,0.92,3
154,1.933,3,0.848,0.01,0.02,0.53,78.08,0.93,1.93,1.3,0.27,-0.86,4.09,5.95,-59.2,-22.74,0.24,-1.25,0.27,3
155,2.0180000000000002,1,-0.735,-0.35,-0.2,0.55,309.59,42.0,23.26,-0.34,-0.04,-0.01,4.09,-15.11,-4.73,-1.22,-0.81,-0.02,0.69,3
156,2.02,0,-0.309,-0.6,-0.29,0.68,231.09,83.19,-13.36,-0.37,-0.21,0.16,4.09,-2.44,-3.66,8.24,-1.13,-0.41,0.2,3
157,2.025,2,-0.982,-0.15,0.11,-0.01,12.78,-13.16,17.34,-0.08,0.02,-0.08,4.09,25.79,-17.55,-19.99,0.15,0.26,0.87,3
158,2.0269999999999997,6,-0.39,0.13,0.21,-0.89,145.57,3.53,-28.85,-0.65,0.28,-0.45,4.09,-29.6,27.62,47.91,0.19,0.33,0.78,3
159,2.033,5,0.674,-0.09,0.36,0.64,109.49,36.21,25.15,0.13,-0.71,-0.26,4.09,-5.04,80.26,-35.71,0.14,0.3,1.01,3
160,2.035,7,0.9079999999999999,0.14,-0.05,0.39,59.7,-11.45,12.13,-0.11,-0.06,-0.04,0.0,9.31,-60.27,-7.32,0.16,0.32,0.9,3
161,2.041,4,0.89,-0.18,0.08,0.41,61.35,17.0,-15.47,0.01,0.09,0.0,4.09,2.14,-17.4,-3.2,-0.34,-0.3,0.89,3
162,2.043,3,0.8370000000000001,0.01,-0.01,0.55,80.39,-1.5,0.87,0.23,-0.01,-0.07,4.09,-37.23,19.23,-39.22,0.17,-0.22,0.92,3
163,2.116,1,-0.74,-0.34,-0.2,0.55,309.68,41.49,22.24,-0.26,-0.14,-0.11,4.09,-8.85,-12.21,1.22,-0.76,0.04,0.56,3
164,2.1180000000000003,0,-0.33,-0.59,-0.29,0.68,247.99,82.57,2.16,-0.19,-0.07,-0.17,4.09,-30.36,-17.24,50.05,-0.85,-0.22,0.18,3
165,2.122,2,-0.978,-0.16,0.13,0.01,10.52,-14.56,19.57,-0.32,0.04,-0.02,4.09,25.79,-5.8,4.88,-0.01,0.3,0.94,3
166,2.123,6,-0.35600000000000004,0.14,0.23,-0.89,149.29,4.84,-31.41,-0.31,-0.01,-1.18,4.09,-2.44,-119.48,16.17,0.38,0.74,1.49,3
167,2.128,5,0.7020000000000001,-0.13,0.36,0.6,102.77,40.85,19.38,0.21,-1.09,-0.4,4.09,-25.48,-30.82,-48.83,0.46,0.16,1.13,3
168,2.131,7,0.904,0.16,-0.1,0.38,57.95,-17.43,13.42,-0.08,0.15,0.14,0.0,-8.39,-55.24,15.11,0.17,0.21,1.14,3
169,2.135,4,0.89,-0.18,0.06,0.42,62.11,14.71,-15.83,-0.0,0.03,0.01,4.09,-14.8,-22.74,4.12,-0.28,-0.29,0.93,3
170,2.137,3,0.825,0.02,-0.04,0.56,82.79,-5.15,-0.4,0.38,0.17,-0.15,4.09,0.76,-39.52,44.25,0.09,-0.48,0.83,3
171,2.2319999999999998,2,-0.972,-0.19,0.14,0.01,9.54,-15.5,22.75,-0.13,0.03,0.04,4.09,21.06,-27.62,-23.65,0.1,0.37,0.99,3
172,2.233,0,-0.379,-0.58,-0.29,0.66,272.31,80.39,21.73,0.15,-0.11,0.13,4.09,-43.95,-3.97,32.96,-1.16,0.12,-0.03,3
173,2.238,1,-0.747,-0.32,-0.19,0.55,309.14,40.05,20.73,-0.36,-0.04,-0.13,4.09,-12.36,-18.92,11.29,-0.7,-0.1,0.59,3
174,2.24,6,-0.35700000000000004,0.1,0.26,-0.89,150.4,-0.1,-32.11,-0.42,0.32,-0.35,4.09,3.36,-34.03,-18.77,0.07,0.07,0.8,3
175,2.247,5,0.755,-0.1,0.26,0.59,93.02,31.51,10.36,1.21,0.75,0.91,4.09,-32.96,-116.27,-67.29,-1.54,-1.28,1.3,3
176,2.249,7,0.897,0.16,-0.13,0.39,59.11,-20.97,11.19,-0.07,0.17,-0.29,0.0,-19.84,4.12,-10.07,0.26,-0.16,0.93,3
177,2.254,4,0.894,-0.17,0.04,0.41,61.84,12.62,-15.67,-0.05,0.04,0.01,4.09,3.66,-28.53,-1.98,-0.27,-0.25,0.94,3
178,2.256,3,0.8,0.02,-0.07,0.6,87.53,-7.6,-2.48,0.31,-0.02,0.11,4.09,-7.93,-6.71,22.13,0.23,-0.37,1.09,3
179,2.3080000000000003,1,-0.765,-0.31,-0.19,0.53,311.14,37.91,19.95,-0.36,-0.01,-0.03,4.09,-22.74,-3.66,20.45,-0.73,-0.08,0.72,3
180,2.31,0,-0.42100000000000004,-0.57,-0.3,0.64,287.94,78.66,32.54,-0.06,-0.15,0.03,4.09,-51.27,-3.05,35.71,-1.02,-0.01,0.09,3
181,2.315,2,-0.963,-0.22,0.15,0.04,5.32,-15.94,26.75,-0.17,0.25,-0.03,4.09,40.59,-5.8,-19.38,0.22,0.2,0.96,3
182,2.3169999999999997,6,-0.35200000000000004,0.07,0.27,-0.89,152.16,-3.97,-32.6,-0.49,0.57,-0.38,4.09,-2.75,-25.94,33.87,0.05,0.38,0.91,3
183,2.3209999999999997,5,0.7170000000000001,-0.09,0.23,0.65,101.21,25.9,10.86,0.12,0.1,0.17,4.09,4.27,-21.82,27.31,-0.59,0.04,0.75,3
184,2.323,7,0.895,0.09,-0.13,0.42,63.71,-17.58,3.27,0.0,0.25,0.1,0.0,-64.54,82.24,68.66,0.11,-0.0,1.12,3
185,2.326,4,0.897,-0.15,0.02,0.41,62.41,9.6,-14.82,0.02,0.08,0.03,4.09,32.35,-33.57,-8.54,-0.24,-0.32,0.95,3
186,2.3280000000000003,3,0.7859999999999999,0.04,-0.07,0.61,90.15,-9.05,-1.75,0.34,0.04,-0.13,4.09,11.75,-24.72,33.11,0.16,-0.33,0.86,3
187,2.412,1,-0.777,-0.3,-0.2,0.52,313.35,37.79,19.38,-0.53,0.07,-0.09,4.09,-23.04,4.58,21.82,-0.72,-0.27,0.73,3
188,2.414,0,-0.457,-0.56,-0.31,0.62,296.38,77.06,36.32,-0.11,0.03,-0.08,4.09,-36.16,-2.9,16.17,-0.9,0.03,0.24,3
189,2.418,2,-0.9540000000000001,-0.24,0.17,0.06,1.76,-17.17,30.12,-0.6,0.22,0.03,4.09,22.43,-5.04,-20.45,-0.21,0.26,1.17,3
190,2.419,6,-0.33799999999999997,0.05,0.29,-0.89,154.49,-5.96,-33.42,-0.36,0.37,-0.11,4.09,-0.46,-24.57,12.97,0.13,-0.06,1.02,3
191,2.424,5,0.715,-0.07,0.21,0.66,101.95,22.88,10.66,0.01,0.03,0.01,4.09,-24.87,-29.6,25.02,-0.41,0.12,0.89,3
192,2.425,7,0.893,0.01,-0.08,0.44,67.12,-8.39,-2.97,-0.56,-0.05,0.04,0.0,-26.09,111.24,-14.19,-0.13,0.39,1.05,3
193,2.43,4,0.905,-0.11,-0.01,0.41,62.29,4.55,-11.88,-0.16,0.09,0.52,4.09,4.12,-68.51,0.61,-0.32,-0.18,1.47,3
194,2.432,3,0.768,0.05,-0.08,0.63,93.24,-10.9,-1.91,0.31,0.04,-0.03,4.09,8.85,-25.18,30.82,0.21,-0.36,0.88,3
195,2.523,1,-0.7829999999999999,-0.29,-0.21,0.51,314.67,39.08,17.85,-0.11,-0.14,0.12,4.09,-16.63,44.86,-21.67,-0.86,0.07,0.67,3
196,2.525,0,-0.48200000000000004,-0.55,-0.32,0.6,301.53,76.21,37.8,-0.07,0.12,-0.1,4.09,-28.69,6.1,13.28,-0.85,0.1,0.32,3
197,2.529,2,-0.938,-0.29,0.18,0.06,1.48,-17.6,36.43,-0.17,-0.35,-0.08,4.09,83.01,-9.77,15.26,0.12,0.86,0.58,3
198,2.532,7,0.905,-0.04,0.02,0.42,63.9,4.53,-3.37,-0.28,-0.17,0.06,0.0,29.3,127.11,-11.9,-0.14,0.26,1.07,3
199,2.536,5,0.716,-0.06,0.19,0.67,102.0,20.47,10.07,-0.03,-0.01,0.01,4.09,10.83,-7.63,-21.06,-0.35,0.19,0.92,3
200,2.537,3,0.754,0.05,-0.1,0.65,95.73,-12.53,-2.91,0.24,0.11,0.02,4.09,-10.22,-20.9,24.11,0.15,-0.31,0.99,3
201,2.614,4,0.915,-0.14,-0.01,0.38,58.47,4.98,-15.24,-1.35,1.18,-0.3,4.09,-42.11,164.49,-75.68,-1.56,-0.17,0.38,3
202,2.616,0,-0.499,-0.55,-0.33,0.59,307.31,75.87,40.97,-0.1,0.1,-0.05,4.09,-18.77,14.04,0.31,-0.91,0.08,0.3,3
203,2.62,1,-0.782,-0.31,-0.23,0.49,317.4,41.21,20.03,-0.63,-0.22,-0.19,4.09,-3.51,-0.46,45.62,-0.92,-0.27,0.39,3
204,2.622,7,0.9079999999999999,-0.06,0.13,0.4,61.19,15.89,-0.33,0.13,-0.21,-0.3,0.0,34.64,89.72,-43.18,0.06,0.02,0.72,3
205,2.6460000000000004,2,-0.935,-0.31,0.17,0.05,2.57,-17.2,37.94,-0.39,0.35,-0.36,4.09,-98.27,67.75,-9.92,-0.08,0.06,0.83,3
206,2.648,3,0.741,0.05,-0.12,0.66,98.04,-14.25,-5.47,0.24,0.08,-0.07,4.09,-28.69,-27.31,27.47,0.17,-0.35,0.88,3
207,2.7260000000000004,5,0.73,-0.05,0.17,0.66,99.69,18.7,9.24,0.06,-0.01,0.01,4.09,-7.63,-23.04,-2.9,-0.31,0.11,0.95,3
208,2.7289999999999996,0,-0.499,-0.54,-0.34,0.58,307.09,76.88,39.42,-0.14,0.11,0.02,4.09,-9.16,2.75,-3.97,-1.0,0.02,0.33,3
209,2.734,4,0.8640000000000001,-0.26,0.09,0.42,60.84,22.5,-24.06,0.12,0.86,0.12,4.09,-118.56,138.4,102.23,-0.66,-0.93,0.59,3
210,2.736,6,-0.325,-0.05,0.27,-0.9,158.49,-15.48,-28.39,-0.4,0.24,-0.09,4.09,18.16,-59.2,12.82,0.42,-0.02,0.93,3
211,2.74,1,-0.8029999999999999,-0.31,-0.21,0.46,322.2,38.58,22.92,-0.07,-0.15,-0.01,4.09,3.2,-12.51,23.35,-0.74,0.32,0.6,3
212,2.742,7,0.907,-0.06,0.17,0.38,59.89,20.7,1.3,0.45,-0.35,-0.35,0.0,8.09,-2.75,20.45,0.32,-0.06,0.79,3
213,2.7460000000000004,2,-0.975,-0.19,0.11,-0.04,16.07,-13.7,21.71,0.08,0.08,0.25,4.09,-138.7,143.28,189.97,0.41,0.4,1.11,3
214,2.7489999999999997,3,0.721,0.04,-0.16,0.67,101.51,-16.21,-9.61,0.16,0.09,0.06,4.09,-38.45,-21.82,35.4,0.22,-0.33,0.99,3
215,2.827,5,0.7290000000000001,-0.05,0.16,0.66,99.99,17.4,8.97,0.03,0.01,0.0,4.09,2.9,-9.16,2.9,-0.31,0.11,0.95,3
216,2.8310000000000004,0,-0.5,-0.53,-0.35,0.59,298.56,76.76,30.06,0.03,-0.06,-0.02,4.09,1.07,-19.84,-18.62,-0.95,0.16,0.11,3
217,2.8360000000000003,4,0.807,-0.35,0.14,0.46,63.95,33.09,-30.59,0.33,-0.85,-0.24,4.09,-14.65,7.93,97.96,0.36,-0.31,1.08,3
218,2.838,6,-0.299,-0.1,0.27,-0.91,162.46,-19.54,-27.43,-0.46,0.54,-0.07,4.09,33.72,-56.0,10.83,0.42,0.23,1.08,3
219,2.842,1,-0.8059999999999999,-0.31,-0.2,0.46,322.13,37.21,23.59,-0.17,-0.07,-0.06,4.09,1.37,-15.56,-9.92,-0.7,0.17,0.68,3
220,2.843,7,0.8959999999999999,-0.05,0.15,0.41,64.11,18.45,2.61,-0.13,-0.07,0.46,0.0,26.09,-36.93,10.68,-0.15,0.25,0.86,3
221,2.8489999999999998,2,-0.986,-0.07,0.06,-0.14,29.14,-7.97,7.45,0.15,-0.27,-0.16,4.09,-104.22,62.41,88.04,0.34,0.38,0.76,3
222,2.85,3,0.703,0.03,-0.2,0.68,104.63,-18.59,-14.23,0.75,0.09,0.01,4.09,-61.49,-39.98,35.86,0.28,-1.05,0.8,3
223,2.9189999999999996,5,0.727,-0.04,0.16,0.67,100.52,16.68,9.37,0.06,0.01,-0.01,4.09,12.36,4.73,14.8,-0.3,0.13,0.94,3
224,2.9210000000000003,6,-0.282,-0.13,0.28,-0.91,165.45,-23.05,-27.93,-0.22,1.47,0.5,4.09,8.09,70.95,20.75,0.15,0.44,1.38,3
225,2.926,4,0.7829999999999999,-0.3,0.17,0.52,74.63,34.7,-20.86,0.27,-1.04,-0.13,4.09,62.56,-52.34,67.6,0.42,-0.19,1.29,3
226,2.928,0,-0.496,-0.52,-0.36,0.59,294.23,77.23,25.51,-0.15,-0.21,0.12,4.09,6.41,9.31,-2.59,-1.14,-0.08,0.05,3
227,2.9330000000000003,1,-0.799,-0.31,-0.19,0.48,319.65,37.02,22.56,-0.26,0.05,-0.13,4.09,-3.05,-11.14,-22.58,-0.61,0.01,0.67,3
228,2.935,7,0.887,-0.02,0.13,0.44,67.77,14.05,4.68,-0.07,-0.02,-0.03,0.0,2.59,-59.97,30.82,-0.24,0.15,0.94,3
229,2.94,5,0.72,-0.03,0.17,0.67,101.68,16.12,11.02,0.03,-0.01,0.0,4.09,15.87,-3.81,6.1,-0.27,0.17,0.95,3
230,2.9419999999999997,3,0.667,-0.0,-0.24,0.71,110.65,-18.5,-21.02,-0.1,0.24,-0.11,4.09,-40.89,45.78,59.97,0.04,-0.13,0.86,3
231,3.031,2,-0.981,-0.0,0.04,-0.19,35.91,-4.25,-0.26,-0.22,-0.25,-0.2,4.09,-3.66,7.17,30.67,-0.05,0.27,0.8,3
232,3.034,0,-0.483,-0.52,-0.36,0.6,289.13,78.08,21.57,-0.02,-0.08,-0.03,4.09,10.83,-3.2,-18.46,-0.95,0.03,0.13,3
233,3.0389999999999997,4,0.812,-0.25,0.13,0.51,74.13,27.3,-17.98,-0.53,-0.51,0.34,4.09,18.01,-45.93,-56.0,-0.73,0.46,1.3,3
234,3.0410000000000004,6,-0.303,-0.09,0.25,-0.91,161.54,-18.09,-25.77,-0.43,0.6,-0.23,4.09,30.21,69.43,-49.13,0.26,0.3,1.07,3
235,3.0460000000000003,1,-0.7909999999999999,-0.29,-0.19,0.5,315.93,36.32,20.22,-0.42,0.08,-0.01,4.09,-4.43,-15.41,-19.07,-0.71,-0.14,0.8,3
236,3.049,7,0.8859999999999999,0.01,0.1,0.45,68.85,9.52,5.77,-0.07,0.06,-0.05,0.0,6.87,-34.94,31.43,-0.22,0.17,0.94,3
237,3.055,2,-0.976,-0.04,0.04,-0.21,38.18,-5.84,2.86,-0.49,-0.05,0.44,4.09,33.57,-39.22,-50.2,-0.3,0.25,1.49,3
238,3.057,3,0.6829999999999999,-0.03,-0.17,0.71,107.83,-10.68,-16.73,0.31,-0.04,-0.11,4.09,82.09,87.89,-17.85,0.21,-0.67,0.72,3
239,3.122,5,0.718,-0.01,0.17,0.67,102.24,15.43,12.96,-0.03,0.07,0.0,4.09,14.8,-11.6,5.8,-0.28,0.2,0.95,3
240,3.123,0,-0.473,-0.52,-0.36,0.61,283.33,78.51,16.67,-0.04,0.07,-0.03,4.09,6.71,5.19,-16.17,-0.92,0.03,0.24,3
241,3.127,4,0.826,-0.24,0.12,0.5,72.13,25.45,-17.57,-0.04,0.35,0.6,4.09,9.0,-3.51,3.51,-0.85,-0.4,1.19,3
242,3.13,6,-0.345,-0.04,0.22,-0.91,155.17,-12.83,-22.39,-0.23,0.33,0.03,4.09,13.28,78.89,8.85,0.2,-0.02,1.08,3
243,3.135,1,-0.7909999999999999,-0.3,-0.19,0.5,316.37,36.63,20.46,-0.26,0.04,0.02,4.09,0.76,22.43,18.01,-0.94,0.07,0.75,3
244,3.137,7,0.879,0.03,0.08,0.47,70.56,6.25,6.89,-0.0,0.06,0.01,0.0,6.26,-28.99,21.36,-0.16,0.09,0.99,3
245,3.142,2,-0.977,-0.07,0.05,-0.19,35.78,-7.02,7.31,-0.21,0.07,-0.13,4.09,40.13,-15.72,-34.94,-0.09,0.11,0.9,3
246,3.1460000000000004,3,0.6970000000000001,-0.01,-0.07,0.71,105.65,-4.55,-6.7,0.45,0.05,-0.21,4.09,90.64,45.78,-15.56,-0.01,-0.54,0.72,3
247,3.225,5,0.7190000000000001,0.01,0.16,0.68,102.0,12.56,13.97,0.1,0.05,0.18,4.09,14.95,-40.74,25.33,-0.31,0.17,1.14,3
248,3.2260000000000004,6,-0.34700000000000003,0.04,0.2,-0.92,153.19,-3.34,-23.05,-0.29,0.37,-0.06,4.09,-14.5,93.23,8.7,0.05,0.02,1.02,3
249,3.233,4,0.833,-0.22,0.11,0.5,72.26,23.66,-15.89,0.05,0.14,0.01,4.09,20.9,-31.59,7.63,-0.47,-0.25,0.85,3
250,3.234,0,-0.45399999999999996,-0.52,-0.37,0.62,271.63,79.9,5.95,-0.06,0.02,-0.08,4.09,7.48,17.24,-21.67,-0.9,-0.04,0.2,3
251,3.238,1,-0.805,-0.32,-0.2,0.46,323.83,37.73,25.64,-0.2,-0.61,-0.06,4.09,-5.04,35.25,25.48,-1.02,0.32,0.17,3
252,3.24,7,0.868,0.05,0.06,0.49,73.22,2.96,7.84,-0.06,-0.01,-0.02,0.0,9.46,-35.86,25.33,-0.07,0.18,0.96,3
253,3.2430000000000003,2,-0.98,-0.1,0.05,-0.16,32.11,-8.03,10.79,-0.26,-0.15,-0.24,4.09,49.44,-10.22,18.62,-0.08,0.43,0.71,3
254,3.247,3,0.715,0.01,-0.02,0.7,102.75,-2.1,-1.01,0.33,-0.11,-0.18,4.09,36.32,23.04,-61.65,0.1,-0.3,0.82,3
255,3.315,5,0.6579999999999999,0.04,0.2,0.73,111.72,11.84,20.07,0.31,0.98,0.37,4.09,52.64,89.72,46.39,-1.44,0.1,1.01,3
256,3.3169999999999997,0,-0.43799999999999994,-0.53,-0.38,0.62,264.55,81.64,-0.32,-0.02,0.07,-0.05,4.09,2.14,22.28,-9.46,-0.94,0.0,0.2,3
257,3.32,4,0.8290000000000001,-0.2,0.1,0.51,74.51,21.64,-14.97,0.02,0.12,0.02,4.09,-5.04,-25.48,12.82,-0.46,-0.3,0.86,3
258,3.322,6,-0.331,0.12,0.19,-0.92,152.99,5.79,-25.9,-0.32,0.14,-0.18,4.09,-40.28,82.4,67.9,0.06,-0.08,0.88,3
259,3.326,1,-0.805,-0.33,-0.21,0.45,325.02,39.18,25.68,-0.4,-0.29,-0.24,4.09,-6.41,0.61,-13.58,-0.85,0.01,0.33,3
260,3.3280000000000003,7,0.855,0.07,0.03,0.51,75.87,-0.81,8.73,-0.02,-0.01,0.0,0.0,7.78,-35.55,48.68,0.01,0.17,0.99,3
261,3.332,2,-0.976,-0.13,0.06,-0.16,31.5,-9.09,14.22,-0.05,0.14,0.02,4.09,4.88,-29.75,-8.24,0.05,0.22,0.97,3
262,3.3339999999999996,3,0.7509999999999999,0.04,-0.0,0.66,96.54,-3.5,3.34,1.16,0.25,0.02,4.09,29.45,-68.82,69.27,-0.08,-1.08,1.44,3
263,3.426,5,0.619,-0.03,0.27,0.74,118.48,21.85,23.08,0.19,0.69,-0.29,4.09,-68.97,138.09,-14.19,-0.89,0.22,0.41,3
264,3.429,0,-0.436,-0.54,-0.39,0.61,266.24,83.2,1.05,0.2,0.1,-0.0,4.09,-17.4,8.39,14.19,-0.97,0.25,0.13,3
265,3.4330000000000003,4,0.8340000000000001,-0.18,0.08,0.51,75.19,19.02,-13.19,-0.09,-0.04,-0.01,4.09,9.61,-28.69,4.27,-0.35,-0.14,0.92,3
266,3.435,6,-0.27699999999999997,0.2,0.2,-0.92,156.57,14.75,-29.33,-0.6,0.3,-0.42,4.09,-53.41,54.17,64.39,0.13,0.22,0.85,3
267,3.4389999999999996,1,-0.807,-0.32,-0.21,0.45,324.06,38.83,24.11,-0.46,0.01,-0.1,4.09,-21.97,-7.93,3.36,-0.79,-0.12,0.62,3
268,3.44,7,0.835,0.09,0.01,0.54,79.74,-5.06,9.36,-0.16,-0.02,-0.01,0.0,0.15,-42.11,29.3,0.04,0.31,0.97,3
269,3.444,2,-0.9740000000000001,-0.15,0.07,-0.16,30.72,-10.2,16.42,-0.13,-0.03,-0.01,4.09,18.77,-7.32,-10.99,0.09,0.3,0.92,3
270,3.446,3,0.7440000000000001,0.03,-0.03,0.67,97.78,-4.66,0.75,0.51,-0.16,-0.35,4.09,-23.8,-14.65,-23.8,0.25,-0.78,0.65,3
271,3.536,5,0.579,-0.15,0.27,0.75,123.87,32.58,16.23,-0.37,-0.58,-0.0,4.09,-101.93,81.79,41.81,0.03,0.51,1.14,3
272,3.537,0,-0.456,-0.54,-0.39,0.59,282.83,83.21,15.17,-0.04,0.05,-0.03,4.09,-48.52,-6.1,37.38,-0.95,-0.0,0.19,3
273,3.542,4,0.833,-0.16,0.07,0.52,76.57,16.53,-12.03,0.01,0.05,0.0,4.09,10.68,-24.41,5.95,-0.33,-0.2,0.93,3
274,3.545,6,-0.22899999999999998,0.24,0.21,-0.92,160.01,20.6,-32.45,-0.65,0.22,-0.92,4.09,-33.57,-1.07,54.93,0.39,0.4,0.37,3
275,3.551,1,-0.82,-0.3,-0.21,0.44,325.32,37.78,22.35,-0.31,-0.14,-0.08,4.09,-25.79,-9.92,9.0,-0.81,0.07,0.55,3
276,3.553,7,0.838,0.11,-0.02,0.53,78.35,-8.77,9.85,0.21,0.13,-0.18,0.0,-8.39,-33.72,29.45,0.16,-0.09,0.82,3
277,3.557,2,-0.971,-0.18,0.07,-0.14,28.87,-11.03,19.18,-0.21,0.01,0.02,4.09,24.11,-1.22,0.15,-0.0,0.38,0.96,3
278,3.5589999999999997,3,0.711,0.06,-0.05,0.7,102.88,-9.42,0.78,0.43,0.22,-0.06,4.09,-0.31,-46.08,59.36,-0.03,-0.33,0.98,3
279,3.6239999999999997,5,0.5379999999999999,-0.2,0.25,0.78,128.84,35.11,12.53,-0.67,-0.7,-0.31,4.09,-9.46,-26.86,29.3,0.54,0.39,0.9,3
280,3.6260000000000003,0,-0.505,-0.53,-0.4,0.55,309.41,81.13,35.63,0.08,0.05,0.22,4.09,-73.55,6.41,29.91,-1.27,0.3,0.08,3
281,3.633,4,0.831,-0.14,0.05,0.53,78.13,14.08,-10.85,0.04,0.01,0.02,4.09,4.27,-22.74,7.48,-0.26,-0.18,0.96,3
282,3.634,6,-0.205,0.22,0.24,-0.92,163.7,17.49,-33.89,-0.59,0.76,-0.4,4.09,4.88,-53.41,-12.97,0.36,0.33,0.81,3
283,3.64,1,-0.831,-0.28,-0.22,0.43,326.45,37.03,20.58,-0.44,0.05,-0.14,4.09,-31.59,-6.71,21.97,-0.72,-0.16,0.64,3
284,3.642,7,0.816,0.12,-0.06,0.56,82.06,-14.05,7.62,-0.2,0.15,0.14,0.0,-1.37,-39.06,-4.73,-0.05,0.16,1.23,3
285,3.647,2,-0.9670000000000001,-0.21,0.07,-0.13,27.04,-11.21,22.81,-0.06,0.03,-0.06,4.09,33.42,-19.07,-37.38,0.11,0.36,0.86,3
286,3.648,3,0.67,0.09,-0.08,0.73,109.18,-13.7,-0.23,0.54,-0.01,-0.13,4.09,-2.14,-50.66,79.19,0.16,-0.52,0.88,3
287,3.736,5,0.545,-0.15,0.19,0.8,127.78,26.45,8.65,1.23,0.0,0.42,4.09,-81.48,-47.61,37.08,-0.85,-0.29,1.26,3
288,3.737,0,-0.5379999999999999,-0.51,-0.42,0.52,322.24,79.96,42.99,-0.18,-0.28,-0.01,4.09,-50.81,-2.59,25.48,-1.02,-0.08,-0.09,3
289,3.7430000000000003,4,0.835,-0.13,0.05,0.53,78.07,12.6,-9.43,0.02,0.08,0.0,4.09,16.94,-14.8,-0.92,-0.27,-0.16,0.95,3
290,3.745,6,-0.215,0.17,0.26,-0.93,164.43,11.51,-33.9,-0.07,-0.2,0.59,4.09,-5.95,-37.38,-20.29,-0.17,-0.7,1.1,3
291,3.7510000000000003,1,-0.852,-0.26,-0.22,0.4,330.11,35.43,19.38,-0.37,-0.01,-0.11,4.09,-34.48,-9.16,41.66,-0.75,-0.06,0.61,3
292,3.753,7,0.8079999999999999,0.1,-0.07,0.57,84.3,-13.79,4.87,0.26,0.33,0.14,0.0,-38.76,52.64,49.13,0.07,-0.26,1.17,3
293,3.7569999999999997,2,-0.9640000000000001,-0.24,0.08,-0.09,22.28,-11.22,27.02,-0.24,0.05,-0.14,4.09,37.84,-3.36,-6.26,-0.06,0.46,0.8,3
294,3.759,3,0.639,0.11,-0.1,0.75,113.63,-16.96,-0.42,0.56,-0.15,-0.34,4.09,9.92,-22.13,28.53,0.26,-0.57,0.58,3
295,3.827,5,0.512,-0.14,0.17,0.83,132.59,23.67,9.06,-0.0,0.1,-0.05,4.09,27.92,-39.52,-17.7,-0.46,0.18,0.82,3
296,3.8289999999999997,0,-0.575,-0.49,-0.43,0.49,328.24,78.11,43.16,-0.09,-0.07,-0.02,4.09,-49.44,-7.02,13.43,-1.0,0.0,0.12,3
297,3.833,4,0.8370000000000001,-0.1,0.04,0.54,78.65,10.16,-7.7,-0.02,0.03,0.01,4.09,9.77,-37.84,7.63,-0.21,-0.15,0.98,3
298,3.8339999999999996,6,-0.19899999999999998,0.14,0.26,-0.93,167.13,9.4,-33.69,-0.57,0.52,-0.25,4.09,-3.2,-35.1,2.75,0.14,0.15,1.05,3
299,3.838,1,-0.87,-0.25,-0.21,0.36,334.94,33.96,20.15,-0.38,0.04,-0.04,4.09,-28.08,0.0,48.07,-0.76,-0.07,0.69,3
300,3.84,7,0.794,0.03,-0.05,0.6,88.7,-6.58,-0.79,-0.21,0.22,0.03,0.0,-51.57,99.18,36.01,-0.15,0.15,1.08,3
301,3.843,2,-0.9570000000000001,-0.27,0.07,-0.08,20.68,-10.47,30.87,-0.05,0.27,0.05,4.09,46.54,13.73,-21.51,0.07,0.24,1.07,3
302,3.845,3,0.61,0.14,-0.11,0.77,117.45,-20.65,-0.33,0.28,0.12,0.04,4.09,14.8,-25.48,25.79,0.23,-0.26,0.98,3
303,3.9389999999999996,5,0.51,-0.12,0.16,0.84,133.04,21.4,8.8,0.08,0.01,0.03,4.09,-14.5,-8.24,35.25,-0.43,0.1,0.94,3
304,3.94,0,-0.601,-0.47,-0.44,0.47,332.67,77.03,42.96,-0.12,0.06,-0.07,4.09,-47.76,-0.61,15.56,-0.92,0.01,0.2,3
305,3.944,4,0.84,-0.07,0.02,0.54,79.04,5.99,-5.38,-0.03,0.15,0.07,4.09,27.16,-61.19,3.05,-0.2,-0.13,1.07,3
306,3.946,6,-0.205,0.12,0.27,-0.93,167.38,6.26,-33.45,-0.41,0.37,-0.17,4.09,11.14,-19.07,17.7,0.11,-0.0,0.99,3
307,3.951,1,-0.888,-0.25,-0.22,0.32,341.42,33.62,21.28,-0.71,-0.22,0.19,4.09,-36.01,17.85,15.56,-1.38,0.5,0.78,3
308,3.952,7,0.7859999999999999,-0.05,0.01,0.62,90.04,4.36,-3.36,-0.26,-0.03,-0.02,0.0,9.0,128.63,10.22,-0.11,0.19,0.96,3
309,3.9560000000000004,2,-0.9440000000000001,-0.31,0.06,-0.09,21.27,-10.14,35.86,-0.03,0.08,0.14,4.09,93.38,-5.49,40.74,0.08,0.8,0.94,3
310,3.958,3,0.579,0.17,-0.13,0.79,121.37,-24.48,-0.16,0.39,0.24,-0.07,4.09,-1.22,-27.16,44.71,0.11,-0.22,1.02,3
311,4.032,5,0.501,-0.11,0.15,0.84,134.34,19.81,9.04,0.02,-0.04,0.01,4.09,0.31,-6.87,4.43,-0.31,0.1,0.97,3
312,4.034,0,-0.619,-0.45,-0.45,0.46,332.15,76.5,38.72,-0.04,0.1,0.01,4.09,-28.23,0.0,-2.29,-0.96,0.08,0.27,3
313,4.038,4,0.86,-0.04,0.0,0.51,75.26,2.2,-3.65,0.28,1.25,-0.02,4.09,-63.17,77.97,-135.5,-1.16,-0.89,0.77,3
314,4.039,6,-0.20199999999999999,0.09,0.26,-0.94,168.66,3.94,-31.56,-0.36,0.44,-0.22,4.09,16.63,-36.93,-12.66,0.08,0.03,0.96,3
315,4.043,1,-0.8809999999999999,-0.25,-0.25,0.32,341.36,36.89,20.15,-0.58,-0.39,-0.4,4.09,-2.14,7.93,9.61,-0.92,0.02,0.08,3
316,4.047,7,0.7879999999999999,-0.1,0.1,0.6,88.37,16.12,-1.64,0.0,-0.23,-0.25,0.0,29.14,90.33,-15.26,0.02,-0.0,0.8,3
317,4.051,2,-0.9159999999999999,-0.37,0.09,-0.12,23.05,-14.12,43.3,0.14,0.18,-0.17,4.09,-30.82,7.02,70.8,0.18,0.42,0.73,3
318,4.053,3,0.56,0.18,-0.14,0.8,124.24,-26.42,-1.5,0.41,0.08,-0.18,4.09,-20.9,-28.23,32.81,0.17,-0.34,0.92,3
319,4.128,5,0.499,-0.11,0.15,0.85,134.53,19.23,8.79,0.05,0.07,0.0,4.09,0.31,-32.5,-9.31,-0.4,0.09,0.92,3
320,4.13,0,-0.623,-0.43,-0.46,0.46,325.37,76.81,30.13,-0.06,0.16,-0.03,4.09,-19.84,-2.59,-13.58,-0.9,0.02,0.33,3
321,4.135,4,0.871,-0.16,0.09,0.46,67.41,17.36,-12.08,0.86,1.23,-0.31,4.09,-179.44,143.43,128.02,-0.72,-1.34,0.29,3
322,4.137,6,-0.195,0.05,0.24,-0.95,170.86,-0.26,-28.55,-0.28,0.4,-0.23,4.09,23.96,-55.39,13.89,0.11,0.06,0.89,3
323,4.141,1,-0.889,-0.25,-0.24,0.3,343.58,35.34,20.98,-0.24,-0.2,-0.07,4.09,-11.6,-0.15,23.65,-0.79,0.28,0.53,3
324,4.1419999999999995,7,0.7829999999999999,-0.11,0.16,0.59,88.27,22.14,0.83,0.23,-0.43,-0.35,0.0,12.36,6.71,23.65,0.22,-0.06,0.8,3
325,4.147,2,-0.9440000000000001,-0.29,0.07,-0.14,27.41,-12.2,32.84,0.01,0.52,-0.06,4.09,-144.5,134.89,141.14,0.1,0.09,1.07,3
326,4.149,3,0.544,0.18,-0.17,0.8,126.87,-28.62,-4.76,0.38,0.02,-0.15,4.09,-32.35,-31.59,40.89,0.27,-0.4,0.8,3
327,4.225,5,0.501,-0.09,0.15,0.85,134.4,17.81,9.43,0.03,0.08,-0.01,4.09,9.0,-0.92,8.54,-0.39,0.14,0.91,3
328,4.226,0,-0.629,-0.42,-0.47,0.46,321.69,76.52,25.02,0.13,0.0,0.05,4.09,-16.94,-16.48,-23.5,-1.01,0.2,0.25,3
329,4.231,4,0.772,-0.32,0.11,0.54,76.26,30.63,-26.6,0.39,-0.59,0.02,4.09,-149.99,25.79,195.31,0.07,-0.54,1.13,3
330,4.2330000000000005,6,-0.17,-0.01,0.23,-0.96,175.29,-5.74,-26.19,-0.39,0.3,-0.12,4.09,27.16,-56.3,31.43,0.35,0.01,0.97,3
331,4.237,1,-0.89,-0.25,-0.24,0.3,344.24,34.9,22.07,-0.32,-0.1,-0.18,4.09,1.37,-7.17,-7.48,-0.74,0.1,0.52,3
332,4.239,7,0.765,-0.09,0.14,0.62,92.74,18.81,2.32,0.01,0.47,1.25,0.0,-7.48,-17.55,43.03,-1.21,-0.01,2.05,3
333,4.242,5,0.494,-0.09,0.15,0.85,135.4,17.13,10.39,0.03,-0.01,0.02,4.09,3.51,0.92,10.38,-0.3,0.14,0.95,3
334,4.244,3,0.525,0.18,-0.21,0.8,130.47,-31.11,-9.87,0.39,0.01,0.08,4.09,-51.57,-26.4,11.29,0.4,-0.55,0.92,3
335,4.336,2,-0.932,-0.15,0.0,-0.33,51.82,-6.19,16.62,-0.19,-0.49,0.3,4.09,-110.63,146.64,141.45,0.27,0.84,1.04,3
336,4.338,0,-0.626,-0.4,-0.47,0.47,310.73,76.36,13.56,-0.02,-0.11,0.09,4.09,-8.09,4.12,-25.33,-1.1,0.08,0.14,3
337,4.342,4,0.631,-0.35,0.11,0.68,101.05,37.83,-21.99,-0.21,-0.76,0.13,4.09,-7.17,-56.61,229.95,-0.05,-0.2,1.34,3
338,4.343,6,-0.14,-0.05,0.22,-0.96,179.55,-9.11,-24.87,-0.31,0.74,-0.17,4.09,11.75,-22.58,18.01,0.25,0.36,0.98,3
339,4.3469999999999995,1,-0.887,-0.25,-0.24,0.31,342.78,34.89,21.7,-0.23,-0.08,-0.12,4.09,-4.58,-7.63,-26.25,-0.7,0.15,0.57,3
340,4.349,7,0.7490000000000001,-0.06,0.13,0.65,96.36,15.4,4.8,-0.39,-0.21,0.09,0.0,7.17,-46.54,32.96,-0.16,0.49,1.07,3
341,4.353,2,-0.9129999999999999,-0.06,-0.03,-0.4,61.72,0.05,7.17,-0.08,-0.31,-0.26,4.09,-68.21,19.84,45.32,0.16,0.4,0.73,3
342,4.354,3,0.5,0.19,-0.27,0.8,135.67,-34.68,-17.62,0.68,0.12,0.37,4.09,-71.26,-21.82,72.17,0.33,-0.83,1.15,3
343,4.44,5,0.493,-0.08,0.16,0.85,135.58,16.62,11.35,0.02,-0.0,0.02,4.09,8.85,-17.4,0.0,-0.3,0.17,0.96,3
344,4.442,0,-0.614,-0.4,-0.48,0.48,304.08,77.26,7.77,-0.02,-0.15,0.03,4.09,15.41,6.1,-21.06,-1.03,0.03,0.07,3
345,4.446000000000001,4,0.603,-0.32,0.11,0.72,109.01,36.88,-15.94,-0.27,-0.81,-0.42,4.09,16.63,-27.62,-92.01,0.33,-0.07,0.98,3
346,4.448,6,-0.136,-0.03,0.22,-0.97,179.59,-7.13,-24.91,-0.3,0.83,-0.27,4.09,21.21,66.07,-3.05,0.18,0.48,0.99,3
347,4.452,1,-0.882,-0.24,-0.23,0.33,338.43,34.32,19.13,-0.39,0.18,-0.1,4.09,-17.09,-18.01,-20.9,-0.69,-0.15,0.74,3
348,4.454,7,0.7390000000000001,-0.03,0.11,0.66,98.5,11.39,5.99,0.04,0.03,-0.05,0.0,10.22,-36.32,19.68,-0.22,0.06,0.91,3
349,4.458,2,-0.907,-0.02,-0.01,-0.42,63.83,0.08,2.47,-0.07,-0.02,-0.06,4.09,-24.87,-34.33,14.65,-0.03,0.09,0.96,3
350,4.46,3,0.474,0.15,-0.28,0.82,140.08,-31.0,-21.39,0.01,0.49,-0.27,4.09,59.66,74.16,-5.49,0.05,-0.12,0.83,3
351,4.5569999999999995,5,0.49700000000000005,-0.06,0.16,0.85,135.08,14.98,12.53,0.03,0.02,0.01,4.09,11.29,-30.82,-3.81,-0.28,0.18,0.95,3
352,4.558,0,-0.598,-0.4,-0.48,0.5,294.76,77.88,0.17,-0.05,-0.04,0.0,4.09,14.04,-3.05,-15.72,-0.99,-0.04,0.17,3
353,4.562,4,0.6809999999999999,-0.28,0.07,0.68,98.97,27.95,-18.44,-0.74,0.39,0.27,4.09,46.84,-35.4,-25.33,-1.06,0.4,1.09,3
354,4.564,7,0.727,-0.0,0.09,0.68,100.68,8.1,7.27,-0.09,-0.03,0.03,0.0,10.22,-32.04,8.54,-0.09,0.19,1.01,3
355,4.569,1,-0.884,-0.23,-0.23,0.33,338.27,34.18,18.07,-0.31,0.1,0.05,4.09,-4.88,19.99,16.48,-0.75,-0.01,0.79,3
356,4.57,6,-0.17,0.02,0.2,-0.96,174.3,-1.13,-23.1,-0.37,0.43,-0.03,4.09,14.65,84.23,-22.74,0.23,0.1,1.08,3
357,4.574,2,-0.907,-0.04,0.02,-0.42,63.4,-3.6,3.57,-0.48,0.43,0.57,4.09,38.45,-0.46,-48.98,-0.54,0.16,1.69,3
358,4.5760000000000005,3,0.502,0.15,-0.17,0.84,133.87,-24.67,-8.05,0.52,0.03,-0.03,4.09,132.6,89.11,-40.13,0.14,-0.55,0.93,3
359,4.647,5,0.499,-0.04,0.15,0.85,134.81,12.28,13.23,0.01,0.01,-0.01,4.09,8.7,-22.74,7.02,-0.28,0.22,0.95,3
360,4.649,0,-0.588,-0.4,-0.48,0.51,288.18,77.89,-5.08,-0.11,0.08,-0.09,4.09,16.63,4.27,-6.26,-0.89,-0.14,0.26,3
361,4.6530000000000005,4,0.688,-0.25,0.07,0.68,99.12,25.78,-16.83,0.12,0.07,-0.06,4.09,-5.8,-44.56,22.13,-0.44,-0.39,0.77,3
362,4.654,6,-0.187,0.1,0.19,-0.96,170.55,6.87,-24.03,-0.28,0.19,-0.07,4.09,-11.44,91.4,37.08,0.08,-0.07,0.95,3
363,4.658,1,-0.888,-0.25,-0.25,0.29,344.79,36.05,22.11,-0.26,-0.19,-0.02,4.09,3.51,38.15,51.12,-0.9,0.37,0.46,3
364,4.66,7,0.7140000000000001,0.02,0.08,0.69,102.79,4.92,8.61,-0.03,-0.03,-0.02,0.0,14.95,-33.42,32.96,-0.07,0.2,0.96,3
365,4.664,2,-0.907,-0.08,-0.01,-0.41,62.82,-3.03,9.06,-0.42,-0.64,-0.15,4.09,28.23,-30.67,-36.93,0.24,0.86,0.72,3
366,4.666,3,0.52,0.16,-0.05,0.84,129.61,-18.4,4.9,0.58,-0.05,-0.25,4.09,56.0,45.78,-29.91,0.11,-0.44,0.81,3
367,4.74,5,0.465,-0.0,0.16,0.87,139.1,8.84,15.71,0.54,0.47,0.75,4.09,43.79,49.9,136.57,-1.01,0.22,1.62,3
368,4.742,0,-0.58,-0.41,-0.48,0.52,287.0,78.24,-4.7,0.02,0.06,-0.02,4.09,11.14,4.88,2.29,-0.94,-0.0,0.26,3
369,4.746,4,0.6859999999999999,-0.23,0.06,0.69,100.79,23.74,-15.28,-0.03,0.06,0.01,4.09,6.41,-3.36,-13.43,-0.45,-0.21,0.88,3
370,4.748,6,-0.155,0.19,0.19,-0.95,171.32,17.72,-26.32,-0.41,0.21,-0.22,4.09,-28.99,75.68,67.6,0.03,-0.06,0.93,3
371,4.752,1,-0.888,-0.26,-0.26,0.27,348.09,37.19,24.22,-0.49,-0.05,-0.04,4.09,-19.07,12.36,1.53,-0.94,0.05,0.47,3
372,4.753,7,0.695,0.06,0.07,0.71,105.65,1.15,10.42,-0.02,-0.01,-0.05,0.0,10.22,-36.16,27.01,0.01,0.2,0.95,3
373,4.757,2,-0.9159999999999999,-0.12,-0.0,-0.38,58.85,-4.9,12.78,-0.45,-0.27,0.1,4.09,28.23,-28.99,-2.75,0.0,0.76,0.97,3
374,4.7589999999999995,3,0.5479999999999999,0.15,0.0,0.82,125.44,-14.08,10.06,0.39,-0.1,-0.4,4.09,15.87,7.78,-84.08,0.11,-0.3,0.64,3
375,4.846,5,0.366,-0.05,0.23,0.9,152.87,15.21,23.1,0.24,0.5,-0.8,4.09,16.78,142.82,11.29,-0.73,0.26,-0.09,3
376,4.848,0,-0.578,-0.41,-0.48,0.51,286.92,78.7,-4.65,-0.05,0.05,-0.11,4.09,-16.33,9.31,-2.75,-0.87,-0.1,0.23,3
377,4.853,4,0.687,-0.22,0.05,0.69,101.21,22.26,-15.0,-0.0,0.02,0.0,4.09,7.48,-20.75,-5.8,-0.4,-0.27,0.87,3
378,4.855,6,-0.094,0.25,0.19,-0.94,176.49,25.67,-26.94,-0.59,0.45,-0.4,4.09,-25.18,54.17,88.2,0.13,0.22,0.92,3
379,4.859,1,-0.889,-0.26,-0.26,0.27,347.81,37.61,23.09,-0.49,-0.04,-0.23,4.09,-13.73,-5.65,-10.38,-0.84,-0.04,0.4,3
380,4.861000000000001,7,0.675,0.09,0.06,0.73,108.23,-3.18,11.6,-0.13,0.02,-0.03,0.0,12.66,-47.91,28.69,0.05,0.33,0.93,3
381,4.867,2,-0.92,-0.14,0.0,-0.37,56.85,-6.04,14.67,-0.06,0.07,0.03,4.09,12.36,-9.92,-10.38,0.02,0.23,0.99,3
382,4.869,3,0.544,0.19,0.0,0.82,124.85,-17.88,12.43,0.96,0.06,0.25,4.09,-11.6,-23.35,9.31,0.01,-0.6,1.45,3
383,4.937,5,0.358,-0.17,0.25,0.88,155.41,28.77,21.18,0.1,0.06,-0.25,4.09,-73.85,126.8,16.94,-0.26,0.08,0.7,3
384,4.939,0,-0.5870000000000001,-0.41,-0.49,0.5,290.35,78.93,-3.35,0.09,-0.04,-0.01,4.09,-32.2,-4.12,28.99,-0.94,0.03,0.16,3
385,4.945,4,0.687,-0.2,0.04,0.7,102.41,19.67,-13.75,0.07,0.04,0.02,4.09,10.07,-37.84,12.21,-0.34,-0.26,0.91,3
386,4.947,7,0.665,0.13,0.03,0.73,108.83,-8.54,12.95,0.01,-0.05,-0.05,0.0,8.85,-54.47,25.33,0.18,0.19,0.9,3
387,4.952,1,-0.892,-0.24,-0.26,0.27,347.21,36.99,21.57,-0.45,0.02,-0.15,4.09,-21.67,-12.36,8.24,-0.81,-0.06,0.5,3
388,4.954,3,0.5379999999999999,0.2,-0.02,0.82,125.5,-20.15,11.28,0.62,-0.21,-0.35,4.09,10.68,-60.58,56.61,0.17,-0.51,0.77,3
389,5.038,2,-0.92,-0.15,0.01,-0.36,55.7,-6.94,16.32,-0.15,-0.05,-0.08,4.09,22.28,-13.12,-5.95,0.05,0.33,0.85,3
390,5.041,0,-0.627,-0.39,-0.49,0.46,310.06,77.9,10.23,-0.12,0.07,0.01,4.09,-71.56,-0.76,23.19,-1.05,0.01,0.23,3
391,5.045,5,0.307,-0.26,0.21,0.89,161.17,36.17,15.56,-0.73,-0.33,0.16,4.09,-70.04,21.51,31.13,0.02,0.51,1.32,3
392,5.048,6,-0.01,0.26,0.2,-0.94,185.97,29.04,-26.07,-0.8,1.64,-0.04,4.09,-12.66,-42.72,-6.71,0.21,0.88,1.48,3
393,5.052,4,0.684,-0.18,0.03,0.71,104.17,16.77,-11.94,-0.02,0.04,-0.01,4.09,5.8,-20.45,3.05,-0.32,-0.17,0.94,3
394,5.053999999999999,7,0.643,0.17,-0.0,0.75,111.1,-14.56,12.54,-0.09,0.17,0.22,0.0,-8.7,-45.17,30.52,0.15,0.35,1.19,3
395,5.059,1,-0.905,-0.23,-0.25,0.26,348.96,35.01,20.22,-0.4,0.11,-0.13,4.09,-32.81,-14.5,29.3,-0.76,-0.06,0.61,3
396,5.062,3,0.488,0.24,-0.05,0.84,131.58,-26.75,8.92,0.63,-0.24,-0.24,4.09,-17.85,-31.59,65.61,0.32,-0.54,0.8,3
397,5.15,2,-0.922,-0.17,0.0,-0.35,54.08,-7.03,18.84,-0.04,0.04,-0.02,4.09,25.63,-7.48,-23.8,0.08,0.33,0.94,3
398,5.151,0,-0.654,-0.37,-0.51,0.42,323.29,77.65,17.76,-0.24,-0.21,-0.02,4.09,-57.53,3.36,30.82,-1.02,-0.09,-0.07,3
399,5.155,5,0.309,-0.24,0.17,0.9,159.51,33.14,10.72,-1.2,-0.82,-0.64,4.09,-17.4,-113.37,-37.84,0.96,0.13,1.15,3
400,5.157,6,-0.035,0.21,0.21,-0.95,184.1,23.07,-27.32,-0.29,-0.3,0.18,4.09,3.81,-65.46,-55.85,-0.21,-0.86,1.02,3
401,5.1610000000000005,4,0.685,-0.16,0.02,0.71,104.81,14.66,-10.74,0.01,0.04,0.0,4.09,12.05,-30.36,7.48,-0.29,-0.19,0.94,3
402,5.162999999999999,7,0.633,0.16,-0.02,0.76,112.87,-15.32,10.08,0.42,0.14,0.14,0.0,-46.39,50.66,44.4,0.1,-0.23,1.19,3
403,5.167999999999999,1,-0.92,-0.21,-0.25,0.22,352.32,32.94,18.81,-0.33,0.09,-0.05,4.09,-42.11,-11.75,36.47,-0.75,0.02,0.66,3
404,5.17,3,0.444,0.26,-0.09,0.85,137.62,-30.82,5.34,0.67,-0.09,-0.15,4.09,6.71,-29.45,48.07,0.2,-0.47,0.9,3
405,5.242000000000001,2,-0.925,-0.2,-0.01,-0.33,51.76,-6.24,21.7,-0.02,0.04,0.05,4.09,31.28,-4.88,-23.04,0.06,0.32,0.95,3
406,5.242999999999999,0,-0.68,-0.36,-0.52,0.37,338.89,77.06,27.27,-0.03,-0.08,-0.0,4.09,-50.35,3.51,25.02,-0.98,0.1,0.12,3
407,5.247999999999999,5,0.311,-0.19,0.12,0.92,158.15,25.36,6.06,0.32,-0.14,0.35,4.09,-22.43,-34.18,23.65,-0.78,-0.32,1.27,3
408,5.25,6,-0.03,0.18,0.22,-0.96,185.65,19.45,-27.4,-0.56,0.81,-0.44,4.09,-7.32,-39.83,-2.29,0.24,0.36,1.05,3
409,5.254,4,0.685,-0.12,0.02,0.72,106.02,11.23,-8.32,0.04,0.03,0.0,4.09,19.99,-38.6,9.92,-0.22,-0.17,0.96,3
410,5.256,7,0.601,0.08,-0.02,0.8,119.64,-8.94,3.58,-0.02,0.06,0.09,0.0,-49.74,102.84,45.62,0.07,0.16,1.06,3
411,5.2589999999999995,2,-0.922,-0.22,-0.02,-0.32,50.52,-5.58,25.34,0.07,0.04,0.06,4.09,34.03,7.48,5.65,0.15,0.39,1.0,3
412,5.261,3,0.406,0.28,-0.1,0.87,142.74,-34.08,3.28,0.53,0.07,-0.03,4.09,18.16,-34.03,38.15,0.2,-0.3,0.99,3
413,5.354,1,-0.9309999999999999,-0.19,-0.24,0.19,355.64,31.92,17.44,-0.43,0.15,-0.12,4.09,-35.55,-0.15,32.96,-0.76,-0.1,0.61,3
414,5.355,0,-0.7,-0.34,-0.53,0.33,349.15,76.33,32.53,-0.02,-0.03,-0.08,4.09,-45.78,2.29,20.9,-0.89,0.1,0.15,3
415,5.359,5,0.29100000000000004,-0.17,0.12,0.93,161.0,22.38,7.52,-0.0,0.03,0.06,4.09,-1.22,-33.11,14.04,-0.35,0.18,0.96,3
416,5.361000000000001,6,-0.033,0.15,0.23,-0.96,186.14,15.95,-27.95,-0.31,0.31,-0.13,4.09,2.29,-20.29,4.88,0.02,-0.11,0.96,3
417,5.365,4,0.682,-0.07,0.01,0.73,107.42,6.8,-4.68,0.09,0.05,0.11,4.09,57.68,-56.15,8.24,-0.17,-0.16,1.13,3
418,5.367000000000001,7,0.584,-0.03,0.01,0.81,122.51,2.8,-1.02,-0.19,0.1,0.02,0.0,-14.8,118.71,1.68,-0.09,0.19,1.01,3
419,5.371,1,-0.9390000000000001,-0.17,-0.25,0.16,359.22,31.93,16.33,-0.79,0.35,-0.22,4.09,-30.06,6.26,29.75,-1.16,-0.26,0.51,3
420,5.372000000000001,3,0.36700000000000005,0.3,-0.11,0.87,147.87,-37.59,1.8,0.53,0.15,-0.09,4.09,2.59,-28.08,41.2,0.19,-0.23,1.03,3
421,5.452999999999999,5,0.27399999999999997,-0.15,0.11,0.94,163.0,20.07,7.53,0.04,-0.03,0.02,4.09,6.87,-11.44,7.32,-0.36,0.07,0.96,3
422,5.454,0,-0.7140000000000001,-0.33,-0.54,0.31,353.83,75.58,33.45,-0.01,0.11,0.02,4.09,-23.19,3.05,4.43,-0.96,0.05,0.28,3
423,5.457999999999999,2,-0.917,-0.26,-0.03,-0.3,48.97,-5.97,29.82,-0.33,0.13,0.08,4.09,83.47,-30.36,-42.42,-0.24,0.64,0.91,3
424,5.46,6,-0.027000000000000003,0.13,0.23,-0.97,187.47,13.74,-27.16,-0.42,0.46,-0.25,4.09,13.43,-35.1,-7.63,0.18,0.08,0.96,3
425,5.465,4,0.708,-0.03,0.01,0.71,103.87,3.0,-1.33,1.19,1.41,0.28,4.09,-73.7,89.11,-156.86,-1.52,-0.89,1.27,3
426,5.468,7,0.5820000000000001,-0.1,0.08,0.8,122.26,15.24,0.76,-0.2,-0.04,-0.16,0.0,34.79,114.14,-14.95,-0.12,0.19,0.83,3
427,5.472,1,-0.932,-0.16,-0.28,0.17,358.12,35.0,14.56,-0.82,0.11,-0.36,4.09,0.0,33.11,1.68,-0.94,-0.19,0.12,3
428,5.474,3,0.342,0.32,-0.12,0.88,151.45,-39.67,-0.13,0.55,0.07,-0.17,4.09,-22.89,-19.23,29.6,0.19,-0.31,0.94,3
429,5.557,5,0.27699999999999997,-0.14,0.11,0.94,162.76,19.18,8.45,0.05,0.02,0.0,4.09,-0.31,-10.83,3.2,-0.38,0.13,0.92,3
430,5.558,0,-0.718,-0.31,-0.54,0.3,352.93,75.8,30.62,0.0,0.08,-0.03,4.09,-17.09,0.0,-8.7,-0.91,0.05,0.27,3
431,5.562,2,-0.892,-0.32,-0.02,-0.31,49.67,-9.4,37.0,-0.0,-0.08,-0.07,4.09,-4.73,-13.12,62.56,0.12,0.53,0.73,3
432,5.564,7,0.594,-0.15,0.15,0.78,119.77,24.33,2.91,-0.04,-0.43,-0.25,0.0,28.38,57.37,-17.09,0.09,-0.05,0.85,3
433,5.568,4,0.7509999999999999,-0.17,0.06,0.64,93.01,17.37,-10.83,1.19,0.63,-0.44,4.09,-176.54,91.25,165.1,-0.71,-1.15,0.28,3
434,5.57,3,0.32299999999999995,0.32,-0.15,0.88,155.31,-41.15,-4.36,0.51,0.13,-0.14,4.09,-34.48,-18.92,36.93,0.24,-0.27,0.96,3
435,5.638,1,-0.9329999999999999,-0.17,-0.28,0.15,1.48,35.29,16.33,-0.51,-0.01,-0.19,4.09,-16.33,-6.41,39.22,-0.87,0.09,0.39,3
436,5.64,0,-0.72,-0.3,-0.55,0.3,347.51,76.02,24.25,0.15,-0.19,0.1,4.09,-14.5,-13.43,-13.73,-1.05,0.35,0.16,3
437,5.643,2,-0.8959999999999999,-0.27,-0.03,-0.35,55.07,-8.06,30.06,0.25,0.36,-0.07,4.09,-115.66,124.66,177.0,0.14,0.15,1.05,3
438,5.645,7,0.593,-0.16,0.17,0.77,120.1,26.59,4.84,-0.02,-0.58,-0.54,0.0,15.41,-39.52,19.53,0.26,-0.09,0.38,3
439,5.65,5,0.275,-0.13,0.12,0.95,163.07,18.08,8.92,0.04,0.09,0.01,4.09,1.37,-2.29,13.89,-0.36,0.2,0.89,3
440,5.653,3,0.3,0.32,-0.19,0.88,160.49,-42.97,-10.51,0.47,0.04,-0.37,4.09,-64.39,-15.56,41.35,0.08,-0.42,0.76,3
441,5.763,4,0.61,-0.32,0.03,0.72,107.53,29.96,-23.47,0.11,-0.21,0.17,4.09,-130.46,38.45,178.53,-0.31,-0.5,1.06,3
442,5.765,0,-0.721,-0.28,-0.55,0.33,332.78,75.22,9.7,-0.32,-0.01,0.11,4.09,10.38,-14.04,-25.79,-1.12,-0.2,0.07,3
443,5.771,1,-0.9359999999999999,-0.18,-0.28,0.13,4.2,34.15,18.74,-0.4,-0.05,-0.18,4.09,7.78,2.59,6.56,-0.78,0.12,0.41,3
444,5.773,7,0.5820000000000001,-0.12,0.16,0.79,122.4,22.58,6.83,-0.07,-0.06,-0.16,0.0,-1.53,-39.98,73.55,-0.32,0.23,0.85,3
445,5.779,2,-0.821,-0.12,-0.07,-0.55,82.0,-0.52,15.95,-0.26,-0.49,0.27,4.09,-102.54,156.56,133.21,0.37,0.81,0.96,3
446,5.781000000000001,3,0.285,0.34,-0.23,0.87,164.9,-45.47,-17.16,0.8,-0.3,-0.22,4.09,-50.66,-43.64,39.98,0.19,-0.94,0.79,3
447,5.874,5,0.268,-0.12,0.11,0.95,163.94,17.31,9.13,0.03,0.08,-0.01,4.09,2.59,-2.75,10.83,-0.35,0.21,0.92,3
448,5.876,0,-0.7120000000000001,-0.27,-0.55,0.35,324.18,75.41,2.43,-0.25,-0.1,0.16,4.09,19.68,5.19,-19.38,-1.18,-0.13,0.07,3
449,5.88,4,0.455,-0.34,0.04,0.82,130.13,36.78,-17.63,-0.49,-0.75,0.1,4.09,-9.0,-19.68,174.56,0.06,-0.32,1.37,3
450,5.882000000000001,7,0.561,-0.09,0.15,0.81,125.9,18.24,8.22,-0.01,-0.12,-0.03,0.0,9.61,-45.47,9.31,-0.11,0.06,0.98,3
451,5.886,1,-0.935,-0.19,-0.27,0.13,4.2,33.9,19.54,-0.28,0.01,-0.07,4.09,-8.7,-3.81,-9.61,-0.74,0.16,0.58,3
452,5.8870000000000005,3,0.278,0.35,-0.28,0.85,169.34,-48.86,-25.05,0.46,0.14,-0.31,4.09,-34.33,3.66,39.83,0.21,-0.38,0.71,3
453,5.891,2,-0.7879999999999999,-0.02,-0.08,-0.61,89.93,5.91,7.75,-0.31,-0.27,-0.18,4.09,-61.49,30.82,36.16,0.08,0.47,0.78,3
454,5.895,6,0.001,-0.03,0.18,-0.98,194.81,-3.47,-20.22,-0.1,0.96,-0.16,4.09,12.36,36.93,-0.46,0.18,0.66,1.05,3
455,5.92,5,0.264,-0.12,0.12,0.95,164.35,16.48,9.6,0.04,-0.05,0.01,4.09,6.41,-11.14,4.27,-0.31,0.14,0.95,3
456,5.921,0,-0.6990000000000001,-0.27,-0.55,0.36,316.41,76.08,-3.73,0.0,-0.24,-0.1,4.09,23.04,-5.49,-21.97,-0.94,0.13,0.04,3
457,5.957000000000001,4,0.447,-0.33,0.05,0.83,132.32,36.37,-15.55,-0.7,-0.67,-0.34,4.09,21.36,-19.23,-124.21,0.35,-0.02,1.11,3
458,5.957999999999999,7,0.5479999999999999,-0.06,0.13,0.82,127.85,13.96,9.21,-0.09,-0.1,-0.01,0.0,0.76,-28.53,23.65,-0.12,0.2,0.97,3
459,5.962000000000001,1,-0.934,-0.19,-0.26,0.15,1.68,33.29,19.07,-0.34,0.15,-0.14,4.09,1.22,-23.5,-28.08,-0.73,-0.05,0.62,3
460,5.9639999999999995,3,0.276,0.35,-0.23,0.87,166.25,-46.63,-17.2,0.51,0.02,-0.27,4.09,86.82,71.56,-49.44,0.23,-0.48,0.74,3
461,6.0489999999999995,2,-0.7759999999999999,0.01,-0.06,-0.63,92.15,5.57,3.46,-0.08,0.03,-0.15,4.09,-25.79,-44.4,-9.16,-0.17,0.11,0.87,3
462,6.0520000000000005,0,-0.687,-0.28,-0.55,0.38,307.73,76.08,-10.49,-0.03,-0.06,-0.04,4.09,16.48,3.97,-20.6,-0.96,-0.03,0.16,3
463,6.057,5,0.267,-0.1,0.12,0.95,164.05,15.28,10.44,0.02,0.01,0.01,4.09,9.16,-15.26,-0.31,-0.29,0.19,0.95,3
464,6.059,6,-0.055999999999999994,0.08,0.16,-0.98,186.08,8.53,-18.62,-0.3,0.25,-0.04,4.09,-5.34,91.4,9.31,0.11,-0.05,1.05,3
465,6.065,4,0.494,-0.27,0.04,0.82,128.53,29.12,-13.86,-0.01,0.14,0.35,4.09,30.06,-49.59,-44.71,-0.68,-0.14,0.92,3
466,6.067,7,0.5329999999999999,-0.04,0.12,0.84,129.96,11.22,9.66,-0.01,-0.12,0.0,0.0,1.22,-23.8,18.92,-0.08,0.12,0.99,3
467,6.0729999999999995,1,-0.9329999999999999,-0.18,-0.26,0.17,358.44,32.97,17.42,-0.35,0.15,-0.01,4.09,-6.87,0.92,-9.46,-0.79,-0.01,0.73,3
468,6.074,3,0.299,0.32,-0.11,0.89,157.03,-39.74,-0.28,0.76,-0.37,-0.13,4.09,107.42,86.52,-54.93,0.25,-0.77,0.9,3
469,6.16,2,-0.772,-0.01,-0.04,-0.63,92.9,3.02,4.42,-0.17,0.1,0.54,4.09,27.01,-8.24,-14.8,-0.18,0.4,1.69,3
470,6.1610000000000005,0,-0.6759999999999999,-0.28,-0.56,0.4,300.66,76.28,-16.2,-0.0,0.12,-0.0,4.09,12.21,13.73,-1.37,-0.95,-0.11,0.3,3
471,6.165,5,0.271,-0.09,0.12,0.95,163.51,13.42,10.93,0.04,0.07,0.01,4.09,1.22,-24.41,-0.61,-0.3,0.21,0.96,3
472,6.167000000000001,6,-0.044000000000000004,0.17,0.17,-0.97,185.29,18.77,-21.32,-0.47,0.22,-0.09,4.09,-32.96,105.44,54.78,0.1,-0.09,1.03,3
473,6.171,4,0.513,-0.25,0.03,0.82,126.75,26.63,-13.39,0.17,0.14,-0.18,4.09,-3.97,-36.62,-14.8,-0.52,-0.53,0.66,3
474,6.172999999999999,7,0.515,-0.02,0.11,0.85,132.32,8.35,10.02,0.02,-0.09,-0.0,0.0,-0.31,-25.48,32.35,-0.09,0.13,0.99,3
475,6.176,1,-0.927,-0.2,-0.27,0.16,0.3,34.79,19.9,-0.81,0.53,0.29,4.09,15.87,59.51,53.41,-1.02,-0.79,1.04,3
476,6.178,3,0.315,0.3,-0.03,0.9,152.65,-33.46,9.43,0.6,-0.22,-0.3,4.09,9.31,29.14,-36.16,0.17,-0.5,0.8,3
477,6.255,2,-0.782,-0.04,-0.06,-0.62,90.96,2.89,8.23,-0.36,-0.28,-0.22,4.09,35.55,-27.31,0.0,0.16,0.64,0.65,3
478,6.256,0,-0.67,-0.29,-0.56,0.4,299.99,77.31,-16.02,0.01,0.05,-0.06,4.09,-3.36,10.68,15.26,-0.9,-0.07,0.27,3
479,6.26,5,0.272,-0.06,0.11,0.95,163.19,10.08,10.77,0.06,0.1,0.08,4.09,-16.17,-53.71,23.04,-0.26,0.22,1.1,3
480,6.261,6,0.003,0.26,0.19,-0.95,188.07,29.16,-24.25,-0.61,0.35,-0.37,4.09,-46.84,69.73,84.99,0.19,0.07,0.92,3
481,6.265,4,0.511,-0.23,0.02,0.83,128.2,23.31,-12.27,-0.06,-0.0,0.04,4.09,9.0,-9.77,-20.6,-0.39,-0.2,0.91,3
482,6.267,7,0.48700000000000004,0.01,0.1,0.87,135.92,4.69,9.93,-0.04,-0.07,-0.02,0.0,-2.59,-39.83,50.81,0.01,0.18,0.97,3
483,6.271,2,-0.809,-0.07,-0.06,-0.58,85.41,0.46,10.6,0.1,0.11,0.13,4.09,28.23,-11.9,-29.91,-0.09,0.02,1.12,3
484,6.273,3,0.32,0.3,-0.03,0.9,151.85,-33.7,9.72,0.33,0.05,-0.38,4.09,-4.58,-18.46,-21.51,0.12,-0.12,0.7,3
485,6.3629999999999995,1,-0.9209999999999999,-0.22,-0.29,0.12,6.87,36.74,24.54,-0.59,-0.15,-0.09,4.09,-7.78,15.87,11.29,-1.03,0.23,0.32,3
486,6.369,0,-0.672,-0.29,-0.57,0.38,304.76,78.7,-12.76,0.06,-0.04,-0.07,4.09,-19.38,6.1,12.66,-0.96,0.05,0.19,3
487,6.374,5,0.185,-0.06,0.13,0.97,173.67,9.26,13.94,0.8,0.6,0.4,4.09,49.13,94.76,126.65,-1.63,0.29,0.98,3
488,6.376,7,0.466,0.04,0.08,0.88,138.3,-0.19,10.02,-0.1,-0.07,-0.02,0.0,1.98,-43.33,5.8,0.11,0.19,0.92,3
489,6.38,4,0.513,-0.21,0.01,0.83,128.47,21.01,-12.52,0.07,-0.0,0.02,4.09,-5.65,-37.08,10.68,-0.39,-0.26,0.91,3
490,6.382000000000001,3,0.314,0.33,-0.03,0.89,151.59,-37.05,10.72,0.98,-0.2,-0.12,4.09,3.05,-24.72,13.89,0.06,-0.77,1.22,3
491,6.459,1,-0.92,-0.22,-0.3,0.13,6.07,37.55,23.76,-0.6,0.06,-0.31,4.09,-8.09,-1.37,-17.09,-0.89,-0.07,0.23,3
492,6.462000000000001,0,-0.69,-0.29,-0.57,0.34,325.06,79.4,4.33,0.05,-0.02,-0.11,4.09,-45.17,5.19,70.65,-0.88,0.07,0.19,3
493,6.475,2,-0.8140000000000001,-0.1,-0.05,-0.57,83.95,-1.31,12.83,-0.07,-0.09,-0.01,4.09,10.68,-40.44,-18.92,-0.02,0.38,0.99,3
494,6.4879999999999995,6,0.10800000000000001,0.29,0.22,-0.92,199.12,36.09,-24.88,-0.8,1.77,0.32,4.09,-7.78,-50.81,-10.83,-0.15,0.84,2.19,3
495,6.497000000000001,5,0.10300000000000001,-0.15,0.18,0.97,185.26,19.52,19.55,0.51,0.46,-0.26,4.09,29.14,132.75,-29.91,-0.77,0.54,0.37,3
496,6.5,7,0.44799999999999995,0.08,0.05,0.89,140.06,-5.67,9.58,0.03,-0.01,0.02,0.0,-6.41,-54.02,33.11,0.15,0.22,1.05,3
497,6.506,4,0.515,-0.19,-0.0,0.84,128.85,18.51,-11.98,-0.02,0.02,0.01,4.09,-8.7,-24.11,3.66,-0.33,-0.17,0.94,3
498,6.507000000000001,3,0.294,0.34,-0.04,0.89,154.23,-39.73,9.21,0.51,-0.31,-0.42,4.09,4.43,-34.33,45.17,0.23,-0.47,0.65,3
499,6.564,1,-0.9229999999999999,-0.21,-0.3,0.13,4.96,37.14,22.03,-0.54,0.19,-0.21,4.09,-17.4,-7.48,-0.46,-0.87,-0.14,0.38,3
500,6.566,0,-0.708,-0.28,-0.58,0.29,347.73,79.56,21.54,-0.12,-0.17,0.05,4.09,-51.12,8.24,24.41,-1.07,0.09,-0.02,3
501,6.575,5,0.115,-0.25,0.19,0.94,185.77,30.95,19.96,-0.51,-0.46,-0.28,4.09,-20.14,69.89,-19.07,0.16,-0.04,1.01,3
502,6.5760000000000005,7,0.444,0.12,0.04,0.89,140.07,-9.97,9.66,0.18,-0.04,-0.03,0.0,2.14,-5.49,-1.53,0.1,-0.03,0.93,3
503,6.58,4,0.514,-0.18,-0.01,0.84,129.1,17.1,-12.37,0.05,0.02,0.0,4.09,5.04,-9.31,-7.48,-0.33,-0.23,0.92,3
504,6.582000000000001,6,0.092,0.25,0.23,-0.94,197.86,30.87,-26.44,-0.42,0.32,-0.29,4.09,14.5,-45.01,-23.19,0.02,-0.18,0.88,3
505,6.587000000000001,1,-0.93,-0.19,-0.29,0.12,5.73,35.67,20.48,-0.42,0.11,-0.15,4.09,-32.65,-22.74,21.36,-0.82,-0.01,0.53,3
506,6.5889999999999995,3,0.23800000000000002,0.38,-0.07,0.89,161.89,-45.31,5.24,0.75,-0.17,-0.26,4.09,5.19,-39.06,43.64,0.17,-0.5,0.92,3
507,6.651,5,0.157,-0.27,0.13,0.94,178.55,32.92,11.56,-0.97,-0.39,0.1,4.09,-43.03,-44.4,-84.08,0.34,0.09,1.55,3
508,6.655,0,-0.72,-0.26,-0.59,0.25,357.25,79.65,25.8,-0.12,-0.19,0.04,4.09,-52.8,3.66,12.66,-1.04,0.13,-0.04,3
509,6.659,4,0.514,-0.17,-0.02,0.84,129.36,15.79,-12.28,0.07,0.02,0.01,4.09,-4.43,-14.5,2.44,-0.31,-0.27,0.92,3
510,6.6610000000000005,6,0.078,0.21,0.23,-0.95,197.27,25.69,-26.65,-0.34,0.58,-0.31,4.09,1.22,-34.94,20.45,0.09,0.23,0.97,3
511,6.665,1,-0.9420000000000001,-0.17,-0.27,0.1,7.58,32.9,18.74,-0.39,0.25,-0.17,4.09,-37.54,-25.02,39.98,-0.77,-0.1,0.6,3
512,6.667000000000001,7,0.429,0.09,0.03,0.9,142.41,-8.12,7.31,0.36,-0.22,0.06,0.0,-43.79,59.97,38.3,0.09,-0.27,1.09,3
513,6.672000000000001,2,-0.8390000000000001,-0.17,-0.04,-0.51,75.97,-6.18,19.76,0.02,0.2,0.07,4.09,28.08,12.66,-0.92,-0.05,0.19,1.06,3
514,6.672999999999999,3,0.191,0.4,-0.09,0.89,170.44,-48.68,-1.21,0.72,0.01,-0.14,4.09,13.43,-34.33,39.98,0.16,-0.26,1.07,3
515,6.7620000000000005,5,0.159,-0.23,0.11,0.95,177.34,28.5,8.99,-0.35,-0.34,-0.24,4.09,-23.5,-90.64,-18.77,-0.2,-0.13,0.86,3
516,6.763,0,-0.731,-0.24,-0.6,0.21,6.79,79.42,30.07,-0.03,0.01,-0.06,4.09,-38.76,-1.83,13.89,-0.92,0.08,0.14,3
517,6.769,4,0.511,-0.16,-0.03,0.84,130.18,14.0,-12.56,0.04,-0.0,0.0,4.09,-14.19,-23.5,11.6,-0.29,-0.28,0.92,3
518,6.771,6,0.08,0.18,0.23,-0.95,198.24,22.52,-26.5,-0.53,0.43,-0.14,4.09,3.97,-31.13,1.22,0.14,-0.1,1.09,3
519,6.776,2,-0.8340000000000001,-0.2,-0.06,-0.51,75.76,-5.72,23.75,0.12,-0.04,-0.03,4.09,49.44,-7.63,-31.89,0.2,0.29,0.91,3
520,6.778,7,0.39899999999999997,0.02,0.02,0.92,146.93,-1.1,2.59,0.03,0.24,0.14,0.0,-35.4,99.95,33.11,-0.15,0.22,1.14,3
521,6.7829999999999995,1,-0.953,-0.15,-0.25,0.06,11.84,30.23,17.54,-0.37,0.06,-0.02,4.09,-34.03,-6.56,35.25,-0.81,0.13,0.66,3
522,6.787000000000001,3,0.149,0.42,-0.1,0.89,177.29,-51.36,-4.73,0.66,-0.21,-0.3,4.09,-0.61,-21.51,22.43,0.18,-0.43,0.88,3
523,6.855,5,0.146,-0.19,0.09,0.97,178.28,22.93,7.01,0.06,-0.05,0.11,4.09,-20.6,-34.94,-6.1,-0.61,-0.1,1.11,3
524,6.857,0,-0.74,-0.22,-0.61,0.18,12.75,78.85,32.03,0.06,0.06,-0.06,4.09,-38.76,-0.46,12.05,-0.91,0.1,0.26,3
525,6.862,4,0.503,-0.14,-0.04,0.85,131.54,11.69,-12.69,0.07,0.05,-0.0,4.09,9.61,-31.43,5.8,-0.28,-0.28,0.93,3
526,6.864,6,0.08199999999999999,0.16,0.22,-0.96,199.24,20.08,-25.37,-0.29,0.58,-0.28,4.09,8.24,-24.57,-4.58,0.08,0.15,0.96,3
527,6.867999999999999,1,-0.956,-0.14,-0.26,0.03,15.56,29.71,17.63,-0.36,0.29,-0.13,4.09,-28.53,3.97,41.35,-0.77,-0.12,0.63,3
528,6.87,7,0.392,-0.08,0.04,0.92,147.81,10.05,1.02,-0.13,0.1,0.02,0.0,7.48,129.7,-8.39,-0.17,0.19,1.0,3
529,6.874,2,-0.8320000000000001,-0.24,-0.08,-0.5,74.33,-5.27,28.5,0.08,0.02,0.01,4.09,52.19,6.56,0.0,0.14,0.37,0.98,3
530,6.875,3,0.094,0.44,-0.11,0.89,187.28,-52.97,-10.63,0.66,-0.12,-0.35,4.09,-8.7,-24.26,34.94,0.15,-0.3,0.91,3
531,6.9510000000000005,5,0.14,-0.16,0.08,0.97,178.75,20.03,6.33,0.06,-0.03,-0.02,4.09,1.07,-30.98,4.43,-0.35,0.08,0.92,3
532,6.952999999999999,0,-0.748,-0.2,-0.61,0.16,13.21,78.74,28.66,0.08,0.04,-0.02,4.09,-30.36,1.83,-6.56,-0.96,0.1,0.25,3
533,6.957000000000001,4,0.499,-0.1,-0.04,0.86,133.08,7.64,-10.18,0.1,-0.02,0.14,4.09,40.13,-49.74,14.19,-0.19,-0.28,1.1,3
534,6.957999999999999,6,0.078,0.13,0.21,-0.97,199.84,16.23,-23.47,-0.26,0.48,-0.23,4.09,14.95,-32.04,12.66,0.08,0.11,0.93,3
535,6.962000000000001,1,-0.953,-0.13,-0.27,0.03,15.64,31.8,16.04,-0.47,0.09,-0.11,4.09,-17.85,41.5,-37.84,-0.88,-0.03,0.43,3
536,6.9639999999999995,7,0.402,-0.16,0.1,0.9,146.32,21.36,3.08,-0.25,-0.25,-0.29,0.0,32.35,86.21,-18.92,0.07,0.05,0.78,3
537,6.968,5,0.11900000000000001,-0.15,0.08,0.98,181.27,18.59,6.69,0.07,0.04,0.01,4.09,-5.49,-6.41,24.11,-0.39,0.13,0.92,3
538,6.97,3,0.068,0.45,-0.12,0.88,193.07,-54.21,-15.34,0.68,-0.09,-0.28,4.09,-16.02,-26.4,35.1,0.19,-0.35,0.92,3
539,7.062,2,-0.8109999999999999,-0.29,-0.1,-0.5,74.73,-7.3,35.43,-0.23,0.07,0.18,4.09,76.45,-9.77,20.75,-0.06,0.85,0.96,3
540,7.064,0,-0.752,-0.17,-0.62,0.16,5.33,78.96,18.54,0.11,0.07,-0.06,4.09,-21.36,-5.19,-19.23,-0.9,0.04,0.3,3
541,7.07,4,0.517,-0.06,-0.05,0.85,131.4,2.99,-8.51,0.97,0.6,0.37,4.09,-44.71,24.72,-34.79,-1.24,-0.79,1.08,3
542,7.072,6,0.08199999999999999,0.08,0.19,-0.98,201.61,11.23,-20.99,-0.24,0.44,-0.21,4.09,17.4,-61.04,17.24,0.17,0.07,0.91,3
543,7.077000000000001,1,-0.946,-0.13,-0.3,0.03,15.0,34.9,15.37,-0.58,0.37,-0.13,4.09,-8.85,10.22,16.02,-0.96,-0.2,0.44,3
544,7.079,7,0.40299999999999997,-0.19,0.14,0.88,146.45,27.05,5.93,-0.21,-0.45,-0.39,0.0,12.97,-3.97,13.73,0.15,-0.04,0.81,3
545,7.082999999999999,2,-0.778,-0.34,-0.12,-0.52,77.79,-8.93,41.39,0.07,0.05,-0.12,4.09,4.58,15.72,31.74,0.11,0.5,0.72,3
546,7.085,3,0.035,0.47,-0.15,0.87,201.61,-55.3,-22.89,0.61,-0.08,-0.23,4.09,-32.35,-23.35,34.48,0.31,-0.36,0.88,3
547,7.155,5,0.115,-0.15,0.08,0.98,181.85,17.84,7.68,0.02,-0.01,0.01,4.09,14.34,-2.44,3.81,-0.32,0.09,0.95,3
548,7.157,0,-0.758,-0.15,-0.61,0.16,355.59,78.3,7.04,0.11,-0.26,0.02,4.09,-19.68,-15.41,-20.14,-1.02,0.37,0.16,3
549,7.162000000000001,4,0.49700000000000005,-0.16,-0.04,0.85,132.02,13.46,-12.98,0.93,0.46,-0.38,4.09,-82.86,128.94,88.96,-0.95,-0.68,0.32,3
550,7.164,6,0.098,0.03,0.17,-0.98,204.69,5.03,-18.67,-0.43,0.52,-0.09,4.09,25.18,-56.76,21.67,0.42,0.05,1.08,3
551,7.171,1,-0.946,-0.13,-0.3,0.01,18.62,34.29,17.37,-0.45,-0.05,-0.11,4.09,-2.14,-5.04,16.48,-0.88,0.23,0.46,3
552,7.172999999999999,7,0.381,-0.17,0.13,0.9,149.59,24.51,6.94,0.08,-0.22,0.5,0.0,14.19,-14.65,23.5,-0.42,-0.02,1.25,3
553,7.1770000000000005,2,-0.775,-0.26,-0.13,-0.56,84.16,-5.76,33.52,0.27,0.06,-0.13,4.09,-123.44,105.13,124.36,0.13,0.28,0.9,3
554,7.178999999999999,3,-0.0,0.49,-0.19,0.85,214.11,-56.72,-36.23,0.56,-0.34,-0.42,4.09,-76.45,-48.52,65.0,0.15,-0.65,0.6,3
555,7.255,5,0.11199999999999999,-0.14,0.09,0.98,182.24,16.76,8.45,0.02,0.03,0.01,4.09,9.16,-9.46,5.19,-0.31,0.16,0.95,3
556,7.257000000000001,0,-0.754,-0.12,-0.62,0.18,338.28,78.07,-10.9,-0.14,0.13,0.19,4.09,-5.04,8.85,-18.62,-1.2,-0.21,0.13,3
557,7.261,4,0.42100000000000004,-0.28,-0.03,0.86,137.22,27.21,-19.47,0.2,-0.51,-0.04,4.09,-81.33,72.33,115.97,-0.08,-0.73,0.84,3
558,7.263,6,0.124,-0.0,0.15,-0.98,208.21,1.69,-17.74,-0.18,0.71,-0.32,4.09,6.56,-32.81,15.26,0.34,0.43,0.82,3
559,7.268,1,-0.946,-0.14,-0.29,0.0,19.34,33.58,18.81,-0.43,0.06,-0.25,4.09,0.61,-7.02,-5.8,-0.77,0.11,0.38,3
560,7.27,7,0.35100000000000003,-0.14,0.14,0.92,153.76,20.53,9.39,-0.19,0.29,0.01,0.0,-1.37,-59.36,43.49,-0.37,0.47,0.9,3
561,7.275,2,-0.7020000000000001,-0.13,-0.12,-0.69,102.91,-1.0,20.41,0.01,-0.18,0.04,4.09,-123.14,135.65,133.82,0.2,0.34,0.95,3
562,7.277,3,0.006,0.53,-0.24,0.82,222.51,-59.49,-49.12,1.05,-0.4,-0.05,4.09,-76.14,-6.1,31.74,0.2,-0.96,1.06,3
563,7.367000000000001,5,0.113,-0.13,0.09,0.98,182.17,15.94,9.28,0.0,0.03,0.01,4.09,5.34,-10.38,2.75,-0.27,0.15,0.95,3
564,7.37,0,-0.747,-0.12,-0.62,0.19,329.25,78.25,-19.14,-0.15,0.04,0.04,4.09,21.82,0.46,-9.31,-1.01,-0.18,0.07,3
565,7.374,4,0.27899999999999997,-0.32,-0.02,0.91,155.01,34.24,-15.46,-0.62,-0.46,0.04,4.09,-5.65,-25.18,177.76,0.02,-0.28,1.31,3
566,7.375,6,0.121,0.02,0.16,-0.98,207.42,4.22,-17.86,-0.1,0.72,-0.25,4.09,27.31,54.63,-16.02,0.26,0.39,0.99,3
567,7.379,1,-0.948,-0.14,-0.28,0.02,17.11,32.98,18.3,-0.27,0.17,-0.07,4.09,2.29,-17.24,-27.47,-0.74,0.04,0.64,3
568,7.381,7,0.342,-0.1,0.13,0.93,154.89,15.94,10.16,0.0,-0.19,-0.04,0.0,9.61,-32.35,37.69,-0.14,0.09,0.94,3
569,7.386,2,-0.633,-0.03,-0.11,-0.77,115.37,4.85,12.03,-0.21,-0.01,-0.06,4.09,-73.24,29.91,32.04,0.05,0.36,0.96,3
570,7.3870000000000005,3,-0.003,0.5,-0.27,0.82,222.58,-55.07,-51.32,0.55,0.27,-0.61,4.09,59.97,74.01,-12.21,0.08,-0.14,0.67,3
571,7.473,5,0.115,-0.12,0.1,0.98,182.07,15.29,10.52,0.04,0.04,0.0,4.09,12.66,-15.11,-1.07,-0.3,0.17,0.94,3
572,7.476,0,-0.743,-0.12,-0.62,0.21,324.27,78.01,-22.57,0.0,-0.13,-0.06,4.09,18.77,-4.58,-20.6,-0.95,-0.01,0.14,3
573,7.481,4,0.23800000000000002,-0.3,0.0,0.92,162.33,33.56,-9.48,-0.72,-0.25,-0.2,4.09,18.77,-14.19,-110.02,0.16,-0.02,1.03,3
574,7.483,6,0.08900000000000001,0.08,0.15,-0.98,202.95,10.64,-16.17,-0.31,0.45,-0.13,4.09,16.78,82.4,-14.04,0.21,0.12,1.0,3
575,7.4879999999999995,1,-0.951,-0.14,-0.27,0.05,13.14,32.32,16.17,-0.31,0.33,-0.11,4.09,-14.95,-15.56,-20.14,-0.74,-0.15,0.66,3
576,7.49,7,0.32899999999999996,-0.07,0.13,0.93,156.39,12.6,11.21,-0.1,-0.14,-0.0,0.0,4.73,-33.42,13.43,-0.06,0.14,1.02,3
577,7.494,2,-0.618,-0.0,-0.07,-0.78,117.78,5.17,6.69,-0.13,0.06,-0.08,4.09,-14.65,-22.43,0.15,-0.11,0.22,0.9,3
578,7.496,3,-0.016,0.44,-0.17,0.88,210.88,-50.69,-30.45,0.63,-0.16,-0.29,4.09,144.04,79.65,-28.38,0.16,-0.45,0.86,3
579,7.537999999999999,5,0.11900000000000001,-0.11,0.11,0.98,181.68,13.81,11.73,0.05,0.03,0.0,4.09,13.73,-23.5,0.0,-0.28,0.22,0.94,3
580,7.541,0,-0.738,-0.12,-0.62,0.23,314.5,76.73,-30.93,0.04,-0.03,-0.1,4.09,12.97,3.51,-23.8,-0.87,-0.06,0.2,3
581,7.58,4,0.307,-0.27,-0.02,0.91,153.45,28.6,-13.26,-0.34,-0.06,-0.15,4.09,3.51,-36.47,-114.75,-0.12,-0.04,0.91,3
582,7.582000000000001,7,0.316,-0.04,0.12,0.94,157.86,9.11,11.67,-0.09,-0.17,-0.05,0.0,5.19,-28.08,22.89,0.01,0.12,0.96,3
583,7.59,1,-0.9520000000000001,-0.13,-0.27,0.05,11.76,32.32,14.51,-0.31,0.15,0.08,4.09,-7.78,28.84,7.93,-0.98,0.08,0.71,3
584,7.5920000000000005,3,-0.015,0.38,-0.06,0.92,199.91,-44.27,-9.83,0.47,-0.51,-0.19,4.09,104.68,77.97,-45.78,0.18,-0.6,0.85,3
585,7.68,2,-0.612,-0.02,-0.07,-0.79,118.54,3.35,7.99,0.02,0.03,0.03,4.09,28.53,-14.04,-4.27,-0.08,0.36,1.17,3
586,7.682,0,-0.73,-0.12,-0.63,0.25,307.73,76.62,-36.33,0.04,-0.02,-0.04,4.09,14.19,9.92,-7.48,-0.93,-0.1,0.2,3
587,7.692,5,0.12,-0.08,0.12,0.98,181.36,11.21,12.82,0.04,0.07,0.03,4.09,1.68,-20.75,12.36,-0.28,0.23,1.01,3
588,7.694,6,0.092,0.22,0.19,-0.95,199.85,27.45,-21.31,-0.45,0.29,-0.27,4.09,-42.42,75.07,59.36,0.08,-0.1,0.93,3
589,7.712000000000001,4,0.336,-0.24,-0.02,0.91,150.55,25.26,-13.02,0.23,0.04,-0.12,4.09,-4.43,-28.84,-23.35,-0.52,-0.4,0.66,3
590,7.712999999999999,7,0.28800000000000003,-0.02,0.11,0.95,160.9,5.41,12.08,-0.06,-0.1,-0.01,0.0,6.1,-26.86,32.04,0.01,0.16,0.98,3
591,7.721,1,-0.9420000000000001,-0.14,-0.3,0.01,19.18,35.05,18.94,-0.79,-0.19,-0.26,4.09,-5.04,39.52,49.9,-1.07,0.37,-0.04,3
592,7.723,3,-0.015,0.35,0.0,0.94,195.98,-40.4,-0.41,0.29,-0.53,-0.39,4.09,17.55,-9.61,-26.55,0.14,-0.54,0.67,3
593,7.7620000000000005,2,-0.631,-0.04,-0.1,-0.77,115.65,3.72,11.83,-0.23,-0.25,-0.1,4.09,46.69,-7.32,-45.32,0.23,0.34,0.85,3
594,7.763,0,-0.725,-0.12,-0.63,0.25,303.8,76.76,-39.85,-0.08,0.16,0.08,4.09,-6.1,3.66,4.43,-1.05,-0.37,0.2,3
595,7.77,5,0.076,-0.07,0.15,0.98,186.45,8.83,16.29,0.91,-0.12,0.59,4.09,43.95,27.62,95.06,-1.15,0.15,1.47,3
596,7.771,6,0.138,0.27,0.22,-0.93,203.84,33.65,-23.33,-0.5,0.55,-0.41,4.09,-40.74,56.46,59.81,0.18,0.12,0.91,3
597,7.777,4,0.336,-0.23,-0.03,0.91,150.89,23.02,-13.38,0.11,-0.0,0.03,4.09,10.07,-12.05,-10.38,-0.48,-0.23,0.88,3
598,7.78,7,0.261,0.02,0.11,0.96,163.7,1.23,12.59,-0.06,0.03,-0.0,0.0,6.71,-42.42,19.68,0.03,0.29,0.96,3
599,7.787000000000001,1,-0.9359999999999999,-0.15,-0.32,-0.02,22.86,36.45,20.52,-0.62,0.04,-0.16,4.09,-12.21,5.8,-8.24,-0.97,0.13,0.24,3
600,7.79,3,-0.016,0.35,0.0,0.93,196.19,-41.55,-0.53,1.09,0.08,-0.24,4.09,-27.92,15.72,7.78,-0.25,0.12,1.23,3
601,7.904,2,-0.652,-0.07,-0.11,-0.75,112.07,1.93,14.66,-0.23,-0.02,0.0,4.09,29.45,-30.67,-26.4,0.0,0.44,0.9,3
602,7.907,0,-0.731,-0.12,-0.63,0.24,310.04,77.45,-34.86,0.08,-0.01,-0.02,4.09,-12.21,-7.32,22.58,-0.95,-0.08,0.23,3
603,7.912000000000001,5,-0.006999999999999999,-0.13,0.19,0.97,197.83,14.97,22.04,0.69,-0.06,-0.79,4.09,6.41,124.05,44.25,-0.84,0.04,0.03,3
604,7.914,6,0.177,0.29,0.24,-0.91,207.38,38.09,-24.77,-0.41,0.65,-0.83,4.09,-22.28,-12.51,37.99,0.31,0.29,0.61,3
605,7.92,4,0.33299999999999996,-0.21,-0.04,0.92,151.71,20.92,-13.14,0.16,-0.02,-0.01,4.09,-0.61,-20.9,-4.27,-0.44,-0.32,0.84,3
606,7.922999999999999,7,0.266,0.06,0.11,0.96,162.53,-3.44,13.51,-0.1,-0.04,-0.03,0.0,10.07,-57.98,-5.95,0.18,0.25,0.93,3
607,7.928,1,-0.937,-0.14,-0.32,-0.01,21.62,36.84,19.04,-0.52,0.22,-0.23,4.09,-9.61,-4.73,-15.41,-0.89,-0.05,0.33,3
608,7.93,3,-0.006,0.36,-0.01,0.93,195.31,-42.0,-1.45,0.45,-0.38,-0.29,4.09,-0.31,-61.95,46.84,0.07,-0.39,0.89,3
609,7.98,2,-0.664,-0.09,-0.11,-0.73,109.92,0.46,16.34,-0.03,-0.06,0.05,4.09,9.61,-16.17,-8.85,0.05,0.37,1.0,3
610,7.982,0,-0.741,-0.11,-0.63,0.21,321.76,78.19,-26.05,-0.01,0.02,-0.09,4.09,-26.55,3.05,32.04,-0.98,-0.04,0.08,3
611,7.986000000000001,5,-0.036000000000000004,-0.24,0.15,0.96,203.2,26.99,20.03,0.13,0.24,-0.27,4.09,-54.02,125.27,3.81,-0.42,0.48,0.53,3
612,7.9879999999999995,6,0.188,0.26,0.23,-0.92,209.76,34.03,-23.81,-0.36,0.82,-0.66,4.09,8.39,-49.59,-39.52,0.27,0.4,0.79,3
613,7.992000000000001,4,0.331,-0.19,-0.04,0.92,152.56,18.51,-12.42,0.06,-0.0,0.01,4.09,7.02,-33.26,8.54,-0.35,-0.22,0.92,3
614,7.994,7,0.26899999999999996,0.11,0.1,0.95,161.31,-9.23,14.24,0.1,0.01,0.22,0.0,3.2,-43.33,-11.9,0.1,0.18,1.22,3
615,7.997000000000001,1,-0.94,-0.12,-0.32,-0.0,19.95,36.57,17.05,-0.48,0.23,-0.22,4.09,-21.51,-10.83,0.46,-0.87,-0.07,0.36,3
616,7.999,3,-0.03,0.38,-0.02,0.92,199.83,-44.56,-5.05,0.33,-0.41,-0.24,4.09,-6.26,-22.58,14.04,0.28,-0.55,0.79,3
617,8.078,2,-0.665,-0.11,-0.11,-0.73,109.37,-0.45,17.57,-0.09,-0.04,-0.02,4.09,9.46,-16.02,-7.32,0.05,0.4,0.92,3
618,8.08,0,-0.752,-0.11,-0.63,0.17,337.18,78.83,-13.68,-0.16,-0.04,0.12,4.09,-29.3,-1.98,26.86,-1.08,-0.03,0.05,3
619,8.084,5,-0.042,-0.31,0.09,0.95,203.42,35.31,13.27,-0.63,0.18,0.08,4.09,-57.68,36.01,-18.77,-0.03,0.3,1.28,3
620,8.087,6,0.161,0.21,0.23,-0.94,207.57,27.61,-23.98,-0.4,0.2,0.13,4.09,-5.19,-36.77,-19.84,-0.14,-0.31,1.1,3
621,8.091000000000001,4,0.324,-0.16,-0.04,0.93,154.23,15.54,-10.68,0.04,0.02,0.0,4.09,9.31,-23.5,3.97,-0.3,-0.2,0.93,3
622,8.093,7,0.259,0.12,0.08,0.95,162.49,-10.78,13.14,0.4,-0.31,0.3,0.0,-41.05,40.13,40.28,0.04,-0.26,1.25,3
623,8.097000000000001,2,-0.6729999999999999,-0.12,-0.12,-0.72,107.71,-1.23,19.59,-0.16,-0.04,-0.04,4.09,29.14,-6.56,-15.41,0.07,0.45,0.87,3
624,8.099,3,-0.062,0.39,-0.04,0.92,206.02,-45.75,-10.13,0.58,-0.46,-0.24,4.09,-7.78,-17.55,28.99,0.09,-0.38,0.95,3
625,8.15,1,-0.9440000000000001,-0.11,-0.31,-0.01,20.36,35.63,15.41,-0.38,0.28,-0.18,4.09,-33.26,-10.22,17.7,-0.81,-0.12,0.49,3
626,8.152999999999999,0,-0.758,-0.11,-0.63,0.13,355.74,79.57,0.87,0.02,0.06,-0.08,4.09,-34.79,1.98,35.86,-0.9,-0.05,0.21,3
627,8.157,5,-0.040999999999999995,-0.3,0.04,0.95,201.31,34.23,7.52,-1.18,-0.2,-0.09,4.09,-29.6,-47.45,-3.51,0.39,-0.04,1.4,3
628,8.158999999999999,6,0.163,0.18,0.23,-0.94,208.25,24.57,-24.46,-0.48,0.56,-0.21,4.09,-1.37,-33.42,-15.26,0.21,-0.06,1.05,3
629,8.182,4,0.32299999999999995,-0.14,-0.04,0.93,154.66,14.08,-10.26,0.12,0.0,-0.0,4.09,3.36,-12.36,-2.14,-0.33,-0.24,0.92,3
630,8.183,3,-0.09300000000000001,0.4,-0.04,0.91,211.14,-45.85,-12.89,0.51,-0.34,-0.27,4.09,-3.66,-18.46,16.48,0.11,-0.38,0.87,3
631,8.187999999999999,1,-0.9490000000000001,-0.09,-0.3,-0.04,22.83,34.02,13.8,-0.36,0.15,-0.08,4.09,-33.87,-11.6,27.47,-0.83,0.05,0.55,3
632,8.19,7,0.21,0.05,0.04,0.98,169.57,-4.4,6.18,0.15,0.17,0.05,0.0,-49.13,102.84,53.71,-0.12,0.26,1.03,3
633,8.283,2,-0.6859999999999999,-0.15,-0.13,-0.7,105.04,-1.55,22.39,0.06,0.03,0.01,4.09,32.5,-8.54,-22.74,-0.02,0.31,1.0,3
634,8.283999999999999,0,-0.759,-0.11,-0.64,0.09,13.87,79.93,15.71,0.08,-0.01,-0.05,4.09,-28.84,8.85,29.3,-0.93,0.08,0.24,3
635,8.288,5,-0.091,-0.26,0.03,0.96,206.79,29.13,7.41,-0.07,0.22,0.35,4.09,-2.29,-8.7,75.99,-0.57,0.33,1.17,3
636,8.29,6,0.166,0.16,0.22,-0.95,209.25,22.3,-23.7,-0.19,0.62,-0.26,4.09,6.41,-22.89,-11.44,0.06,0.19,0.96,3
637,8.294,4,0.32,-0.13,-0.04,0.94,155.39,12.22,-9.37,0.08,0.0,-0.01,4.09,9.16,-28.84,7.48,-0.28,-0.21,0.94,3
638,8.296,7,0.19399999999999998,-0.05,0.05,0.98,171.8,6.22,4.11,-0.06,0.29,0.02,0.0,7.02,124.82,-22.89,-0.11,0.34,0.98,3
639,8.301,2,-0.693,-0.17,-0.15,-0.69,103.13,-1.61,25.63,0.09,-0.06,0.03,4.09,29.14,-10.07,-5.95,0.08,0.38,0.95,3
640,8.302999999999999,3,-0.122,0.39,-0.06,0.91,216.36,-44.35,-17.2,0.61,-0.16,-0.18,4.09,-10.68,-20.45,26.55,0.13,-0.21,1.0,3
641,8.375,1,-0.951,-0.09,-0.29,-0.06,25.33,32.98,13.8,-0.35,0.3,-0.13,4.09,-20.75,-7.63,24.41,-0.8,-0.08,0.6,3
642,8.376,0,-0.76,-0.1,-0.64,0.06,27.39,79.5,26.6,0.18,-0.01,-0.03,4.09,-16.33,6.71,13.43,-0.92,0.13,0.31,3
643,8.38,5,-0.095,-0.23,0.04,0.97,207.15,26.0,8.17,0.03,0.13,0.02,4.09,-15.26,-26.55,12.05,-0.44,0.24,0.89,3
644,8.381,6,0.14800000000000002,0.13,0.2,-0.96,208.18,17.74,-21.9,-0.29,0.46,-0.19,4.09,15.11,-33.11,-5.34,0.11,0.02,0.95,3
645,8.385,4,0.312,-0.09,-0.04,0.94,156.92,8.52,-7.29,0.09,-0.01,0.03,4.09,26.7,-46.39,9.16,-0.22,-0.2,0.99,3
646,8.387,7,0.22,-0.14,0.08,0.96,169.26,18.07,6.06,-0.21,-0.1,-0.18,0.0,36.77,102.69,-48.68,-0.02,0.09,0.84,3
647,8.391,2,-0.69,-0.2,-0.16,-0.68,102.15,-3.14,29.23,-0.03,0.05,0.06,4.09,60.88,-23.5,7.48,0.02,0.55,0.91,3
648,8.392999999999999,3,-0.146,0.39,-0.09,0.91,221.01,-42.86,-21.69,0.54,-0.22,-0.22,4.09,-34.64,-14.8,29.14,0.12,-0.3,0.92,3
649,8.482000000000001,1,-0.95,-0.07,-0.29,-0.07,26.39,33.3,12.39,-0.6,-0.33,0.41,4.09,-35.4,19.07,-37.69,-1.19,0.65,0.78,3
650,8.484,0,-0.7609999999999999,-0.09,-0.64,0.05,28.81,79.63,26.1,0.15,-0.05,-0.03,4.09,-15.87,2.59,-1.83,-0.92,0.16,0.28,3
651,8.488999999999999,5,-0.113,-0.21,0.04,0.97,208.89,24.03,7.39,0.01,0.0,0.01,4.09,-3.36,-21.36,3.36,-0.42,0.12,0.9,3
652,8.491,6,0.14,0.08,0.18,-0.97,208.46,11.62,-19.32,-0.22,0.47,-0.22,4.09,16.02,-62.71,-9.31,0.17,0.11,0.9,3
653,8.494,4,0.312,-0.05,-0.03,0.95,157.46,4.54,-5.05,1.52,0.22,0.52,4.09,-32.5,15.26,-78.43,-1.59,-0.96,1.26,3
654,8.496,7,0.245,-0.2,0.11,0.94,166.58,25.41,7.54,-0.3,-0.38,-0.29,0.0,11.6,28.08,-7.93,0.09,-0.08,0.87,3
655,8.5,1,-0.9440000000000001,-0.06,-0.32,-0.05,23.56,36.74,10.54,-0.72,0.34,-0.24,4.09,3.05,16.33,3.97,-1.07,-0.17,0.2,3
656,8.502,3,-0.18,0.39,-0.13,0.89,227.63,-40.47,-28.86,0.54,-0.15,-0.21,4.09,-39.52,-23.5,47.0,0.08,-0.27,0.93,3
657,8.575,2,-0.6759999999999999,-0.25,-0.19,-0.67,101.57,-4.91,36.64,0.15,-0.18,0.01,4.09,19.53,-5.49,-7.63,0.24,0.33,0.92,3
658,8.576,0,-0.764,-0.08,-0.64,0.05,24.85,79.34,21.29,0.12,0.21,0.03,4.09,-5.8,-18.16,-25.63,-1.0,-0.07,0.33,3
659,8.58,5,-0.12,-0.2,0.03,0.97,209.5,22.81,6.84,0.05,0.02,0.01,4.09,-0.92,-11.29,0.61,-0.44,0.13,0.9,3
660,8.582,6,0.14400000000000002,0.02,0.16,-0.98,209.94,5.37,-18.1,-0.38,0.49,-0.22,4.09,24.41,-54.02,10.22,0.42,0.1,0.9,3
661,8.586,4,0.38,-0.17,-0.05,0.91,146.92,15.78,-12.61,1.08,-0.33,-0.63,4.09,-100.56,115.36,79.04,-0.86,-1.07,0.18,3
662,8.589,7,0.239,-0.19,0.12,0.94,167.53,24.92,8.37,-0.69,-0.52,0.26,0.0,1.98,-70.34,23.96,0.0,-0.03,2.0,3
663,8.595,1,-0.943,-0.07,-0.32,-0.07,26.88,35.91,13.03,-0.55,0.1,-0.22,4.09,-2.14,-8.09,38.3,-0.89,0.13,0.31,3
664,8.597000000000001,3,-0.201,0.39,-0.16,0.88,231.91,-38.41,-34.45,0.37,-0.07,-0.11,4.09,-46.23,-21.51,7.78,0.29,-0.4,0.83,3
665,8.667,2,-0.675,-0.21,-0.17,-0.69,104.25,-3.09,30.79,0.42,-0.0,-0.15,4.09,-102.54,96.44,75.99,0.05,0.04,0.94,3
666,8.669,0,-0.7709999999999999,-0.07,-0.63,0.06,11.43,78.54,8.19,-0.19,0.02,-0.05,4.09,-4.12,-12.66,-25.18,-0.97,-0.03,0.01,3
667,8.674,5,-0.11800000000000001,-0.19,0.03,0.97,209.06,21.12,6.26,0.01,-0.03,0.01,4.09,-11.29,-20.9,2.75,-0.39,0.06,0.93,3
668,8.675,6,0.159,-0.01,0.14,-0.98,212.42,1.17,-16.25,-0.2,0.59,0.11,4.09,14.34,-41.66,33.87,0.35,0.22,1.25,3
669,8.679,4,0.273,-0.29,-0.08,0.91,155.22,29.35,-20.97,-0.0,-0.21,-0.07,4.09,-93.23,78.28,86.82,-0.33,-0.47,0.77,3
670,8.681000000000001,7,0.215,-0.16,0.12,0.96,170.65,20.52,10.45,-0.16,-0.0,-0.05,0.0,-5.19,-34.79,52.95,-0.2,0.3,0.89,3
671,8.699,1,-0.941,-0.09,-0.31,-0.09,29.57,35.12,15.74,-0.48,0.07,-0.3,4.09,3.2,1.07,1.07,-0.8,0.14,0.28,3
672,8.7,3,-0.215,0.42,-0.2,0.86,238.13,-39.45,-42.6,0.56,-0.48,0.24,4.09,-50.96,-50.66,66.07,0.21,-0.96,1.09,3
673,8.79,2,-0.588,-0.1,-0.15,-0.79,120.9,1.06,20.39,-0.13,-0.19,0.04,4.09,-107.27,106.05,140.08,0.2,0.48,0.93,3
674,8.792,0,-0.772,-0.06,-0.63,0.08,359.66,78.09,-2.46,-0.17,0.07,0.14,4.09,21.51,-3.36,-21.67,-1.13,-0.11,0.09,3
675,8.795,5,-0.11599999999999999,-0.18,0.03,0.98,208.66,19.83,6.38,0.08,0.04,-0.01,4.09,8.39,-7.93,-3.05,-0.39,0.16,0.91,3
676,8.797,7,0.19399999999999998,-0.12,0.12,0.97,172.89,15.96,11.24,-0.09,-0.24,-0.06,0.0,12.51,-42.72,-9.16,-0.05,-0.07,0.99,3
677,8.801,4,0.18600000000000003,-0.34,-0.08,0.92,164.42,36.24,-20.41,-0.56,-0.12,-0.1,4.09,11.6,-4.73,87.74,-0.09,-0.18,1.06,3
678,8.802999999999999,6,0.16699999999999998,-0.01,0.15,-0.97,213.23,2.12,-16.78,0.05,0.81,-0.23,4.09,14.19,56.76,-3.97,0.22,0.55,0.92,3
679,8.807,1,-0.9420000000000001,-0.1,-0.31,-0.08,28.86,34.99,16.52,-0.29,0.18,-0.05,4.09,9.0,-3.51,-14.95,-0.81,0.05,0.6,3
680,8.809,3,-0.243,0.44,-0.23,0.84,244.5,-38.3,-49.15,0.84,0.03,-0.44,4.09,52.8,21.82,21.97,-0.06,-0.13,1.0,3
681,8.882,2,-0.516,-0.01,-0.11,-0.85,132.06,5.79,11.44,-0.51,-0.15,0.01,4.09,-97.81,50.35,52.03,0.16,0.6,0.86,3
682,8.884,0,-0.772,-0.06,-0.62,0.1,352.2,77.58,-8.11,0.01,-0.11,-0.08,4.09,20.29,-9.0,-29.91,-0.91,0.06,0.19,3
683,8.888,5,-0.11199999999999999,-0.17,0.04,0.98,208.27,18.35,6.85,0.01,-0.01,0.01,4.09,7.48,-17.4,-4.73,-0.34,0.11,0.94,3
684,8.89,6,0.124,0.06,0.15,-0.98,207.22,8.61,-15.99,-0.25,0.42,0.0,4.09,18.16,92.16,-15.72,0.21,-0.0,1.13,3
685,8.894,4,0.2,-0.31,-0.05,0.93,164.88,34.31,-15.33,-1.06,-0.2,-0.3,4.09,61.04,-44.1,-116.27,0.54,0.02,1.12,3
686,8.895,7,0.18,-0.09,0.12,0.97,174.36,12.22,12.26,-0.19,0.03,0.05,0.0,5.65,-27.77,14.04,-0.06,0.32,1.03,3
687,8.899,1,-0.9440000000000001,-0.1,-0.31,-0.06,25.94,34.8,16.19,-0.3,0.2,-0.19,4.09,5.04,-17.24,-23.5,-0.75,-0.0,0.52,3
688,8.901,3,-0.23800000000000002,0.38,-0.16,0.88,236.09,-35.95,-35.1,0.36,-0.16,-0.15,4.09,95.83,89.11,-79.96,0.2,-0.43,0.82,3
689,8.994,2,-0.504,0.03,-0.06,-0.86,133.6,6.37,4.55,0.01,0.0,-0.05,4.09,-6.87,-15.11,6.87,-0.11,0.04,0.9,3
690,8.995,0,-0.768,-0.06,-0.62,0.13,338.84,76.73,-19.52,0.02,-0.03,-0.1,4.09,11.6,2.9,-32.2,-0.89,-0.04,0.2,3
691,8.999,5,-0.10300000000000001,-0.15,0.05,0.98,207.09,16.46,7.56,0.05,0.04,0.0,4.09,5.04,-22.74,-6.87,-0.32,0.17,0.94,3
692,9.001,6,0.095,0.15,0.17,-0.97,202.2,18.88,-18.25,-0.4,0.31,-0.11,4.09,-24.41,102.08,-8.24,0.12,-0.07,1.01,3
693,9.006,4,0.233,-0.26,-0.03,0.94,163.14,27.79,-11.94,0.77,0.1,1.72,4.09,-19.38,31.13,-92.47,-1.43,-1.17,1.9,3
694,9.007,7,0.171,-0.06,0.12,0.98,175.2,9.55,12.54,-0.1,-0.13,-0.03,0.0,3.36,-19.68,18.46,-0.03,0.12,0.97,3
695,9.011000000000001,1,-0.9470000000000001,-0.1,-0.3,-0.04,23.3,34.29,15.41,-0.41,0.21,-0.07,4.09,2.29,-1.98,-1.07,-0.89,0.01,0.54,3
696,9.012,3,-0.209,0.3,-0.09,0.93,225.02,-31.15,-19.82,0.14,-0.33,-0.07,4.09,85.14,54.17,-18.62,0.22,-0.49,0.83,3
697,9.046,2,-0.511,0.01,-0.1,-0.85,132.79,6.54,8.97,0.82,-0.25,-0.13,4.09,48.83,3.36,-42.72,-0.2,-0.72,0.96,3
698,9.047,0,-0.764,-0.05,-0.62,0.15,329.92,76.08,-27.28,0.12,0.02,-0.03,4.09,6.26,5.8,-3.97,-0.92,-0.08,0.34,3
699,9.079,5,-0.09699999999999999,-0.13,0.05,0.99,206.25,13.69,7.62,0.03,0.0,-0.0,4.09,-3.36,-37.08,-2.9,-0.3,0.16,0.94,3
700,9.08,7,0.153,-0.04,0.12,0.98,177.01,6.72,12.62,-0.07,-0.12,-0.02,0.0,3.36,-25.48,25.79,0.0,0.13,0.97,3
701,9.091000000000001,4,0.24,-0.25,-0.06,0.94,162.05,25.67,-14.29,0.11,-0.15,0.0,4.09,6.41,-36.01,2.44,-0.44,-0.32,0.84,3
702,9.093,3,-0.218,0.26,-0.03,0.94,223.0,-28.38,-11.33,0.3,-0.3,-0.2,4.09,53.56,5.04,-36.16,-0.0,-0.27,0.86,3
703,9.105,1,-0.941,-0.12,-0.31,-0.05,26.04,35.19,18.01,-0.29,0.76,-0.09,4.09,10.38,43.33,75.53,-0.85,-0.35,0.58,3
704,9.107000000000001,6,0.107,0.23,0.2,-0.95,201.26,28.48,-22.02,-0.46,0.38,-0.32,4.09,-41.35,94.6,50.35,0.12,-0.02,0.89,3
705,9.197000000000001,2,-0.522,-0.01,-0.11,-0.85,131.24,5.47,11.96,-0.32,0.1,-0.09,4.09,20.14,-47.45,-65.31,-0.07,0.52,0.84,3
706,9.198,0,-0.762,-0.06,-0.63,0.16,329.33,76.27,-27.3,0.07,-0.01,-0.05,4.09,-3.05,4.12,2.29,-0.88,-0.07,0.25,3
707,9.202,5,-0.105,-0.09,0.05,0.99,206.72,9.73,7.07,0.72,-0.17,0.46,4.09,10.22,7.78,79.5,-1.13,0.2,1.38,3
708,9.205,6,0.14400000000000002,0.3,0.23,-0.92,203.19,37.43,-25.58,-0.48,0.46,-0.57,4.09,-47.91,52.8,60.27,0.2,0.06,0.68,3
709,9.209,4,0.25,-0.23,-0.05,0.94,161.5,23.46,-13.48,0.11,0.0,-0.0,4.09,-0.61,-16.48,-5.95,-0.52,-0.36,0.77,3
710,9.211,7,0.125,-0.01,0.11,0.99,179.94,3.02,12.83,-0.08,-0.05,-0.04,0.0,2.59,-37.69,32.96,0.03,0.19,0.94,3
711,9.214,1,-0.932,-0.12,-0.33,-0.09,31.66,36.38,20.97,-0.71,-0.01,-0.1,4.09,-13.89,4.58,-3.97,-1.07,0.34,0.29,3
712,9.216000000000001,3,-0.20600000000000002,0.27,-0.01,0.94,221.23,-30.31,-8.94,0.87,-0.45,0.08,4.09,-6.71,-11.44,13.43,-0.17,-0.32,1.55,3
713,9.287,2,-0.545,-0.03,-0.12,-0.83,127.94,4.58,13.87,-0.15,-0.14,0.06,4.09,15.72,-16.02,-11.14,0.11,0.33,1.0,3
714,9.289,0,-0.767,-0.05,-0.62,0.14,334.04,76.16,-23.7,0.18,-0.15,0.0,4.09,-21.67,-8.7,31.59,-0.96,0.1,0.35,3
715,9.293,5,-0.21600000000000003,-0.15,0.08,0.96,221.15,14.86,13.7,1.12,-0.86,-0.52,4.09,25.18,100.25,141.91,-1.37,-0.13,-0.04,3
716,9.295,6,0.18100000000000002,0.31,0.26,-0.9,206.42,41.06,-27.44,-0.31,0.63,-0.8,4.09,-24.26,-22.74,28.99,0.2,0.31,0.62,3
717,9.299,4,0.243,-0.2,-0.06,0.95,162.84,20.95,-12.73,0.1,-0.0,0.0,4.09,15.56,-24.87,-4.58,-0.44,-0.25,0.87,3
718,9.301,7,0.10400000000000001,0.03,0.11,0.99,181.85,-2.11,12.83,-0.04,0.06,-0.01,0.0,-1.22,-56.15,8.54,0.08,0.28,0.93,3
719,9.309,2,-0.557,-0.05,-0.12,-0.82,126.08,2.65,14.43,-0.08,0.01,0.05,4.09,-1.83,-16.17,-0.92,0.0,0.39,0.96,3
720,9.31,3,-0.213,0.29,-0.02,0.93,222.98,-31.77,-11.34,0.21,-0.28,-0.14,4.09,-7.02,-47.91,27.47,0.06,-0.42,0.84,3
721,9.378,1,-0.9359999999999999,-0.11,-0.33,-0.07,28.82,36.48,18.88,-0.57,0.25,-0.35,4.09,-0.31,-14.5,-27.92,-0.89,-0.07,0.21,3
722,9.38,0,-0.777,-0.05,-0.62,0.1,351.08,76.55,-10.4,0.08,-0.17,0.09,4.09,-38.6,3.2,19.99,-1.05,0.13,0.27,3
723,9.385,5,-0.21100000000000002,-0.23,0.09,0.95,222.54,23.03,16.37,0.56,0.16,-0.08,4.09,28.69,80.57,-60.27,-0.6,0.48,0.6,3
724,9.387,6,0.19699999999999998,0.28,0.26,-0.9,209.66,37.2,-26.27,-0.28,1.1,-0.36,4.09,8.54,-56.46,-17.85,0.25,0.5,0.89,3
725,9.392000000000001,4,0.242,-0.17,-0.05,0.95,163.88,17.82,-10.75,0.08,-0.02,0.0,4.09,13.58,-32.65,6.26,-0.36,-0.24,0.91,3
726,9.394,7,0.11199999999999999,0.09,0.1,0.98,180.13,-8.36,12.99,0.02,0.06,0.13,0.0,0.61,-61.8,4.12,0.08,0.26,1.13,3
727,9.398,1,-0.941,-0.11,-0.32,-0.05,26.03,35.75,16.71,-0.5,0.35,-0.25,4.09,-14.65,-9.0,-7.32,-0.88,-0.15,0.31,3
728,9.4,3,-0.242,0.32,-0.03,0.91,228.54,-35.23,-15.11,0.06,-0.55,-0.11,4.09,-23.96,-16.94,14.95,0.24,-0.62,0.79,3
729,9.49,2,-0.563,-0.06,-0.11,-0.82,125.02,1.27,14.5,-0.03,-0.07,-0.05,4.09,-0.31,-14.5,-6.26,0.02,0.28,0.92,3
730,9.491,0,-0.778,-0.04,-0.62,0.07,359.07,77.2,-5.56,-0.26,0.03,0.09,4.09,-34.79,1.98,21.51,-1.09,-0.1,0.01,3
731,9.497,5,-0.15,-0.3,0.07,0.94,216.97,33.06,15.83,-0.35,0.24,0.14,4.09,9.16,57.53,-86.82,-0.13,0.31,1.09,3
732,9.499,6,0.175,0.22,0.25,-0.93,208.35,30.17,-25.81,-0.68,0.05,0.21,4.09,-2.29,-43.64,-31.89,-0.03,-0.67,1.17,3
733,9.503,4,0.23600000000000002,-0.14,-0.04,0.96,165.23,14.99,-8.75,0.06,-0.02,-0.0,4.09,12.66,-25.33,6.71,-0.31,-0.18,0.93,3
734,9.505,7,0.11599999999999999,0.11,0.1,0.98,179.41,-10.66,12.43,0.21,-0.35,0.14,0.0,-22.43,34.48,25.79,0.09,-0.15,1.17,3
735,9.51,2,-0.568,-0.07,-0.11,-0.81,124.15,0.52,15.27,-0.03,-0.07,-0.06,4.09,18.16,-11.9,-10.07,0.06,0.25,0.91,3
736,9.512,3,-0.261,0.34,-0.05,0.9,232.51,-35.76,-19.25,0.2,-0.18,-0.08,4.09,5.19,-30.06,37.99,0.33,-0.32,0.84,3
737,9.582,1,-0.946,-0.09,-0.3,-0.06,25.88,34.44,14.72,-0.35,0.3,-0.12,4.09,-25.02,-14.8,14.95,-0.83,-0.09,0.53,3
738,9.583,0,-0.777,-0.03,-0.63,0.03,11.03,77.79,2.47,-0.02,0.04,-0.08,4.09,-32.5,5.34,25.63,-0.91,-0.03,0.18,3
739,9.591000000000001,5,-0.121,-0.31,0.04,0.94,212.12,34.72,10.99,-1.13,0.12,-0.49,4.09,-60.42,-68.36,10.22,0.64,-0.02,1.08,3
740,9.593,6,0.17600000000000002,0.2,0.24,-0.93,209.25,27.19,-25.29,-0.42,0.8,-0.36,4.09,0.0,-39.83,-13.12,0.24,0.2,1.06,3
741,9.597000000000001,4,0.233,-0.13,-0.04,0.96,165.97,13.14,-7.79,0.1,-0.0,-0.01,4.09,-0.31,-14.19,1.68,-0.31,-0.18,0.94,3
742,9.599,7,0.091,0.05,0.07,0.99,183.2,-5.42,8.34,0.09,-0.03,-0.01,0.0,-44.25,80.11,21.06,0.0,0.1,1.0,3
743,9.605,1,-0.95,-0.08,-0.29,-0.08,27.68,32.92,13.25,-0.29,0.26,-0.07,4.09,-30.67,-10.99,33.26,-0.8,-0.03,0.62,3
744,9.607999999999999,3,-0.301,0.35,-0.06,0.88,239.3,-36.26,-22.9,0.34,-0.29,-0.1,4.09,-9.31,-17.09,22.74,0.19,-0.37,0.91,3
745,9.693999999999999,2,-0.5770000000000001,-0.09,-0.12,-0.8,122.63,0.01,17.66,0.01,-0.05,0.02,4.09,26.4,-5.04,-17.55,0.04,0.26,0.98,3
746,9.695,0,-0.774,-0.03,-0.63,0.0,23.07,78.42,11.31,0.01,0.02,-0.03,4.09,-28.53,8.24,27.92,-0.94,0.03,0.19,3
747,9.699,5,-0.133,-0.23,0.01,0.96,211.13,26.32,5.78,0.2,-0.4,0.1,4.09,-24.57,-36.77,47.91,-0.76,-0.28,0.86,3
748,9.701,6,0.174,0.18,0.24,-0.94,209.44,24.47,-25.25,-0.29,0.49,-0.22,4.09,7.02,-20.9,0.15,0.07,0.02,0.97,3
749,9.706,4,0.22899999999999998,-0.11,-0.04,0.97,166.64,11.37,-7.23,0.1,-0.02,-0.0,4.09,11.14,-20.9,1.83,-0.27,-0.19,0.94,3
750,9.708,7,0.081,-0.02,0.04,1.0,184.85,2.56,4.44,0.09,0.14,0.24,0.0,-18.62,110.63,-5.49,-0.19,0.26,1.23,3
751,9.712,2,-0.583,-0.11,-0.14,-0.79,121.38,-0.51,20.08,0.03,-0.11,-0.04,4.09,29.14,-5.95,-8.24,0.11,0.28,0.95,3
752,9.713,3,-0.33299999999999996,0.36,-0.07,0.87,244.39,-35.17,-26.1,0.39,-0.16,-0.09,4.09,-4.58,-19.99,23.65,0.21,-0.27,0.94,3
753,9.806000000000001,1,-0.9490000000000001,-0.07,-0.29,-0.11,30.71,32.18,13.01,-0.3,0.26,-0.04,4.09,-19.38,0.0,26.7,-0.81,-0.01,0.64,3
754,9.808,0,-0.768,-0.02,-0.64,-0.04,39.35,78.41,24.21,0.1,-0.12,-0.0,4.09,-21.51,9.92,15.87,-0.96,0.21,0.26,3
755,9.812999999999999,5,-0.159,-0.21,0.02,0.96,214.2,23.47,6.74,0.07,0.05,-0.05,4.09,0.46,-33.87,-2.59,-0.41,0.13,0.87,3
756,9.814,6,0.16899999999999998,0.15,0.23,-0.95,209.65,21.68,-24.06,-0.35,0.55,-0.23,4.09,9.31,-28.23,-7.02,0.15,0.03,1.0,3
757,9.818,4,0.22399999999999998,-0.08,-0.02,0.97,167.74,8.26,-4.79,0.16,-0.05,-0.0,4.09,33.87,-38.6,8.7,-0.28,-0.15,0.99,3
758,9.821,7,0.091,-0.12,0.05,0.99,184.06,14.35,4.82,-0.19,0.17,-0.11,0.0,24.26,116.27,-37.69,-0.04,0.26,0.84,3
759,9.825,1,-0.9470000000000001,-0.06,-0.29,-0.12,32.55,32.3,12.26,-0.69,0.24,0.29,4.09,-33.42,13.89,-21.36,-1.37,0.39,0.81,3
760,9.827,3,-0.35700000000000004,0.37,-0.08,0.86,248.59,-34.47,-29.21,0.4,-0.22,-0.07,4.09,-18.77,-14.8,21.51,0.17,-0.32,0.95,3
761,9.857999999999999,2,-0.593,-0.14,-0.16,-0.78,119.07,-1.56,23.97,0.04,0.06,-0.01,4.09,69.58,-37.54,-18.92,-0.05,0.47,0.89,3
762,9.86,0,-0.765,-0.02,-0.64,-0.05,42.98,78.71,26.15,0.13,-0.01,-0.04,4.09,-11.14,3.66,-6.71,-0.91,0.09,0.29,3
763,9.917,5,-0.175,-0.19,0.02,0.97,215.76,20.69,6.18,0.05,0.03,0.01,4.09,-1.07,-22.58,3.36,-0.39,0.13,0.92,3
764,9.918,6,0.165,0.12,0.2,-0.96,210.3,17.14,-21.51,-0.23,0.59,-0.27,4.09,13.43,-46.39,-11.9,0.19,0.16,0.93,3
765,9.923,4,0.22,-0.04,-0.01,0.97,168.48,4.2,-2.36,1.34,0.18,0.17,4.09,-13.28,0.76,-80.57,-1.38,-0.5,1.02,3
766,9.925,7,0.126,-0.21,0.07,0.97,180.46,24.61,5.83,-0.38,-0.17,-0.36,0.0,22.74,62.56,-37.08,0.14,-0.03,0.75,3
767,9.929,1,-0.943,-0.04,-0.31,-0.1,29.43,35.89,9.68,-0.81,0.42,-0.42,4.09,-0.61,15.41,-5.19,-1.04,-0.16,0.02,3
768,9.931000000000001,3,-0.381,0.37,-0.11,0.84,253.01,-32.88,-33.43,0.38,-0.17,-0.1,4.09,-30.21,-23.96,41.81,0.2,-0.31,0.94,3
769,9.999,5,-0.162,-0.17,0.03,0.97,214.17,19.06,6.78,0.1,0.05,0.02,4.09,5.8,-22.74,-13.43,-0.4,0.17,0.92,3
770,10.0,0,-0.765,-0.01,-0.64,-0.05,39.26,79.09,21.78,0.05,-0.25,0.13,4.09,-5.49,-13.73,-18.77,-1.08,0.32,0.25,3
771,10.005,4,0.29600000000000004,-0.13,-0.03,0.95,158.23,13.46,-8.58,1.2,-0.36,-0.53,4.09,-88.04,112.0,42.11,-0.86,-1.08,0.17,3
772,10.007,6,0.15,0.06,0.17,-0.97,209.97,9.78,-18.58,-0.29,0.21,-0.13,4.09,23.8,-61.65,-9.31,0.26,-0.21,0.93,3
773,10.011000000000001,1,-0.943,-0.04,-0.31,-0.11,31.08,35.27,10.63,-0.56,0.14,-0.18,4.09,-9.92,-8.24,24.11,-0.94,0.1,0.33,3
774,10.013,7,0.135,-0.22,0.09,0.96,179.76,27.07,7.25,-0.63,-0.22,-0.35,0.0,13.89,-25.94,27.31,0.26,0.09,0.93,3
775,10.017000000000001,2,-0.591,-0.15,-0.18,-0.77,119.0,-0.95,26.51,0.4,0.0,-0.12,4.09,-95.06,88.96,83.92,-0.01,0.06,0.95,3
776,10.017999999999999,3,-0.41100000000000003,0.38,-0.14,0.82,258.32,-30.68,-38.43,0.47,-0.07,-0.08,4.09,-39.83,-15.56,20.29,0.25,-0.27,0.96,3
777,10.09,5,-0.16699999999999998,-0.15,0.03,0.97,214.52,16.99,6.37,0.05,-0.0,0.0,4.09,0.31,-8.39,12.97,-0.34,0.12,0.94,3
778,10.092,0,-0.773,0.0,-0.63,-0.03,26.5,78.49,9.66,-0.06,0.14,0.02,4.09,7.02,-6.41,-18.92,-1.03,-0.12,0.09,3
779,10.095,4,0.212,-0.24,-0.08,0.94,165.11,24.78,-16.56,0.08,-0.23,0.05,4.09,-91.25,86.82,86.36,-0.33,-0.48,0.89,3
780,10.097000000000001,6,0.16699999999999998,0.03,0.15,-0.97,212.6,6.5,-16.84,-0.16,0.55,-0.22,4.09,16.02,-41.05,25.94,0.22,0.23,0.93,3
781,10.101,1,-0.941,-0.05,-0.31,-0.12,32.7,34.8,12.5,-0.47,0.18,-0.22,4.09,12.05,3.05,2.44,-0.86,0.05,0.34,3
782,10.105,7,0.136,-0.19,0.1,0.97,179.9,23.67,8.93,-0.08,-0.12,-0.39,0.0,14.65,-50.81,39.67,-0.19,-0.0,0.6,3
783,10.111,2,-0.488,-0.05,-0.15,-0.86,135.3,3.36,17.52,-0.29,-0.14,-0.0,4.09,-98.57,96.89,121.61,0.2,0.48,0.91,3
784,10.113,3,-0.414,0.41,-0.16,0.8,262.01,-31.13,-44.37,-0.12,-0.37,0.01,4.09,-55.85,-38.76,27.47,0.24,-0.89,0.56,3
785,10.202,5,-0.172,-0.15,0.04,0.97,215.1,16.33,7.18,0.04,-0.02,0.0,4.09,3.2,-2.59,5.95,-0.34,0.13,0.93,3
786,10.203,0,-0.772,0.01,-0.64,-0.01,12.16,78.93,-3.45,-0.08,0.04,0.17,4.09,30.52,7.32,-33.42,-1.17,-0.09,0.13,3
787,10.208,4,0.13699999999999998,-0.3,-0.1,0.94,172.06,32.39,-18.56,-0.73,-0.02,-0.15,4.09,9.16,11.29,92.77,0.17,-0.08,1.1,3
788,10.209,6,0.157,0.01,0.15,-0.98,211.76,3.39,-16.96,-0.14,1.16,1.01,4.09,2.44,-12.21,-24.26,0.29,0.36,2.4,3
789,10.214,1,-0.941,-0.07,-0.31,-0.12,32.86,34.43,13.96,-0.34,0.2,-0.04,4.09,12.05,-4.88,2.59,-0.85,0.06,0.56,3
790,10.215,7,0.11800000000000001,-0.16,0.11,0.97,182.04,19.78,10.46,-0.17,-0.3,-0.02,0.0,10.53,-39.06,17.4,-0.09,-0.09,1.02,3
791,10.219,2,-0.42,0.03,-0.1,-0.9,144.73,7.89,9.48,-0.28,-0.03,-0.0,4.09,-69.73,46.23,57.83,0.05,0.35,0.96,3
792,10.221,3,-0.431,0.45,-0.21,0.75,269.17,-29.5,-54.76,0.5,0.08,-0.32,4.09,-47.91,13.28,17.55,0.28,-0.16,0.76,3
793,10.293,5,-0.17300000000000001,-0.14,0.04,0.97,215.3,15.54,7.67,0.07,0.02,0.0,4.09,7.02,-10.22,-0.61,-0.31,0.15,0.94,3
794,10.294,0,-0.768,0.01,-0.64,0.02,358.54,79.24,-14.47,-0.07,-0.12,-0.05,4.09,22.74,-0.15,-23.19,-0.93,0.1,0.11,3
795,10.298,4,0.122,-0.29,-0.07,0.95,175.56,31.73,-13.57,-0.91,-0.03,-0.2,4.09,29.45,-49.74,-89.57,0.33,-0.05,1.11,3
796,10.3,6,0.132,0.05,0.15,-0.98,208.3,8.01,-16.36,-0.12,0.66,-0.31,4.09,18.62,64.7,-34.03,0.15,0.35,0.89,3
797,10.304,2,-0.387,0.05,-0.08,-0.92,148.79,9.0,6.42,-0.04,0.04,-0.14,4.09,-9.92,-14.19,26.86,-0.14,0.1,0.84,3
798,10.307,7,0.10800000000000001,-0.13,0.11,0.98,183.12,16.35,11.74,-0.11,-0.03,-0.05,0.0,6.1,-32.81,12.51,-0.14,0.17,0.93,3
799,10.315,1,-0.9440000000000001,-0.08,-0.3,-0.11,31.59,33.77,14.66,-0.34,0.21,-0.19,4.09,1.68,-23.04,-19.53,-0.78,0.02,0.48,3
800,10.317,3,-0.434,0.41,-0.2,0.78,265.14,-27.24,-49.12,0.54,-0.09,-0.3,4.09,99.03,91.55,-29.91,0.13,-0.21,0.86,3
801,10.397,5,-0.168,-0.14,0.05,0.97,214.72,14.41,8.49,0.08,0.02,-0.0,4.09,8.7,-11.75,-2.75,-0.31,0.21,0.93,3
802,10.398,0,-0.765,0.01,-0.64,0.06,344.48,78.63,-25.55,0.06,0.0,-0.02,4.09,23.5,5.65,-27.62,-0.97,-0.05,0.23,3
803,10.402000000000001,4,0.14400000000000002,-0.22,-0.06,0.96,174.62,24.45,-11.22,0.28,0.26,0.21,4.09,22.74,-21.82,-28.53,-0.74,-0.19,1.0,3
804,10.404000000000002,6,0.096,0.1,0.15,-0.98,203.4,13.47,-16.08,-0.37,0.31,-0.06,4.09,-8.85,68.36,-5.8,0.16,-0.06,1.06,3
805,10.408,1,-0.95,-0.08,-0.29,-0.08,27.85,32.58,13.26,-0.33,0.2,-0.13,4.09,0.15,-15.26,-26.25,-0.79,-0.01,0.58,3
806,10.41,7,0.096,-0.1,0.12,0.98,184.33,13.12,12.29,-0.12,-0.05,0.02,0.0,0.76,-28.53,26.25,-0.1,0.18,1.0,3
807,10.414000000000001,2,-0.387,0.03,-0.08,-0.92,148.76,6.93,7.19,0.18,0.06,0.33,4.09,27.77,-11.29,-19.38,-0.26,0.19,1.42,3
808,10.415,3,-0.389,0.31,-0.14,0.85,250.4,-24.98,-32.74,0.05,-0.12,0.3,4.09,97.66,143.43,-136.87,0.45,-0.78,1.01,3
809,10.509,5,-0.165,-0.12,0.06,0.98,214.19,12.68,8.81,0.04,0.01,0.0,4.09,3.2,-23.8,-3.51,-0.29,0.19,0.94,3
810,10.51,0,-0.759,0.01,-0.64,0.09,330.97,77.86,-36.72,0.11,0.06,-0.04,4.09,25.94,9.77,-21.36,-0.91,-0.17,0.27,3
811,10.515,4,0.16399999999999998,-0.22,-0.06,0.96,172.09,23.48,-12.07,0.31,-0.31,-0.07,4.09,-4.12,-26.09,-8.09,-0.53,-0.56,0.69,3
812,10.517000000000001,6,0.098,0.18,0.18,-0.96,201.74,22.58,-19.41,-0.42,0.41,-0.13,4.09,-35.55,86.36,27.77,0.1,0.02,1.01,3
813,10.523,1,-0.948,-0.08,-0.3,-0.07,26.72,33.76,13.35,-0.75,0.54,0.37,4.09,16.02,39.52,34.64,-1.18,-0.51,0.85,3
814,10.525,7,0.084,-0.08,0.11,0.99,185.4,10.0,12.43,-0.09,-0.16,-0.03,0.0,3.66,-29.3,16.33,-0.05,0.07,0.98,3
815,10.53,2,-0.40700000000000003,0.01,-0.1,-0.91,146.3,5.94,10.49,-0.11,-0.03,-0.13,4.09,31.43,-25.79,-19.07,0.07,0.36,0.73,3
816,10.532,3,-0.35200000000000004,0.21,-0.09,0.91,239.63,-18.93,-18.85,0.01,-0.36,-0.05,4.09,66.53,28.38,-12.51,0.01,-0.43,0.82,3
817,10.600999999999999,5,-0.163,-0.09,0.06,0.98,213.7,9.57,8.61,0.11,0.02,0.04,4.09,-12.97,-40.74,12.66,-0.24,0.18,1.02,3
818,10.602,0,-0.7559999999999999,-0.0,-0.65,0.11,325.96,77.76,-39.19,0.06,-0.07,-0.05,4.09,18.01,6.71,1.07,-0.94,-0.05,0.21,3
819,10.609000000000002,4,0.165,-0.2,-0.06,0.96,172.51,21.06,-11.37,0.01,0.02,0.04,4.09,6.71,-4.27,-5.04,-0.39,-0.17,0.94,3
820,10.61,6,0.121,0.25,0.21,-0.94,202.19,30.93,-23.28,-0.48,0.37,-0.31,4.09,-48.83,80.87,56.46,0.1,-0.06,0.91,3
821,10.616,1,-0.9329999999999999,-0.1,-0.33,-0.1,32.53,36.89,18.23,-0.75,0.21,-0.25,4.09,8.54,17.4,0.76,-1.06,0.05,0.16,3
822,10.619000000000002,7,0.063,-0.05,0.11,0.99,187.47,6.43,12.58,-0.08,-0.06,0.0,0.0,6.41,-30.82,16.33,-0.01,0.16,0.97,3
823,10.627,2,-0.44299999999999995,-0.02,-0.12,-0.89,141.56,4.06,12.79,0.03,0.1,0.02,4.09,35.86,-30.36,-55.69,-0.16,0.27,0.99,3
824,10.629000000000001,3,-0.33399999999999996,0.21,-0.06,0.92,236.94,-19.93,-16.0,0.08,-0.16,-0.29,4.09,3.05,-30.52,-16.02,0.09,-0.26,0.68,3
825,10.698,5,-0.24600000000000002,-0.12,0.08,0.96,224.03,10.79,12.55,0.8,-0.24,0.47,4.09,75.99,120.39,161.44,-1.21,0.37,1.09,3
826,10.7,0,-0.753,-0.01,-0.65,0.11,325.79,78.44,-38.7,0.11,-0.09,-0.05,4.09,-7.02,5.65,3.2,-0.93,-0.01,0.24,3
827,10.706,4,0.172,-0.2,-0.07,0.96,171.54,20.77,-12.01,0.15,-0.01,-0.0,4.09,-5.19,-24.26,7.02,-0.48,-0.27,0.85,3
828,10.708,6,0.161,0.3,0.24,-0.91,205.03,38.26,-25.77,-0.35,0.72,-0.61,4.09,-32.96,39.98,42.88,0.14,0.31,0.78,3
829,10.713,1,-0.9309999999999999,-0.1,-0.34,-0.09,31.73,37.96,17.95,-0.6,0.26,-0.3,4.09,-0.61,4.58,-25.33,-0.93,-0.02,0.16,3
830,10.715,7,0.038,-0.01,0.11,0.99,189.83,1.57,12.97,-0.09,-0.0,-0.05,0.0,2.9,-46.54,45.17,0.07,0.23,0.92,3
831,10.72,2,-0.46799999999999997,-0.03,-0.12,-0.87,138.23,3.65,13.92,0.04,-0.11,0.04,4.09,0.46,-21.82,-2.9,-0.01,0.2,1.03,3
832,10.722999999999999,3,-0.33,0.23,-0.07,0.91,237.23,-22.42,-17.38,0.41,-0.81,0.72,4.09,-14.5,-39.22,48.37,-0.17,-0.85,1.77,3
833,10.81,5,-0.313,-0.23,0.09,0.92,235.5,21.4,19.57,1.1,-0.07,-0.11,4.09,58.44,131.53,-70.04,-1.11,0.84,0.26,3
834,10.811,0,-0.7559999999999999,-0.02,-0.65,0.09,335.88,79.53,-29.8,0.18,-0.14,-0.07,4.09,-17.7,-0.15,40.59,-0.87,0.05,0.32,3
835,10.817,4,0.172,-0.17,-0.06,0.97,172.15,18.2,-11.17,0.07,0.0,0.0,4.09,5.65,-27.01,2.44,-0.37,-0.18,0.92,3
836,10.819,6,0.182,0.3,0.25,-0.9,207.45,38.82,-26.37,-0.94,1.76,-0.12,4.09,4.73,-50.51,-6.1,0.24,0.65,1.98,3
837,10.825,1,-0.934,-0.09,-0.34,-0.08,29.15,38.03,16.58,-0.42,0.39,-0.15,4.09,-5.8,-1.98,-12.21,-0.92,-0.17,0.41,3
838,10.827,7,0.042,0.05,0.12,0.99,188.65,-4.6,13.55,-0.09,-0.0,0.07,0.0,-6.56,-66.53,-0.61,0.2,0.25,1.04,3
839,10.833,2,-0.48100000000000004,-0.05,-0.12,-0.87,136.23,1.89,14.58,0.04,-0.05,-0.04,4.09,8.09,-24.72,-29.75,-0.01,0.17,0.95,3
840,10.834000000000001,3,-0.33399999999999996,0.25,-0.08,0.91,238.52,-23.07,-19.67,-0.14,-0.46,-0.25,4.09,-7.63,-39.52,20.14,0.1,-0.63,0.61,3
841,10.913,5,-0.259,-0.34,0.08,0.9,233.21,34.62,22.54,-0.12,0.33,-0.12,4.09,30.67,84.69,-92.93,-0.26,0.52,0.78,3
842,10.915,0,-0.7609999999999999,-0.02,-0.65,0.04,0.31,80.63,-8.39,-0.18,-0.02,0.08,4.09,-29.75,-3.97,31.74,-1.11,-0.05,0.03,3
843,10.92,4,0.16899999999999998,-0.15,-0.07,0.97,172.73,16.11,-10.92,0.14,-0.05,-0.0,4.09,-1.68,-22.89,1.98,-0.36,-0.29,0.89,3
844,10.923,6,0.165,0.25,0.25,-0.92,206.36,32.92,-26.66,-0.31,0.3,-0.26,4.09,23.65,-55.54,-25.79,-0.17,-0.36,0.88,3
845,10.929,2,-0.503,-0.07,-0.12,-0.85,132.98,-0.27,15.57,-0.02,-0.05,-0.01,4.09,15.87,-27.01,-30.67,0.07,0.23,0.92,3
846,10.931,7,0.049,0.09,0.11,0.99,187.28,-9.56,13.4,0.08,-0.23,0.2,0.0,-7.17,-16.33,-18.16,0.15,0.01,1.21,3
847,10.937000000000001,1,-0.9359999999999999,-0.08,-0.33,-0.07,27.97,37.85,15.15,-0.46,0.21,-0.17,4.09,-16.48,-11.44,1.22,-0.9,0.0,0.37,3
848,10.94,3,-0.363,0.27,-0.08,0.89,243.64,-25.35,-22.14,0.23,-0.27,-0.05,4.09,-22.13,-10.07,11.75,0.13,-0.38,0.93,3
849,11.005999999999998,5,-0.16899999999999998,-0.36,0.03,0.92,220.15,40.78,13.93,-1.0,0.31,0.2,4.09,-31.13,-33.42,-131.38,-0.03,0.26,1.6,3
850,11.008,0,-0.762,-0.01,-0.65,0.01,13.47,80.75,1.4,-0.19,-0.01,0.03,4.09,-33.11,-1.53,20.6,-0.97,-0.04,-0.0,3
851,11.013,4,0.165,-0.14,-0.07,0.97,173.42,14.0,-11.08,0.11,-0.03,-0.0,4.09,-3.2,-8.54,-4.12,-0.34,-0.25,0.91,3
852,11.015,6,0.162,0.21,0.24,-0.93,207.28,27.68,-25.59,-0.19,0.67,-0.35,4.09,-0.46,-37.69,20.14,0.06,0.25,0.97,3
853,11.02,1,-0.9390000000000001,-0.07,-0.33,-0.08,27.75,37.1,13.38,-0.38,0.29,-0.2,4.09,-20.6,-15.87,20.75,-0.83,-0.09,0.42,3
854,11.024000000000001,7,0.028999999999999998,0.08,0.09,0.99,189.88,-8.93,10.49,0.11,-0.39,0.06,0.0,-41.05,60.12,37.08,0.12,-0.16,1.11,3
855,11.029000000000002,2,-0.528,-0.1,-0.12,-0.83,129.04,-2.2,17.59,-0.02,-0.03,0.01,4.09,16.63,-18.16,-30.82,0.08,0.34,0.97,3
856,11.030999999999999,3,-0.381,0.29,-0.08,0.87,247.04,-26.53,-24.34,0.29,-0.25,-0.04,4.09,4.43,-27.01,21.51,0.11,-0.36,0.94,3
857,11.099,5,-0.162,-0.32,0.01,0.93,216.52,37.04,8.31,-1.08,0.32,-0.66,4.09,-23.5,-86.52,55.85,0.85,0.08,0.99,3
858,11.1,0,-0.76,-0.01,-0.65,-0.03,32.01,80.67,16.37,0.01,0.03,-0.07,4.09,-27.62,5.34,33.57,-0.92,0.01,0.15,3
859,11.104000000000001,4,0.166,-0.13,-0.08,0.97,173.44,12.82,-11.28,0.1,-0.01,0.0,4.09,-0.76,-8.7,-1.07,-0.32,-0.22,0.93,3
860,11.107000000000001,6,0.163,0.18,0.24,-0.94,208.09,24.77,-25.48,-0.5,0.5,-0.19,4.09,0.0,-22.13,6.41,0.2,-0.08,1.05,3
861,11.133,1,-0.943,-0.06,-0.31,-0.1,30.54,35.05,12.77,-0.32,0.26,-0.11,4.09,-24.87,-14.34,37.38,-0.83,-0.05,0.52,3
862,11.135,7,0.003,0.02,0.06,1.0,193.56,-1.79,6.38,0.19,0.12,0.06,0.0,-26.25,100.4,-0.15,-0.14,0.23,1.06,3
863,11.14,2,-0.555,-0.12,-0.13,-0.81,124.84,-3.23,20.44,0.12,-0.12,-0.02,4.09,31.89,-20.6,-42.42,0.09,0.15,0.97,3
864,11.142000000000001,3,-0.40700000000000003,0.3,-0.09,0.86,251.3,-26.53,-26.62,0.29,-0.13,-0.08,4.09,-1.83,-25.02,27.31,0.15,-0.32,0.95,3
865,11.200999999999999,5,-0.17600000000000002,-0.26,-0.0,0.95,216.59,29.28,5.88,0.65,-0.55,0.38,4.09,-21.21,-21.82,30.36,-2.22,-0.2,1.05,3
866,11.203,0,-0.754,-0.01,-0.65,-0.06,49.76,80.18,31.64,0.12,-0.0,-0.01,4.09,-20.6,5.8,24.57,-0.96,0.08,0.27,3
867,11.207,4,0.16699999999999998,-0.11,-0.08,0.98,173.6,11.31,-10.93,0.15,0.0,-0.01,4.09,9.0,-30.06,4.73,-0.31,-0.2,0.93,3
868,11.208,6,0.162,0.17,0.24,-0.94,208.36,22.96,-25.24,-0.23,0.6,-0.31,4.09,3.66,-26.4,-18.16,0.08,0.13,0.94,3
869,11.212,1,-0.9420000000000001,-0.06,-0.31,-0.13,33.43,34.15,13.15,-0.3,0.34,-0.05,4.09,-14.04,-3.2,21.36,-0.87,-0.11,0.59,3
870,11.214,7,0.018000000000000002,-0.09,0.04,0.99,192.43,10.64,4.96,-0.01,0.13,0.1,0.0,8.54,131.99,-37.84,-0.18,0.27,1.06,3
871,11.218,2,-0.57,-0.15,-0.15,-0.79,121.99,-3.54,24.01,0.02,-0.12,0.0,4.09,45.17,-4.73,-9.46,0.18,0.35,0.94,3
872,11.219000000000001,3,-0.43200000000000005,0.31,-0.1,0.84,254.99,-25.69,-28.67,0.27,-0.15,-0.09,4.09,-19.68,-15.72,27.92,0.15,-0.3,0.9,3
873,11.312999999999999,5,-0.19399999999999998,-0.23,0.0,0.95,218.45,25.96,6.25,0.01,-0.0,0.01,4.09,-3.66,-48.98,-9.77,-0.44,0.13,0.91,3
874,11.314,0,-0.75,-0.0,-0.66,-0.08,59.2,79.73,38.96,0.15,0.0,0.03,4.09,-15.72,12.21,13.12,-1.0,0.1,0.29,3
875,11.318,4,0.159,-0.08,-0.08,0.98,174.89,8.18,-10.14,0.15,-0.05,0.03,4.09,17.24,-29.91,-0.61,-0.27,-0.27,0.99,3
876,11.32,6,0.14400000000000002,0.13,0.23,-0.95,207.13,18.83,-24.56,-0.33,0.46,-0.21,4.09,8.7,-35.71,-13.73,0.15,-0.05,0.97,3
877,11.324000000000002,1,-0.94,-0.04,-0.32,-0.12,31.63,36.19,10.82,-0.5,0.17,-0.17,4.09,-7.78,51.12,-47.45,-0.94,-0.03,0.28,3
878,11.325999999999999,7,0.063,-0.19,0.06,0.98,187.9,22.75,6.02,-0.29,-0.02,-0.29,0.0,27.16,94.91,-62.1,-0.01,0.08,0.76,3
879,11.33,2,-0.5660000000000001,-0.19,-0.18,-0.78,120.76,-5.47,29.83,0.15,0.06,0.1,4.09,73.39,-21.06,37.08,-0.01,0.49,1.03,3
880,11.332,3,-0.449,0.31,-0.12,0.83,258.03,-24.29,-31.91,0.23,-0.17,-0.12,4.09,-31.28,-10.53,23.65,0.13,-0.35,0.85,3
881,11.405,5,-0.217,-0.21,-0.0,0.95,220.82,23.65,5.56,0.03,-0.05,0.04,4.09,-5.8,-10.68,17.4,-0.46,0.07,0.92,3
882,11.407,0,-0.747,0.0,-0.66,-0.09,62.16,80.07,40.74,-0.08,-0.19,0.08,4.09,5.19,-4.43,-22.74,-1.08,0.3,0.11,3
883,11.411,4,0.193,-0.07,-0.08,0.97,171.02,6.4,-10.9,1.42,0.07,0.43,4.09,-70.65,110.17,-80.87,-1.64,-0.59,1.07,3
884,11.413,6,0.131,0.09,0.2,-0.97,206.92,13.17,-22.19,-0.25,0.49,-0.27,4.09,12.66,-61.49,-25.48,0.18,0.06,0.9,3
885,11.417,1,-0.934,-0.04,-0.34,-0.1,30.44,38.87,10.5,-0.55,0.5,-0.21,4.09,-6.71,3.51,21.36,-1.03,-0.29,0.25,3
886,11.419,7,0.107,-0.25,0.08,0.96,182.93,29.68,6.27,-0.47,-0.21,-0.39,0.0,16.63,19.84,-19.53,0.14,-0.03,0.79,3
887,11.423,2,-0.5479999999999999,-0.23,-0.21,-0.78,121.16,-7.77,35.53,0.36,-0.03,-0.14,4.09,-18.77,25.18,-6.71,-0.02,0.18,0.89,3
888,11.425,3,-0.47200000000000003,0.33,-0.15,0.81,262.28,-22.31,-36.71,0.45,-0.1,-0.1,4.09,-43.64,-1.53,12.97,0.11,-0.28,0.99,3
889,11.515999999999998,5,-0.218,-0.2,0.0,0.96,220.9,22.15,5.73,0.06,0.0,0.01,4.09,-10.07,-23.04,3.97,-0.43,0.13,0.91,3
890,11.517000000000001,0,-0.754,0.01,-0.65,-0.07,47.76,80.55,27.33,0.06,0.08,-0.06,4.09,5.04,-18.77,-15.26,-0.93,0.0,0.18,3
891,11.520999999999999,4,0.175,-0.19,-0.11,0.96,170.37,19.02,-17.53,1.03,-0.19,-0.24,4.09,-78.89,99.18,134.89,-1.08,-0.62,0.36,3
892,11.523,6,0.12,0.03,0.18,-0.98,206.91,6.21,-20.3,-0.56,0.14,0.01,4.09,18.01,-34.03,-4.27,0.64,-0.24,0.98,3
893,11.527000000000001,1,-0.9329999999999999,-0.04,-0.33,-0.13,34.54,37.33,12.44,-0.5,0.06,-0.16,4.09,0.76,-13.73,25.48,-0.89,0.19,0.37,3
894,11.529000000000002,7,0.12,-0.24,0.09,0.96,181.66,28.55,7.31,-0.55,-0.24,-0.4,0.0,14.8,-63.93,5.04,0.21,-0.05,0.99,3
895,11.533,2,-0.53,-0.15,-0.19,-0.81,127.15,-2.86,27.89,0.24,-0.13,-0.2,4.09,-110.47,107.27,110.32,0.08,0.19,0.83,3
896,11.534,3,-0.475,0.34,-0.18,0.79,264.27,-22.06,-40.57,0.07,-0.09,-0.14,4.09,-51.27,-28.08,33.26,0.23,-0.49,0.62,3
897,11.62,5,-0.21899999999999997,-0.18,0.0,0.96,220.7,20.2,5.31,0.1,0.05,0.0,4.09,1.53,-9.31,4.27,-0.41,0.19,0.9,3
898,11.620999999999999,0,-0.762,0.02,-0.65,-0.04,29.01,80.38,10.19,-0.1,-0.0,0.14,4.09,18.31,-5.19,-20.29,-1.12,-0.14,0.16,3
899,11.626,4,0.12,-0.29,-0.13,0.94,173.49,30.79,-21.71,-0.36,-0.15,-0.21,4.09,-27.01,75.84,45.01,-0.05,-0.32,0.83,3
900,11.628,6,0.131,0.02,0.17,-0.98,208.54,4.4,-18.99,-0.21,0.68,-0.22,4.09,16.02,-43.49,-21.51,0.31,0.32,0.98,3
901,11.632,1,-0.932,-0.06,-0.33,-0.14,36.1,36.47,14.91,-0.48,0.16,-0.25,4.09,8.39,-7.63,-2.14,-0.84,0.09,0.31,3
902,11.634,7,0.11900000000000001,-0.2,0.1,0.97,182.14,24.69,9.47,-0.07,0.02,-0.22,0.0,10.68,-32.81,50.66,-0.3,0.23,0.79,3
903,11.639000000000001,2,-0.43,-0.05,-0.14,-0.89,142.88,2.02,16.69,-0.34,-0.02,0.03,4.09,-109.71,98.11,92.62,0.16,0.51,0.89,3
904,11.642999999999999,3,-0.478,0.38,-0.2,0.76,268.32,-23.06,-47.42,0.54,-0.18,0.09,4.09,-37.38,-35.71,3.97,0.12,-0.63,1.08,3
905,11.710999999999999,5,-0.221,-0.17,0.01,0.96,220.85,19.21,5.24,0.03,0.01,0.01,4.09,0.92,-8.85,-1.53,-0.35,0.09,0.94,3
906,11.712,0,-0.762,0.01,-0.65,-0.01,18.02,80.7,2.5,-0.18,-0.06,0.14,4.09,35.55,1.68,-21.51,-1.16,0.06,0.01,3
907,11.716,4,0.094,-0.31,-0.11,0.94,176.94,33.98,-18.35,-0.86,0.04,-0.22,4.09,60.27,-30.52,11.75,0.27,-0.08,1.14,3
908,11.718,6,0.12,0.01,0.16,-0.98,207.58,2.8,-18.47,-0.08,0.7,-0.04,4.09,15.41,31.13,0.92,0.2,0.37,1.13,3
909,11.720999999999998,1,-0.935,-0.07,-0.32,-0.13,34.52,35.94,15.65,-0.32,0.15,-0.07,4.09,20.75,-12.51,-19.53,-0.83,0.11,0.53,3
910,11.722999999999999,7,0.102,-0.17,0.11,0.97,184.15,20.79,11.08,-0.25,-0.11,-0.02,0.0,10.53,-34.18,7.17,-0.07,0.09,1.0,3
911,11.727,2,-0.36700000000000005,0.04,-0.09,-0.93,151.29,7.44,7.94,-0.23,0.23,-0.05,4.09,-74.62,26.4,15.26,-0.24,0.31,0.88,3
912,11.729000000000001,3,-0.47,0.42,-0.23,0.74,271.28,-24.15,-53.97,0.46,-0.16,-0.46,4.09,3.81,6.87,21.67,-0.02,-0.24,0.69,3
913,11.802999999999999,5,-0.217,-0.17,0.01,0.96,220.38,18.49,5.35,0.11,0.02,-0.0,4.09,3.81,-16.33,-9.77,-0.38,0.14,0.92,3
914,11.804,0,-0.7609999999999999,0.0,-0.65,0.02,3.56,80.67,-9.42,-0.03,-0.04,-0.09,4.09,20.6,3.97,-32.5,-0.9,0.03,0.13,3
915,11.81,4,0.077,-0.23,-0.05,0.97,182.81,26.46,-8.85,-0.34,0.14,1.08,4.09,27.31,-57.07,-17.7,-0.18,0.02,1.7,3
916,11.812000000000001,6,0.099,0.06,0.16,-0.98,204.29,8.36,-17.89,-0.13,0.68,-0.26,4.09,21.21,79.96,-33.57,0.11,0.36,0.93,3
917,11.818,1,-0.941,-0.09,-0.31,-0.1,30.66,35.09,15.7,-0.31,0.26,-0.15,4.09,18.31,-20.75,-31.59,-0.8,-0.03,0.5,3
918,11.82,7,0.08900000000000001,-0.14,0.11,0.98,185.5,17.28,12.03,-0.14,0.02,-0.04,0.0,2.9,-28.99,12.66,-0.15,0.21,0.94,3
919,11.825,2,-0.341,0.05,-0.08,-0.94,154.5,8.15,7.37,-0.24,0.71,0.46,4.09,28.23,-24.87,-47.0,-0.51,0.82,1.38,3
920,11.825999999999999,3,-0.47700000000000004,0.36,-0.21,0.77,266.42,-21.22,-45.67,0.45,0.0,-0.18,4.09,79.8,96.44,-85.91,0.18,-0.3,0.89,3
921,11.914000000000001,5,-0.21100000000000002,-0.15,0.01,0.97,219.55,17.0,5.55,0.1,-0.01,-0.0,4.09,6.56,-18.77,-10.07,-0.37,0.13,0.92,3
922,11.915,0,-0.7559999999999999,0.01,-0.65,0.05,344.5,80.54,-26.12,0.02,0.0,-0.01,4.09,22.43,8.54,-32.5,-0.97,-0.08,0.16,3
923,11.919,4,0.124,-0.23,-0.06,0.96,176.88,24.92,-11.18,0.26,0.01,-0.09,4.09,-12.21,-22.89,-6.26,-0.6,-0.24,0.68,3
924,11.921,6,0.044000000000000004,0.12,0.16,-0.98,196.93,14.15,-18.58,-0.44,0.24,0.04,4.09,-15.72,84.99,-5.34,0.18,-0.16,1.11,3
925,11.925999999999998,1,-0.9470000000000001,-0.09,-0.3,-0.07,26.44,34.13,14.63,-0.35,0.25,0.03,4.09,11.14,0.15,-19.23,-0.91,0.02,0.65,3
926,11.927,7,0.081,-0.12,0.11,0.98,186.17,14.25,12.01,-0.12,-0.07,0.01,0.0,-1.68,-25.48,13.73,-0.13,0.15,1.0,3
927,11.931,2,-0.36,0.03,-0.1,-0.93,152.21,7.7,9.42,-0.17,0.14,-0.06,4.09,32.5,-31.89,-0.61,-0.1,0.41,0.89,3
928,11.933,3,-0.418,0.28,-0.16,0.85,252.42,-19.81,-33.13,0.12,-0.1,0.13,4.09,89.42,86.36,-64.09,0.24,-0.55,0.96,3
929,12.005999999999998,5,-0.2,-0.13,0.02,0.97,217.96,13.88,5.22,0.04,0.01,0.01,4.09,-15.72,-42.57,-5.65,-0.27,0.11,0.98,3
930,12.008,0,-0.75,0.01,-0.66,0.08,327.46,79.64,-40.47,0.09,0.07,0.02,4.09,25.79,10.53,-22.89,-0.98,-0.2,0.24,3
931,12.012,4,0.129,-0.21,-0.07,0.97,176.43,22.89,-11.78,0.12,-0.01,-0.0,4.09,2.14,-16.48,-17.09,-0.48,-0.18,0.85,3
932,12.013,6,0.048,0.21,0.19,-0.96,194.9,24.41,-22.53,-0.46,0.38,-0.19,4.09,-35.55,92.77,32.5,0.09,0.01,0.95,3
933,12.017000000000001,1,-0.938,-0.11,-0.32,-0.06,26.58,36.54,17.16,-0.35,0.79,-0.01,4.09,25.63,54.32,39.37,-0.88,-0.57,0.69,3
934,12.019,7,0.062,-0.09,0.11,0.99,188.02,11.05,11.96,-0.11,-0.08,-0.04,0.0,0.92,-28.53,22.28,-0.07,0.13,0.97,3
935,12.023,2,-0.39799999999999996,0.01,-0.11,-0.91,147.43,6.02,11.57,-0.08,0.12,-0.0,4.09,29.14,-9.61,-20.6,-0.08,0.36,0.9,3
936,12.025,3,-0.38299999999999995,0.21,-0.12,0.89,244.03,-16.76,-23.12,-0.0,-0.28,0.04,4.09,59.36,37.54,-39.22,0.09,-0.55,0.88,3
937,12.118,5,-0.205,-0.1,0.02,0.97,218.33,11.22,4.39,0.25,-0.08,0.09,4.09,-13.73,-25.18,14.34,-0.49,0.08,1.05,3
938,12.119000000000002,0,-0.746,-0.0,-0.66,0.1,320.82,79.16,-44.48,0.09,-0.04,0.0,4.09,17.24,4.73,7.32,-0.94,-0.06,0.19,3
939,12.123,4,0.128,-0.19,-0.08,0.97,176.7,20.9,-12.7,0.04,0.05,0.02,4.09,-20.6,-10.07,-1.98,-0.41,-0.2,0.91,3
940,12.125,6,0.069,0.27,0.22,-0.93,194.48,32.75,-26.78,-0.5,0.43,-0.48,4.09,-40.44,56.92,35.25,0.15,0.06,0.84,3
941,12.13,2,-0.428,-0.01,-0.14,-0.89,143.59,5.76,14.72,-0.02,0.06,0.08,4.09,20.9,-36.77,-59.51,-0.13,0.38,1.11,3
942,12.132,7,0.040999999999999995,-0.06,0.11,0.99,190.03,7.16,11.99,-0.05,-0.02,0.01,0.0,2.29,-40.89,20.45,-0.06,0.21,0.98,3
943,12.142000000000001,1,-0.925,-0.12,-0.35,-0.07,30.6,39.23,21.17,-0.63,0.36,-0.17,4.09,5.65,12.66,0.0,-1.06,-0.16,0.3,3
944,12.144,3,-0.37799999999999995,0.2,-0.09,0.9,242.61,-17.14,-19.38,0.04,-0.17,-0.19,4.09,22.89,-19.68,-28.84,0.09,-0.28,0.64,3
945,12.209000000000001,5,-0.287,-0.14,0.03,0.95,228.71,14.1,7.67,1.06,-0.78,0.04,4.09,39.98,130.77,187.07,-1.85,-0.13,0.42,3
946,12.210999999999999,0,-0.746,-0.01,-0.66,0.1,322.54,79.65,-42.25,0.1,0.12,0.04,4.09,-5.8,-0.76,8.09,-1.03,-0.27,0.21,3
947,12.215,4,0.134,-0.19,-0.09,0.97,175.58,20.6,-14.46,0.13,-0.01,-0.0,4.09,0.61,-23.5,-0.15,-0.46,-0.27,0.86,3
948,12.216,7,0.038,-0.01,0.1,0.99,189.93,2.0,11.88,-0.11,-0.07,-0.05,0.0,-2.9,-47.45,14.04,0.07,0.14,0.93,3
949,12.22,2,-0.45899999999999996,-0.03,-0.13,-0.88,139.36,3.96,15.26,-0.18,0.11,-0.07,4.09,15.56,-34.33,-13.43,-0.04,0.5,0.84,3
950,12.222999999999999,3,-0.37799999999999995,0.22,-0.09,0.9,243.09,-18.85,-19.54,0.45,-0.28,0.18,4.09,-18.77,2.59,25.33,-0.04,-0.2,1.08,3
951,12.241,5,-0.305,-0.24,0.03,0.92,233.37,24.64,12.47,0.5,0.27,-0.26,4.09,73.55,93.23,-86.82,-0.58,0.67,0.55,3
952,12.243,6,0.10099999999999999,0.3,0.25,-0.92,196.69,37.12,-29.1,-0.41,0.64,-0.9,4.09,-29.14,-12.66,28.38,0.27,0.38,0.63,3
953,12.319,4,0.133,-0.18,-0.1,0.97,175.93,19.04,-14.52,0.1,0.03,-0.01,4.09,-5.95,-9.61,-0.61,-0.42,-0.23,0.87,3
954,12.321,0,-0.7509999999999999,-0.02,-0.66,0.07,339.44,81.09,-26.99,0.12,-0.01,-0.06,4.09,-23.65,-3.05,41.66,-0.95,-0.04,0.26,3
955,12.327,1,-0.927,-0.1,-0.36,-0.05,26.43,40.57,17.45,-0.47,0.33,-0.24,4.09,-1.98,-0.15,-10.68,-0.9,-0.15,0.28,3
956,12.328,6,0.11900000000000001,0.27,0.25,-0.92,199.79,33.97,-28.71,-0.46,1.44,0.23,4.09,5.49,-39.22,-15.41,-0.19,0.5,1.78,3
957,12.332,2,-0.478,-0.05,-0.14,-0.87,136.66,2.39,16.6,0.02,-0.05,-0.02,4.09,11.44,-11.9,-4.12,-0.0,0.28,0.95,3
958,12.334000000000001,7,0.033,0.04,0.1,0.99,189.85,-3.85,11.35,-0.05,0.03,0.13,0.0,-9.0,-64.54,8.54,0.14,0.27,1.09,3
959,12.338,5,-0.213,-0.32,0.03,0.92,224.51,35.18,14.02,-0.11,0.21,-0.06,4.09,38.76,65.31,-88.2,-0.25,0.23,0.85,3
960,12.34,3,-0.386,0.23,-0.09,0.89,244.91,-20.0,-21.56,0.07,-0.3,-0.04,4.09,1.07,-38.76,33.57,0.06,-0.5,0.89,3
961,12.413,4,0.129,-0.17,-0.1,0.97,176.59,17.8,-14.96,0.13,-0.05,-0.0,4.09,-1.37,-14.19,0.0,-0.4,-0.31,0.87,3
962,12.414000000000001,0,-0.754,-0.02,-0.66,0.03,7.76,81.95,-2.0,-0.06,-0.16,0.08,4.09,-37.84,-3.05,28.23,-1.09,0.16,0.08,3
963,12.418,1,-0.9309999999999999,-0.09,-0.35,-0.05,25.43,40.05,15.73,-0.4,0.24,-0.12,4.09,-19.84,-9.77,5.19,-0.89,-0.05,0.42,3
964,12.42,6,0.10400000000000001,0.23,0.25,-0.94,199.38,28.43,-28.56,-0.53,0.25,0.01,4.09,5.95,-48.37,-22.13,-0.01,-0.54,1.17,3
965,12.425,2,-0.49200000000000005,-0.08,-0.14,-0.86,134.32,0.05,17.92,-0.04,0.09,0.0,4.09,13.28,-35.55,-27.31,-0.06,0.38,0.93,3
966,12.427,7,0.04,0.08,0.09,0.99,188.62,-8.4,10.58,0.12,-0.26,0.13,0.0,-6.1,2.75,1.83,0.1,-0.05,0.95,3
967,12.43,5,-0.127,-0.35,0.02,0.93,212.94,40.12,8.89,-0.85,0.21,-0.0,4.09,2.29,-7.17,-70.65,0.03,0.13,1.33,3
968,12.432,3,-0.41100000000000003,0.26,-0.1,0.87,249.37,-20.98,-24.79,0.2,-0.2,0.07,4.09,-12.05,-25.48,35.55,0.14,-0.42,1.04,3
969,12.525,4,0.129,-0.16,-0.11,0.97,176.66,16.73,-15.26,0.13,-0.02,-0.01,4.09,-7.48,-14.19,1.37,-0.4,-0.29,0.87,3
970,12.527000000000001,0,-0.754,-0.01,-0.66,-0.0,24.54,81.89,11.22,-0.13,-0.04,-0.05,4.09,-29.91,-2.75,18.92,-0.93,0.04,0.01,3
971,12.530999999999999,1,-0.9359999999999999,-0.08,-0.34,-0.05,25.37,38.8,13.58,-0.35,0.25,-0.14,4.09,-19.99,-21.21,19.84,-0.83,-0.08,0.45,3
972,12.532,7,0.026000000000000002,0.06,0.07,1.0,190.61,-6.09,8.12,0.1,-0.31,0.02,0.0,-40.59,69.43,18.92,0.01,-0.15,1.05,3
973,12.536,2,-0.514,-0.1,-0.14,-0.84,130.89,-1.65,19.34,0.03,-0.06,-0.04,4.09,15.87,-21.82,-23.04,0.07,0.27,0.92,3
974,12.538,3,-0.433,0.27,-0.1,0.85,253.04,-22.14,-25.96,0.13,-0.2,-0.04,4.09,7.17,-24.72,26.4,0.14,-0.42,0.89,3
975,12.543,5,-0.132,-0.32,0.01,0.94,212.52,36.37,7.67,-1.3,0.1,-0.63,4.09,-31.28,-100.25,22.58,0.7,-0.22,1.12,3
976,12.546,6,0.10400000000000001,0.19,0.25,-0.94,200.28,24.66,-28.4,-0.4,0.78,-0.51,4.09,5.34,-30.67,11.14,0.24,0.33,0.97,3
977,12.62,4,0.125,-0.15,-0.11,0.97,177.4,14.86,-15.56,0.09,0.02,0.0,4.09,-5.19,-23.96,3.2,-0.35,-0.25,0.9,3
978,12.620999999999999,0,-0.753,-0.01,-0.66,-0.04,41.4,81.24,25.36,0.04,0.02,-0.1,4.09,-24.26,3.2,28.53,-0.9,0.06,0.15,3
979,12.627,1,-0.9390000000000001,-0.07,-0.33,-0.07,27.36,37.34,13.0,-0.34,0.24,-0.06,4.09,-22.74,3.36,20.45,-0.88,-0.02,0.52,3
980,12.629000000000001,6,0.10300000000000001,0.17,0.25,-0.95,200.93,21.65,-28.06,-0.45,0.46,-0.18,4.09,5.19,-16.33,-2.59,0.16,-0.08,1.02,3
981,12.633,2,-0.532,-0.12,-0.14,-0.83,127.96,-2.73,21.64,0.14,-0.11,0.03,4.09,34.48,-9.46,-26.86,0.09,0.19,1.02,3
982,12.635,7,0.012,-0.02,0.04,1.0,192.78,1.85,4.55,0.14,0.21,0.2,0.0,-13.28,104.52,-18.92,-0.18,0.31,1.17,3
983,12.638,5,-0.177,-0.25,-0.0,0.95,216.54,28.93,5.62,-0.13,-0.02,0.31,4.09,-14.65,-27.92,49.74,-0.64,0.13,1.17,3
984,12.642000000000001,3,-0.45399999999999996,0.28,-0.11,0.84,256.14,-21.55,-27.66,0.35,-0.17,-0.02,4.09,-13.73,-7.02,9.77,0.06,-0.26,1.03,3
985,12.714,4,0.11800000000000001,-0.12,-0.12,0.98,178.62,11.95,-15.66,0.12,-0.02,-0.01,4.09,6.41,-39.22,2.14,-0.34,-0.29,0.9,3
986,12.715,0,-0.75,-0.02,-0.66,-0.06,56.07,80.21,38.19,0.12,-0.03,-0.0,4.09,-10.53,7.02,20.45,-0.96,0.11,0.25,3
987,12.719000000000001,2,-0.535,-0.14,-0.16,-0.82,126.83,-3.75,24.42,-0.09,-0.1,-0.04,4.09,42.42,-13.43,-0.92,0.21,0.44,0.83,3
988,12.720999999999998,6,0.098,0.15,0.23,-0.96,201.26,19.22,-26.03,-0.29,0.59,-0.26,4.09,6.71,-25.94,-9.92,0.1,0.14,0.97,3
989,12.725999999999999,1,-0.937,-0.06,-0.33,-0.09,29.38,37.76,12.6,-0.43,0.33,-0.18,4.09,-16.94,-1.07,18.46,-1.02,-0.12,0.4,3
990,12.727,7,0.036000000000000004,-0.12,0.04,0.99,190.38,13.61,3.99,-0.14,0.19,0.04,0.0,13.58,126.34,-38.91,-0.1,0.26,1.0,3
991,12.731,5,-0.177,-0.22,-0.0,0.96,215.91,24.82,4.6,0.04,0.09,-0.01,4.09,-21.06,-27.92,13.43,-0.44,0.13,0.89,3
992,12.732999999999999,3,-0.466,0.28,-0.12,0.83,258.17,-20.84,-29.3,0.33,-0.11,-0.03,4.09,-22.58,-9.61,10.38,0.12,-0.31,0.97,3
993,12.827,4,0.114,-0.09,-0.12,0.98,179.76,8.12,-14.72,0.1,-0.02,0.07,4.09,14.8,-28.99,-6.56,-0.24,-0.3,1.0,3
994,12.829,0,-0.748,-0.02,-0.66,-0.08,63.3,79.57,44.19,0.18,-0.01,-0.03,4.09,-11.75,7.02,5.04,-0.93,0.11,0.28,3
995,12.835,1,-0.934,-0.04,-0.34,-0.08,27.05,39.64,10.05,-0.66,0.52,-0.39,4.09,3.36,29.14,-9.77,-0.98,-0.36,0.04,3
996,12.837,6,0.08,0.11,0.21,-0.97,200.39,14.56,-23.65,-0.31,0.47,-0.21,4.09,9.31,-35.55,-7.17,0.15,0.07,0.96,3
997,12.842,5,-0.188,-0.2,-0.01,0.96,216.93,23.28,3.66,0.01,-0.01,0.01,4.09,6.56,-4.12,0.0,-0.42,0.04,0.91,3
998,12.847000000000001,7,0.081,-0.21,0.06,0.97,185.64,24.66,4.93,-0.39,0.03,-0.47,0.0,32.04,65.0,-68.82,0.16,0.08,0.6,3
999,12.852,2,-0.532,-0.2,-0.18,-0.8,124.85,-7.46,30.69,0.14,0.1,0.04,4.09,65.61,-30.98,44.56,-0.03,0.53,1.05,3
1000,12.855,3,-0.48,0.29,-0.15,0.81,260.97,-19.71,-33.29,0.26,-0.07,-0.1,4.09,-37.99,-17.24,33.26,0.13,-0.37,0.83,3
1001,12.924000000000001,4,0.14,-0.07,-0.12,0.98,177.04,5.92,-14.45,1.42,0.11,0.32,4.09,-42.42,61.8,-47.91,-1.59,-0.64,0.93,3
1002,12.925999999999998,0,-0.748,-0.01,-0.66,-0.08,61.59,79.73,41.7,-0.06,-0.27,0.08,4.09,4.88,-13.73,-25.79,-1.04,0.35,0.12,3
1003,12.933,2,-0.519,-0.23,-0.21,-0.8,125.01,-9.01,35.18,0.26,-0.09,-0.12,4.09,-10.53,31.28,0.76,0.06,0.21,0.88,3
1004,12.935,6,0.06,0.07,0.18,-0.98,199.4,8.95,-20.87,-0.34,0.33,-0.17,4.09,18.62,-54.78,-16.48,0.29,-0.05,0.94,3
1005,12.943,1,-0.9329999999999999,-0.05,-0.35,-0.08,28.37,39.82,11.39,-0.56,0.32,-0.19,4.09,-5.49,-1.83,25.48,-0.99,-0.1,0.23,3
1006,12.946,7,0.113,-0.24,0.08,0.96,182.12,28.08,6.02,-0.5,-0.2,-0.39,0.0,23.8,-17.55,-2.29,0.16,-0.03,0.81,3
1007,12.95,5,-0.187,-0.19,-0.01,0.96,216.71,21.97,3.8,0.07,0.01,0.0,4.09,-8.39,-25.48,-1.37,-0.41,0.1,0.92,3
1008,12.952,3,-0.503,0.31,-0.17,0.79,265.06,-18.35,-37.0,0.48,0.0,0.04,4.09,-26.86,-3.97,-5.34,0.19,-0.26,1.08,3
1009,13.038,4,0.15,-0.17,-0.13,0.96,173.65,16.67,-18.75,0.9,-0.17,-0.26,4.09,-46.54,114.14,88.2,-0.93,-0.57,0.35,3
1010,13.04,0,-0.7609999999999999,0.0,-0.65,-0.06,43.76,79.54,24.83,0.04,-0.06,-0.04,4.09,14.5,-21.21,-19.53,-0.93,0.14,0.2,3
1011,13.045,1,-0.932,-0.06,-0.34,-0.1,31.22,38.63,13.51,-0.47,0.04,-0.14,4.09,10.83,-9.16,10.38,-0.9,0.18,0.35,3
1012,13.048,7,0.10300000000000001,-0.21,0.09,0.97,183.68,25.66,7.75,-0.01,-0.37,0.71,0.0,28.38,-30.98,2.59,-0.31,0.1,1.05,3
1013,13.052999999999999,2,-0.505,-0.15,-0.18,-0.83,130.53,-3.7,27.11,0.3,-0.13,-0.23,4.09,-109.71,94.76,71.11,0.04,0.06,0.84,3
1014,13.054,6,0.06,0.03,0.17,-0.98,200.35,4.44,-18.8,-0.41,0.57,-0.1,4.09,23.5,-34.33,-3.81,0.4,0.14,1.1,3
1015,13.06,5,-0.18600000000000003,-0.18,-0.0,0.97,216.55,20.23,3.66,0.08,0.05,-0.0,4.09,10.99,-1.53,2.44,-0.4,0.15,0.9,3
1016,13.068,3,-0.505,0.34,-0.19,0.77,267.92,-19.16,-42.06,0.18,-0.15,-0.13,4.09,-54.78,-30.82,17.85,0.09,-0.51,0.71,3
1017,13.114,4,0.10800000000000001,-0.27,-0.13,0.95,175.61,28.71,-20.95,-0.11,-0.3,-0.11,4.09,-11.9,79.5,44.56,-0.19,-0.52,0.81,3
1018,13.115,0,-0.7659999999999999,0.01,-0.64,-0.03,26.71,79.73,9.52,0.09,-0.04,-0.06,4.09,16.33,7.02,-29.45,-0.95,0.04,0.26,3
1019,13.119000000000002,1,-0.934,-0.08,-0.34,-0.1,31.03,37.77,15.04,-0.44,0.15,-0.14,4.09,14.34,-11.29,-3.97,-0.89,0.09,0.4,3
1020,13.120999999999999,6,0.062,0.0,0.15,-0.99,200.99,1.29,-17.36,-0.3,0.72,-0.19,4.09,9.16,-23.35,1.53,0.38,0.41,0.96,3
1021,13.124,2,-0.40399999999999997,-0.05,-0.14,-0.9,146.09,1.34,16.49,-0.47,0.11,0.07,4.09,-98.88,125.27,113.68,0.17,0.71,0.9,3
1022,13.127,7,0.09300000000000001,-0.18,0.1,0.97,185.05,21.55,9.87,0.06,0.28,0.15,0.0,11.14,-46.69,26.4,-0.48,0.44,0.97,3
1023,13.13,5,-0.182,-0.17,0.01,0.97,216.13,19.61,4.53,0.09,0.05,-0.0,4.09,7.63,-9.16,0.92,-0.4,0.15,0.91,3
1024,13.132,3,-0.507,0.39,-0.22,0.74,273.2,-21.0,-50.27,0.22,-0.15,0.47,4.09,-55.08,-27.31,49.9,0.33,-0.84,1.03,3
1025,13.227,4,0.11599999999999999,-0.3,-0.12,0.94,173.91,31.96,-20.97,-0.97,-0.11,-0.17,4.09,44.71,-17.09,-32.2,0.42,-0.14,1.18,3
1026,13.228,0,-0.762,0.01,-0.65,-0.0,9.76,80.59,-5.33,-0.13,0.05,0.11,4.09,19.84,-1.07,-23.19,-1.07,-0.05,0.08,3
1027,13.232000000000001,1,-0.937,-0.09,-0.33,-0.08,29.17,37.12,15.54,-0.27,0.16,-0.09,4.09,18.01,-17.09,-23.19,-0.79,0.04,0.55,3
1028,13.234000000000002,6,0.051,0.02,0.15,-0.99,199.53,3.22,-17.28,-0.18,0.67,-0.35,4.09,19.07,59.81,-15.41,0.2,0.41,0.82,3
1029,13.238,5,-0.175,-0.17,0.02,0.97,215.4,18.48,5.35,0.04,0.01,0.01,4.09,11.44,-10.07,-6.41,-0.36,0.13,0.93,3
1030,13.24,7,0.087,-0.15,0.1,0.98,185.52,17.64,10.72,-0.14,-0.19,-0.03,0.0,7.63,-24.57,33.72,-0.14,0.05,0.98,3
1031,13.245,4,0.156,-0.25,-0.08,0.95,171.88,26.32,-15.06,-0.73,-0.74,0.19,4.09,45.78,-66.22,19.53,0.22,-0.62,1.38,3
1032,13.245999999999999,3,-0.521,0.39,-0.23,0.72,274.99,-19.19,-51.57,0.77,-0.22,-0.32,4.09,100.1,70.34,-48.52,-0.04,-0.27,1.02,3
1033,13.339,2,-0.34700000000000003,0.03,-0.07,-0.93,153.64,6.02,6.67,-0.69,0.59,0.63,4.09,19.68,-16.78,-35.4,-0.21,1.18,1.86,3
1034,13.341,6,0.017,0.08,0.14,-0.99,194.82,8.85,-16.12,-0.42,0.35,-0.02,4.09,2.14,73.85,-3.51,0.26,0.04,1.08,3
1035,13.345,1,-0.941,-0.09,-0.32,-0.04,23.66,36.92,14.52,-0.29,0.24,-0.07,4.09,15.87,-8.39,-33.26,-0.84,-0.06,0.57,3
1036,13.347000000000001,0,-0.7609999999999999,0.01,-0.65,0.02,357.5,80.43,-15.78,0.06,-0.02,-0.04,4.09,20.14,3.36,-22.74,-0.95,-0.01,0.23,3
1037,13.350999999999999,5,-0.171,-0.16,0.02,0.97,214.87,17.26,5.97,0.02,0.03,-0.0,4.09,-2.14,-16.48,0.76,-0.32,0.09,0.94,3
1038,13.352,7,0.069,-0.12,0.11,0.98,187.56,14.85,11.37,-0.1,-0.03,0.01,0.0,1.22,-26.7,7.93,-0.16,0.17,0.99,3
1039,13.356,4,0.161,-0.23,-0.08,0.96,171.9,24.63,-13.93,0.27,-0.16,-0.01,4.09,-9.77,-41.81,12.82,-0.57,-0.38,0.76,3
1040,13.357999999999999,3,-0.47100000000000003,0.31,-0.18,0.81,261.08,-18.87,-37.78,0.23,0.06,0.07,4.09,75.84,119.93,-129.39,0.37,-0.57,0.89,3
1041,13.427,1,-0.9420000000000001,-0.09,-0.32,-0.01,20.19,37.38,13.32,-0.53,0.05,0.16,4.09,11.75,16.48,-12.66,-1.22,0.15,0.59,3
1042,13.427999999999999,0,-0.759,0.02,-0.65,0.05,341.64,79.6,-29.74,0.07,0.08,-0.01,4.09,12.21,8.24,-30.06,-0.97,-0.17,0.24,3
1043,13.432,2,-0.37,0.02,-0.09,-0.92,150.94,6.5,8.98,-0.33,0.04,-0.27,4.09,30.36,-23.5,-12.66,0.07,0.5,0.75,3
1044,13.434000000000001,6,0.004,0.15,0.16,-0.98,191.81,16.68,-18.71,-0.44,0.32,-0.08,4.09,-31.43,84.38,17.09,0.17,0.01,1.03,3
1045,13.437000000000001,5,-0.16899999999999998,-0.13,0.02,0.98,214.34,14.29,5.14,0.02,0.03,0.03,4.09,-15.72,-26.86,7.93,-0.29,0.12,0.99,3
1046,13.439,7,0.052000000000000005,-0.1,0.1,0.99,189.16,11.88,11.4,-0.08,-0.05,-0.02,0.0,1.98,-28.69,23.8,-0.12,0.15,0.97,3
1047,13.443,4,0.16699999999999998,-0.21,-0.07,0.96,171.72,22.46,-13.2,0.1,0.05,-0.01,4.09,18.46,-4.12,-28.69,-0.48,-0.2,0.85,3
1048,13.445,3,-0.434,0.23,-0.15,0.86,251.69,-15.76,-28.37,0.03,-0.14,0.01,4.09,78.89,18.01,-2.75,0.16,-0.52,0.87,3
1049,13.505,1,-0.929,-0.12,-0.35,-0.04,25.4,39.83,18.26,-0.72,-0.11,-0.35,4.09,11.44,33.26,27.16,-0.98,0.22,-0.05,3
1050,13.505999999999998,0,-0.754,0.02,-0.65,0.07,329.76,78.92,-39.76,0.12,-0.07,-0.06,4.09,11.14,7.93,-10.53,-0.91,-0.03,0.25,3
1051,13.537,2,-0.41600000000000004,0.0,-0.1,-0.9,145.12,4.86,10.07,-0.06,0.1,-0.01,4.09,14.95,-10.53,-41.35,-0.1,0.28,0.93,3
1052,13.538,3,-0.441,0.21,-0.1,0.87,251.19,-16.11,-22.29,0.09,-0.0,-0.23,4.09,28.23,0.92,-32.04,0.13,-0.29,0.67,3
1053,13.543,5,-0.19399999999999998,-0.12,0.03,0.97,217.36,13.35,5.99,1.31,-0.24,0.61,4.09,48.98,93.69,110.63,-1.61,0.62,1.3,3
1054,13.545,7,0.034,-0.07,0.1,0.99,191.03,8.57,11.69,-0.11,-0.03,-0.01,0.0,0.0,-32.2,25.94,-0.03,0.19,0.98,3
1055,13.634,4,0.175,-0.2,-0.07,0.96,170.98,21.41,-13.02,0.04,0.01,0.01,4.09,-13.58,-5.19,7.93,-0.42,-0.2,0.89,3
1056,13.635,0,-0.7509999999999999,0.02,-0.65,0.08,324.61,78.69,-43.84,-0.01,0.25,0.08,4.09,-1.53,5.8,5.04,-1.04,-0.41,0.16,3
1057,13.639000000000001,1,-0.924,-0.12,-0.36,-0.04,26.64,41.33,18.99,-0.63,0.0,-0.09,4.09,-3.51,12.21,-23.19,-1.06,0.19,0.18,3
1058,13.640999999999998,6,0.039,0.27,0.21,-0.94,191.27,31.95,-25.93,-0.54,0.47,-0.61,4.09,-33.26,32.96,32.04,0.24,0.21,0.73,3
1059,13.645999999999999,2,-0.442,-0.02,-0.11,-0.89,141.6,3.85,12.36,0.11,-0.12,0.19,4.09,3.2,-14.8,-47.76,-0.06,0.01,1.18,3
1060,13.647,7,0.016,-0.04,0.1,0.99,192.59,4.25,11.81,-0.08,-0.06,-0.03,0.0,0.15,-36.93,20.29,0.01,0.15,0.97,3
1061,13.651,5,-0.3,-0.23,0.06,0.92,233.11,22.9,15.37,0.83,0.4,-0.54,4.09,40.74,98.27,-55.69,-0.65,0.79,0.09,3
1062,13.652999999999999,3,-0.43200000000000005,0.22,-0.1,0.87,250.51,-17.11,-22.94,0.68,-0.09,-0.15,4.09,-23.96,13.58,-5.95,-0.1,0.15,1.01,3
1063,13.706,4,0.172,-0.19,-0.08,0.96,171.52,20.05,-13.03,0.08,0.04,0.0,4.09,5.65,-28.84,1.53,-0.41,-0.19,0.9,3
1064,13.707,0,-0.753,0.01,-0.65,0.07,333.71,79.84,-35.41,0.07,0.05,-0.06,4.09,-4.58,-11.44,29.91,-0.91,-0.14,0.21,3
1065,13.745,1,-0.9259999999999999,-0.11,-0.36,-0.03,23.85,41.43,16.71,-0.43,0.29,-0.16,4.09,-8.24,-8.54,-10.38,-0.92,-0.11,0.4,3
1066,13.747,7,0.008,0.0,0.1,1.0,193.14,-0.18,11.26,-0.13,-0.02,-0.02,0.0,-8.39,-44.4,14.95,0.13,0.17,0.98,3
1067,13.752,2,-0.447,-0.03,-0.11,-0.89,140.88,2.59,12.94,-0.21,0.1,-0.13,4.09,23.19,-10.99,-7.93,0.01,0.39,0.82,3
1068,13.753,3,-0.42,0.23,-0.11,0.87,249.46,-18.05,-24.22,0.01,-0.18,-0.12,4.09,0.31,-45.62,42.72,0.09,-0.38,0.77,3
1069,13.77,5,-0.244,-0.3,0.06,0.92,228.7,31.28,17.7,-0.03,0.2,-0.05,4.09,54.78,53.56,-59.51,-0.37,0.45,0.83,3
1070,13.770999999999999,6,0.059000000000000004,0.28,0.23,-0.93,192.82,32.96,-28.16,-0.25,0.26,-0.99,4.09,-15.41,-46.23,6.56,0.25,0.19,0.29,3
1071,13.832,4,0.168,-0.18,-0.08,0.97,172.2,18.71,-13.07,0.17,-0.05,-0.02,4.09,0.31,-13.28,-0.15,-0.45,-0.28,0.85,3
1072,13.833,6,0.059000000000000004,0.24,0.23,-0.94,194.07,28.95,-27.24,-0.42,0.68,-0.58,4.09,6.26,-37.08,-43.64,0.17,0.33,0.78,3
1073,13.837,1,-0.929,-0.09,-0.36,-0.02,22.0,41.21,14.65,-0.5,0.23,-0.2,4.09,-16.33,-10.53,2.44,-0.92,-0.05,0.33,3
1074,13.839,0,-0.759,0.0,-0.65,0.04,349.9,80.38,-21.1,0.02,0.04,-0.09,4.09,-21.21,-0.76,32.35,-0.88,-0.12,0.13,3
1075,13.843,2,-0.455,-0.04,-0.12,-0.88,139.74,1.84,14.05,0.01,0.03,-0.0,4.09,14.19,-9.92,6.71,-0.05,0.27,0.94,3
1076,13.845999999999998,7,0.002,0.05,0.09,0.99,193.31,-5.77,10.65,-0.09,0.05,0.05,0.0,-4.12,-58.75,-20.9,0.2,0.22,1.02,3
1077,13.849,5,-0.14300000000000002,-0.34,0.05,0.93,216.4,38.28,13.92,-0.76,0.1,-0.08,4.09,4.88,12.36,-107.57,0.02,0.05,1.19,3
1078,13.850999999999999,3,-0.441,0.25,-0.11,0.85,253.36,-19.46,-26.4,0.31,-0.12,0.0,4.09,-10.22,-5.19,3.36,0.13,-0.3,0.97,3
1079,13.944,4,0.163,-0.16,-0.08,0.97,173.15,16.65,-12.67,0.1,0.01,-0.0,4.09,5.49,-23.19,1.53,-0.38,-0.22,0.9,3
1080,13.946,0,-0.7609999999999999,0.0,-0.65,0.01,9.33,80.94,-4.06,-0.11,-0.1,0.12,4.09,-24.26,1.68,28.99,-1.1,0.12,0.06,3
1081,13.95,1,-0.935,-0.08,-0.34,-0.02,21.57,39.84,12.76,-0.39,0.21,-0.13,4.09,-13.12,-18.62,9.31,-0.88,-0.06,0.43,3
1082,13.952,6,0.046,0.2,0.22,-0.95,193.95,23.95,-25.91,-0.46,0.12,0.13,4.09,-3.97,-35.55,-9.16,-0.03,-0.36,1.14,3
1083,13.955,5,-0.139,-0.32,0.02,0.94,213.94,36.61,9.23,-1.42,0.2,-0.64,4.09,-69.12,-105.13,57.68,0.85,0.22,1.27,3
1084,13.957,7,0.021,0.08,0.09,0.99,190.86,-8.68,10.55,0.15,-0.21,0.14,0.0,-5.04,16.48,4.12,0.04,-0.02,1.05,3
1085,13.962,4,0.16,-0.15,-0.08,0.97,173.73,15.03,-12.62,0.14,-0.03,-0.01,4.09,0.92,-19.38,3.36,-0.37,-0.27,0.89,3
1086,13.963,3,-0.465,0.27,-0.12,0.84,257.29,-19.34,-28.69,0.4,-0.15,0.03,4.09,-9.61,-20.45,31.43,0.04,-0.25,1.09,3
1087,14.044,1,-0.94,-0.07,-0.33,-0.03,21.6,38.53,10.98,-0.37,0.21,-0.1,4.09,-22.89,-10.07,11.44,-0.87,-0.07,0.47,3
1088,14.046,6,0.048,0.18,0.22,-0.96,194.72,21.48,-26.17,-0.51,0.58,-0.32,4.09,-1.53,-27.31,-9.77,0.23,0.09,1.02,3
1089,14.05,2,-0.48700000000000004,-0.09,-0.13,-0.86,134.68,-1.43,17.9,0.06,0.05,-0.02,4.09,24.87,-26.25,-28.38,-0.02,0.31,0.94,3
1090,14.050999999999998,0,-0.7559999999999999,-0.0,-0.65,-0.03,31.06,81.37,14.93,-0.01,0.05,-0.03,4.09,-21.82,4.27,33.11,-0.91,0.01,0.16,3
1091,14.055,5,-0.17600000000000002,-0.26,0.0,0.95,216.79,29.84,6.44,-0.1,0.02,0.62,4.09,-5.95,-17.7,31.28,-0.63,-0.18,1.12,3
1092,14.057,7,0.012,0.05,0.07,1.0,192.33,-5.26,8.24,0.28,-0.06,0.05,0.0,-31.13,77.82,11.6,-0.18,0.11,1.05,3
1093,14.062000000000001,4,0.156,-0.13,-0.09,0.98,174.47,12.93,-12.27,0.1,0.01,-0.0,4.09,-3.2,-22.43,4.12,-0.31,-0.22,0.92,3
1094,14.064,3,-0.48200000000000004,0.28,-0.12,0.82,260.1,-19.93,-29.72,0.2,-0.17,-0.07,4.09,-11.14,-13.28,12.97,0.08,-0.38,0.9,3
1095,14.138,1,-0.9420000000000001,-0.06,-0.33,-0.04,22.93,37.75,10.62,-0.41,0.22,-0.13,4.09,-9.31,-5.95,25.02,-0.88,-0.06,0.46,3
1096,14.14,0,-0.75,-0.01,-0.66,-0.06,49.89,81.21,31.79,0.05,0.02,-0.05,4.09,-17.85,6.1,28.69,-0.93,0.06,0.18,3
1097,14.145,2,-0.5,-0.11,-0.15,-0.85,132.48,-2.34,21.02,0.0,-0.03,0.08,4.09,24.11,-12.05,-15.87,0.08,0.34,0.97,3
1098,14.147,6,0.044000000000000004,0.16,0.21,-0.96,195.19,18.63,-24.73,-0.31,0.53,-0.26,4.09,1.53,-19.23,-18.92,0.06,0.15,0.95,3
1099,14.151,5,-0.183,-0.24,0.01,0.95,217.28,26.64,6.56,0.04,0.1,0.01,4.09,-16.33,-26.86,7.02,-0.45,0.2,0.88,3
1100,14.152000000000001,7,0.003,-0.02,0.04,1.0,193.81,2.81,5.15,0.13,0.15,0.19,0.0,-16.48,110.32,-2.9,-0.17,0.26,1.13,3
1101,14.155999999999999,4,0.152,-0.1,-0.09,0.98,175.35,10.29,-11.75,0.08,-0.03,0.01,4.09,9.31,-23.96,0.0,-0.26,-0.27,0.93,3
1102,14.158,3,-0.491,0.28,-0.13,0.81,261.59,-18.9,-31.28,0.28,-0.02,-0.07,4.09,-7.93,-10.99,19.68,0.18,-0.28,0.92,3
1103,14.251,1,-0.94,-0.05,-0.33,-0.05,23.93,38.21,10.01,-0.46,-0.24,0.16,4.09,-16.94,20.45,-34.64,-0.98,0.41,0.55,3
1104,14.252,0,-0.747,-0.01,-0.66,-0.08,61.5,80.22,41.79,0.14,0.01,-0.03,4.09,-11.29,8.85,11.14,-0.94,0.09,0.26,3
1105,14.255999999999998,2,-0.52,-0.14,-0.17,-0.83,128.83,-3.67,25.29,0.21,-0.07,-0.03,4.09,50.35,-30.98,-21.06,0.05,0.22,0.96,3
1106,14.258,6,0.032,0.13,0.2,-0.97,194.62,15.38,-23.48,-0.36,0.45,-0.18,4.09,4.43,-22.89,-1.22,0.14,0.06,0.99,3
1107,14.263,5,-0.20199999999999999,-0.23,0.0,0.95,219.33,25.51,5.82,0.09,0.01,0.01,4.09,-3.97,-10.07,13.43,-0.5,0.14,0.87,3
1108,14.264000000000001,7,0.028999999999999998,-0.13,0.04,0.99,191.28,15.59,4.5,-0.2,0.13,-0.12,0.0,10.22,109.86,-54.93,-0.05,0.21,0.87,3
1109,14.267999999999999,4,0.147,-0.08,-0.08,0.98,176.37,7.75,-10.41,0.73,0.16,0.27,4.09,12.36,1.22,10.38,-1.27,-0.33,1.1,3
1110,14.269,3,-0.504,0.28,-0.15,0.8,263.8,-17.66,-33.65,0.3,-0.13,-0.02,4.09,-34.94,3.51,24.57,0.11,-0.36,0.98,3
1111,14.344000000000001,1,-0.935,-0.05,-0.35,-0.03,20.37,40.79,7.97,-0.64,0.32,-0.13,4.09,2.29,15.87,-6.26,-1.1,-0.21,0.27,3
1112,14.345999999999998,0,-0.742,-0.0,-0.66,-0.09,68.1,80.1,46.92,-0.05,-0.25,0.14,4.09,-1.53,6.41,-1.83,-1.11,0.42,0.08,3
1113,14.35,2,-0.514,-0.19,-0.19,-0.81,127.51,-7.19,30.47,-0.05,0.01,0.14,4.09,25.18,-7.02,-11.6,0.17,0.54,0.96,3
1114,14.350999999999999,6,0.022000000000000002,0.1,0.19,-0.98,194.44,11.4,-21.93,-0.28,0.42,-0.18,4.09,6.87,-42.11,-9.31,0.11,0.04,0.96,3
1115,14.356,5,-0.204,-0.21,-0.0,0.96,219.3,24.07,5.26,-0.04,-0.04,0.02,4.09,-4.88,-3.97,10.99,-0.4,0.06,0.93,3
1116,14.357999999999999,7,0.078,-0.21,0.05,0.97,185.68,24.15,3.79,-0.41,-0.12,-0.32,0.0,11.29,44.56,-46.54,0.12,-0.01,0.78,3
1117,14.363,4,0.212,-0.16,-0.1,0.96,166.97,15.39,-16.05,0.88,-0.3,-0.47,4.09,-76.9,106.51,71.72,-0.83,-0.63,0.18,3
1118,14.365,3,-0.522,0.3,-0.18,0.78,267.16,-15.96,-37.62,0.4,-0.16,-0.15,4.09,-37.54,-5.8,4.88,0.0,-0.3,0.96,3
1119,14.408,1,-0.9329999999999999,-0.05,-0.35,-0.04,22.64,40.81,9.75,-0.58,0.19,-0.2,4.09,-0.92,-4.58,36.77,-0.96,0.01,0.24,3
1120,14.41,0,-0.7440000000000001,0.01,-0.66,-0.08,59.81,81.23,39.01,0.12,-0.02,-0.04,4.09,-2.29,-9.92,-18.92,-0.92,0.13,0.21,3
1121,14.437999999999999,2,-0.504,-0.16,-0.18,-0.83,130.14,-5.11,27.86,0.34,-0.06,-0.06,4.09,-79.5,92.77,85.3,0.03,0.18,0.97,3
1122,14.439,7,0.095,-0.22,0.05,0.97,183.81,26.09,4.06,-0.49,-0.12,-0.23,0.0,16.33,-14.95,7.02,0.11,0.06,0.92,3
1123,14.444,5,-0.21,-0.21,-0.0,0.96,219.86,23.13,5.18,0.02,0.06,0.01,4.09,-11.75,-15.56,5.04,-0.39,0.13,0.93,3
1124,14.446,3,-0.522,0.31,-0.19,0.77,268.3,-16.12,-40.51,0.21,-0.06,-0.09,4.09,-26.25,-21.36,9.46,0.12,-0.43,0.78,3
1125,14.511,4,0.132,-0.27,-0.13,0.95,172.83,28.15,-20.96,0.01,-0.11,-0.09,4.09,-45.17,91.25,39.52,-0.38,-0.39,0.73,3
1126,14.513,0,-0.755,0.01,-0.65,-0.06,43.53,80.82,23.39,0.1,-0.05,-0.0,4.09,16.02,-18.62,-14.8,-1.0,0.08,0.25,3
1127,14.55,1,-0.932,-0.07,-0.35,-0.06,26.49,39.91,13.19,-0.44,0.06,-0.17,4.09,14.8,0.92,12.97,-0.87,0.11,0.33,3
1128,14.550999999999998,7,0.08900000000000001,-0.2,0.06,0.97,184.68,23.63,4.96,-0.26,-0.07,0.02,0.0,24.87,-41.81,10.38,0.02,0.15,0.87,3
1129,14.556,2,-0.43,-0.07,-0.14,-0.89,142.36,-0.23,18.43,-0.05,-0.09,-0.01,4.09,-104.68,97.5,89.11,0.11,0.27,0.95,3
1130,14.558,3,-0.519,0.34,-0.21,0.75,270.22,-16.98,-45.03,0.21,-0.07,0.09,4.09,-31.74,-23.8,7.78,0.21,-0.65,0.9,3
1131,14.564,5,-0.207,-0.2,-0.0,0.96,219.44,22.35,5.01,0.05,0.04,0.01,4.09,3.36,-13.58,-8.39,-0.39,0.12,0.92,3
1132,14.565999999999999,6,0.021,0.01,0.15,-0.99,196.27,1.09,-16.66,-0.44,0.29,-0.02,4.09,21.97,-41.5,-12.66,0.43,-0.05,0.98,3
1133,14.651,4,0.11,-0.31,-0.12,0.94,174.12,33.88,-21.1,-0.57,0.01,-0.19,4.09,31.43,6.41,-15.72,-0.01,-0.16,0.99,3
1134,14.652000000000001,0,-0.764,0.01,-0.64,-0.04,32.18,79.85,13.97,-0.11,0.03,-0.02,4.09,24.26,-17.09,-10.22,-0.96,0.07,0.08,3
1135,14.657,1,-0.934,-0.08,-0.34,-0.06,26.76,39.03,14.69,-0.35,0.08,-0.1,4.09,12.05,-9.61,-5.49,-0.85,0.12,0.46,3
1136,14.659,6,0.037000000000000005,-0.02,0.14,-0.99,198.46,-1.13,-15.94,-0.29,0.73,-0.01,4.09,9.61,-17.4,-5.19,0.39,0.44,1.11,3
1137,14.665,2,-0.365,0.0,-0.1,-0.93,151.47,4.49,10.12,-0.21,0.07,-0.09,4.09,-77.67,45.17,43.49,0.04,0.37,0.86,3
1138,14.667,3,-0.537,0.37,-0.23,0.72,275.41,-17.14,-49.82,0.18,-0.17,0.2,4.09,-54.02,-40.59,43.33,0.17,-0.81,0.88,3
1139,14.671,5,-0.201,-0.19,0.0,0.96,218.6,21.35,4.78,0.0,-0.0,0.01,4.09,8.09,-8.39,-8.09,-0.39,0.09,0.92,3
1140,14.674000000000001,7,0.064,-0.17,0.07,0.98,187.8,20.04,7.08,0.07,0.27,0.18,0.0,5.49,-45.01,20.75,-0.38,0.36,1.07,3
1141,14.722999999999999,4,0.14,-0.27,-0.08,0.95,173.43,29.38,-14.79,-1.33,-0.2,-0.73,4.09,105.13,-142.21,103.61,1.82,0.1,0.76,3
1142,14.724,0,-0.7659999999999999,-0.0,-0.64,-0.01,20.22,79.95,5.37,-0.05,0.23,0.15,4.09,33.87,1.37,-11.14,-1.15,-0.2,0.14,3
1143,14.745,1,-0.9359999999999999,-0.09,-0.34,-0.04,24.38,38.33,15.11,-0.28,0.17,-0.08,4.09,22.13,-18.16,-22.74,-0.82,0.01,0.56,3
1144,14.747,6,0.008,-0.01,0.14,-0.99,195.12,-0.76,-15.57,-0.28,0.59,-0.26,4.09,27.62,54.17,-17.4,0.29,0.37,0.87,3
1145,14.75,2,-0.34299999999999997,0.05,-0.06,-0.94,154.09,7.74,4.02,-0.53,-0.02,-0.17,4.09,27.01,-16.48,18.46,0.29,0.95,0.95,3
1146,14.752,7,0.055999999999999994,-0.14,0.08,0.99,188.72,16.14,8.5,-0.11,0.02,-0.05,0.0,13.28,-37.99,10.68,-0.16,0.2,0.97,3
1147,14.755999999999998,5,-0.19,-0.18,0.01,0.97,217.28,20.1,5.22,0.02,0.03,0.01,4.09,1.98,-13.43,-3.51,-0.36,0.12,0.94,3
1148,14.758,3,-0.555,0.41,-0.24,0.68,281.53,-17.01,-55.48,0.45,-0.13,-0.21,4.09,41.66,2.29,39.06,0.1,-0.37,0.79,3
1149,14.837,4,0.14300000000000002,-0.23,-0.05,0.96,174.71,25.4,-10.79,0.12,-0.19,0.31,4.09,-19.53,-0.76,-39.83,-0.7,-0.34,0.78,3
1150,14.839,0,-0.763,-0.01,-0.65,0.02,8.07,80.43,-3.92,0.0,-0.07,-0.02,4.09,24.26,0.76,-30.36,-0.97,0.06,0.16,3
1151,14.845,1,-0.941,-0.1,-0.32,-0.01,20.45,37.27,14.31,-0.42,0.13,-0.17,4.09,1.98,-24.11,-22.43,-0.83,0.0,0.44,3
1152,14.847000000000001,6,-0.04,0.04,0.11,-0.99,188.98,4.32,-12.67,-0.34,0.45,-0.14,4.09,11.9,60.88,-55.85,0.23,0.25,0.95,3
1153,14.852,2,-0.348,0.04,-0.08,-0.93,153.6,7.69,7.09,-0.08,-0.16,-0.16,4.09,30.06,-16.63,14.34,0.02,0.09,0.85,3
1154,14.854000000000001,7,0.06,-0.11,0.09,0.99,188.19,12.9,9.32,-0.11,-0.02,-0.03,0.0,5.19,-32.2,12.51,-0.1,0.15,0.95,3
1155,14.86,5,-0.182,-0.16,0.02,0.97,216.11,18.04,5.32,0.06,0.05,0.01,4.09,-6.1,-32.35,-8.39,-0.34,0.17,0.93,3
1156,14.862,3,-0.562,0.36,-0.22,0.71,277.85,-15.52,-48.51,0.53,-0.13,-0.18,4.09,97.05,95.21,-110.63,0.09,-0.33,0.89,3
1157,14.927999999999999,4,0.151,-0.22,-0.07,0.96,173.65,23.7,-12.13,0.14,-0.02,0.02,4.09,13.12,-12.51,-15.72,-0.51,-0.24,0.85,3
1158,14.93,0,-0.763,-0.0,-0.65,0.05,352.69,79.91,-17.3,0.07,-0.02,-0.1,4.09,14.95,0.46,-24.11,-0.88,-0.02,0.23,3
1159,14.935,1,-0.943,-0.1,-0.32,0.0,17.9,37.08,13.18,-0.62,-0.04,0.14,4.09,12.82,16.33,2.75,-1.38,0.12,0.5,3
1160,14.937000000000001,6,-0.068,0.11,0.12,-0.98,184.73,11.42,-14.62,-0.26,0.05,-0.08,4.09,-28.23,79.65,20.45,0.06,-0.12,0.94,3
1161,14.942,2,-0.37200000000000005,0.01,-0.09,-0.92,150.58,5.17,8.5,0.09,0.04,0.04,4.09,25.18,-18.62,-41.05,-0.18,0.13,1.0,3
1162,14.945,7,0.057,-0.08,0.09,0.99,188.22,9.73,9.52,-0.11,-0.15,-0.02,0.0,1.83,-26.86,12.51,-0.05,0.02,0.99,3
1163,14.949000000000002,5,-0.182,-0.14,0.01,0.97,215.81,15.3,4.53,0.02,0.03,0.02,4.09,-8.24,-27.01,3.2,-0.25,0.1,0.97,3
1164,14.950999999999999,3,-0.496,0.27,-0.17,0.81,261.72,-15.11,-33.84,-0.01,-0.04,0.09,4.09,82.55,94.3,-72.17,0.3,-0.55,0.83,3
1165,15.042,4,0.157,-0.2,-0.06,0.96,173.33,21.9,-11.73,0.08,-0.02,0.01,4.09,-2.29,-21.82,3.97,-0.43,-0.2,0.9,3
1166,15.043,0,-0.76,-0.0,-0.65,0.07,340.41,79.23,-27.39,0.14,0.1,0.04,4.09,21.82,8.24,-17.7,-1.01,-0.18,0.31,3
1167,15.049000000000001,1,-0.932,-0.11,-0.34,-0.03,23.96,39.26,17.55,-0.63,-0.11,-0.31,4.09,-3.97,33.26,35.55,-0.95,0.23,0.04,3
1168,15.05,7,0.031,-0.06,0.08,0.99,191.06,6.6,9.38,-0.1,0.05,0.02,0.0,-1.37,-30.98,17.09,-0.01,0.21,0.99,3
1169,15.054,2,-0.39399999999999996,0.0,-0.1,-0.91,147.81,4.78,10.98,-0.18,0.12,-0.11,4.09,24.11,-22.43,-40.44,-0.01,0.35,0.81,3
1170,15.056,6,-0.043,0.19,0.14,-0.97,185.54,21.16,-18.25,-0.51,0.34,-0.0,4.09,-44.71,95.21,47.91,0.06,0.06,1.17,3
1171,15.06,5,-0.188,-0.11,0.01,0.98,216.22,11.84,3.13,0.15,-0.15,0.39,4.09,-4.12,-28.84,69.89,-0.63,0.04,1.42,3
1172,15.062000000000001,3,-0.467,0.22,-0.14,0.84,255.28,-13.97,-27.23,0.14,-0.18,-0.04,4.09,29.91,-3.97,-16.02,0.02,-0.43,0.9,3
1173,15.140999999999998,4,0.162,-0.2,-0.07,0.96,172.76,21.17,-12.02,0.1,0.0,-0.01,4.09,-4.27,3.51,-14.65,-0.49,-0.25,0.84,3
1174,15.144,0,-0.759,-0.01,-0.65,0.08,337.49,79.11,-28.87,0.15,-0.14,-0.01,4.09,-4.58,-3.97,10.07,-0.94,0.09,0.3,3
1175,15.149000000000001,1,-0.9259999999999999,-0.11,-0.36,-0.04,25.95,40.73,18.36,-0.57,-0.05,-0.03,4.09,5.19,18.62,-11.29,-1.05,0.29,0.31,3
1176,15.15,6,-0.006,0.28,0.16,-0.95,187.39,31.47,-20.88,-0.61,0.55,-0.62,4.09,-23.8,93.38,43.49,0.16,0.42,0.66,3
1177,15.154000000000002,5,-0.282,-0.15,0.03,0.95,228.29,15.16,8.55,0.61,-0.71,-0.21,4.09,4.27,95.83,122.38,-1.11,0.02,0.47,3
1178,15.155999999999999,7,0.022000000000000002,-0.02,0.08,1.0,191.74,2.1,9.45,-0.11,0.05,-0.04,0.0,4.12,-50.81,15.72,0.11,0.23,0.94,3
1179,15.16,2,-0.436,-0.02,-0.11,-0.89,142.4,4.2,12.64,0.03,0.01,0.03,4.09,11.14,-24.87,-37.84,-0.11,0.16,1.01,3
1180,15.162,3,-0.47,0.22,-0.13,0.84,255.79,-15.0,-26.07,0.37,-0.21,-0.15,4.09,-9.16,-20.14,-26.25,-0.16,-0.21,0.92,3
1181,15.253,4,0.162,-0.19,-0.07,0.97,172.78,20.26,-12.56,0.1,0.04,-0.0,4.09,-4.73,-18.46,-1.37,-0.44,-0.21,0.88,3
1182,15.254000000000001,0,-0.7609999999999999,-0.01,-0.64,0.07,342.35,79.19,-25.21,0.17,-0.04,-0.06,4.09,-9.31,-5.8,-5.04,-0.92,-0.19,0.32,3
1183,15.258,1,-0.9259999999999999,-0.11,-0.36,-0.02,22.62,41.8,16.58,-0.56,0.18,-0.2,4.09,11.29,-12.51,-32.35,-0.96,-0.04,0.25,3
1184,15.26,6,0.036000000000000004,0.32,0.17,-0.93,191.2,37.43,-21.11,-0.59,0.4,-0.55,4.09,-25.48,-7.32,47.0,0.19,0.14,0.78,3
1185,15.265,2,-0.455,-0.03,-0.11,-0.88,139.78,2.54,13.07,0.0,-0.03,-0.01,4.09,0.0,-37.99,-28.38,0.0,0.13,0.98,3
1186,15.267000000000001,7,0.015,0.04,0.08,1.0,191.98,-3.99,9.75,-0.05,0.02,-0.06,0.0,-4.12,-66.53,14.65,0.14,0.18,0.94,3
1187,15.27,5,-0.33299999999999996,-0.23,0.04,0.91,237.17,23.82,14.12,0.93,0.38,-0.2,4.09,101.78,99.18,-81.02,-0.64,0.84,0.39,3
1188,15.272,3,-0.467,0.24,-0.12,0.84,256.19,-16.92,-26.89,0.19,-0.42,0.17,4.09,-27.01,-12.05,28.99,-0.16,-0.43,0.93,3
1189,15.345,4,0.156,-0.17,-0.08,0.97,173.74,18.0,-12.54,0.14,0.02,-0.01,4.09,0.31,-41.81,9.77,-0.42,-0.24,0.87,3
1190,15.347000000000001,0,-0.768,-0.01,-0.64,0.05,353.12,78.94,-16.49,0.14,0.0,0.0,4.09,-37.84,-5.8,30.21,-0.98,-0.03,0.32,3
1191,15.350999999999999,2,-0.461,-0.05,-0.1,-0.88,138.73,0.05,12.73,-0.12,-0.0,-0.09,4.09,9.31,-28.38,-7.32,0.07,0.29,0.87,3
1192,15.352,6,0.054000000000000006,0.28,0.18,-0.94,194.15,33.64,-21.1,-0.62,1.4,0.37,4.09,-9.61,-36.16,-31.89,-0.15,0.6,1.64,3
1193,15.357000000000001,1,-0.929,-0.1,-0.36,0.01,18.12,41.6,14.07,-0.49,0.31,-0.28,4.09,1.68,-9.61,-10.38,-0.85,-0.2,0.28,3
1194,15.357999999999999,7,0.005,0.09,0.07,0.99,192.7,-10.72,8.54,0.1,0.1,0.16,0.0,-12.97,-59.66,34.48,0.12,0.32,1.13,3
1195,15.363,5,-0.23399999999999999,-0.32,0.06,0.92,227.86,33.56,17.36,-0.51,0.17,0.07,4.09,36.01,27.31,-150.3,-0.16,0.2,1.18,3
1196,15.365,3,-0.48100000000000004,0.26,-0.13,0.83,259.04,-17.29,-29.54,0.03,-0.05,0.05,4.09,3.81,-41.5,48.52,0.27,-0.51,0.95,3
1197,15.456,4,0.154,-0.15,-0.08,0.97,174.43,15.36,-12.2,0.1,0.03,-0.0,4.09,0.31,-15.11,-1.68,-0.36,-0.2,0.91,3
1198,15.457,0,-0.7659999999999999,0.0,-0.64,-0.0,13.67,79.96,-0.46,-0.12,-0.12,0.16,4.09,-46.39,13.43,25.63,-1.16,0.14,0.08,3
1199,15.462,2,-0.48100000000000004,-0.08,-0.1,-0.87,135.73,-2.46,14.19,-0.09,0.09,-0.02,4.09,20.9,-27.47,-41.35,0.01,0.33,0.92,3
1200,15.464,6,0.026000000000000002,0.23,0.19,-0.95,191.68,27.0,-22.64,-0.59,-0.25,0.14,4.09,0.61,-57.98,-34.48,-0.01,-0.66,1.09,3
1201,15.467,1,-0.934,-0.1,-0.34,0.01,18.11,40.2,13.28,-0.41,0.19,-0.11,4.09,-20.9,-16.02,17.7,-0.9,-0.02,0.46,3
1202,15.469000000000001,7,0.001,0.12,0.06,0.99,193.15,-13.84,6.83,0.27,-0.45,0.59,0.0,-34.94,46.69,46.54,0.13,-0.22,1.54,3
1203,15.472999999999999,5,-0.146,-0.32,0.02,0.93,215.19,36.86,10.0,-0.94,0.05,-0.05,4.09,-25.18,-14.04,-36.62,0.18,-0.06,1.3,3
1204,15.474,3,-0.523,0.28,-0.14,0.79,266.06,-17.58,-32.65,0.17,-0.26,0.1,4.09,-23.19,-23.04,24.26,0.12,-0.55,1.0,3
1205,15.546,4,0.154,-0.14,-0.09,0.97,174.49,14.1,-12.73,0.09,0.02,0.0,4.09,-9.31,-10.53,0.92,-0.33,-0.19,0.94,3
1206,15.548,6,0.027000000000000003,0.2,0.19,-0.96,192.71,22.71,-22.66,-0.53,0.6,-0.33,4.09,1.53,-39.52,-6.71,0.25,0.19,1.01,3
1207,15.550999999999998,1,-0.938,-0.09,-0.33,-0.01,19.26,38.78,12.48,-0.3,0.05,-0.08,4.09,5.65,-3.36,4.58,-0.82,0.02,0.52,3
1208,15.552999999999999,7,-0.031,0.07,0.02,1.0,197.41,-7.85,2.44,0.16,0.03,0.06,0.0,-27.31,97.81,38.15,-0.01,0.1,1.06,3
1209,15.557,2,-0.501,-0.1,-0.11,-0.85,132.68,-3.89,16.41,0.29,-0.0,0.01,4.09,33.72,-16.33,1.37,-0.08,0.09,1.05,3
1210,15.559000000000001,0,-0.758,0.01,-0.65,-0.04,30.75,80.96,12.66,-0.06,0.05,-0.07,4.09,-34.64,6.87,34.18,-0.92,-0.03,0.08,3
1211,15.562999999999999,5,-0.162,-0.28,0.01,0.95,215.8,32.12,8.04,-0.32,-0.26,0.09,4.09,-40.74,-71.72,61.8,-0.44,-0.12,1.02,3
1212,15.565,3,-0.544,0.3,-0.13,0.77,269.98,-18.33,-34.07,0.24,-0.13,-0.0,4.09,-3.05,-18.77,15.87,0.13,-0.43,0.89,3
1213,15.645999999999999,4,0.156,-0.13,-0.1,0.97,174.32,12.26,-13.96,0.12,0.01,-0.0,4.09,-11.44,-36.01,7.32,-0.29,-0.29,0.92,3
1214,15.648,0,-0.754,0.01,-0.65,-0.07,49.05,80.4,28.07,0.1,0.01,-0.07,4.09,-17.55,4.58,26.25,-0.92,0.03,0.25,3
1215,15.651,2,-0.506,-0.13,-0.12,-0.84,131.21,-5.28,19.95,0.1,-0.13,0.05,4.09,35.4,-12.66,-30.36,0.18,0.13,1.04,3
1216,15.652999999999999,6,0.027999999999999997,0.17,0.19,-0.97,193.46,19.65,-22.29,-0.43,0.37,-0.17,4.09,5.8,-21.36,10.07,0.13,0.02,0.98,3
1217,15.657,1,-0.941,-0.09,-0.33,-0.01,19.55,37.94,12.38,-0.32,0.38,-0.03,4.09,-30.82,-7.17,16.02,-0.87,-0.21,0.6,3
1218,15.659,7,-0.037000000000000005,-0.02,0.01,1.0,198.25,1.93,0.86,0.08,0.22,0.13,0.0,2.59,116.88,-34.33,-0.11,0.27,1.15,3
1219,15.664000000000001,5,-0.187,-0.23,-0.0,0.95,217.4,26.51,5.19,0.15,-0.19,0.92,4.09,-14.04,-18.46,7.17,-0.85,-0.04,1.65,3
1220,15.665999999999999,3,-0.56,0.31,-0.14,0.76,273.0,-18.3,-35.67,0.35,-0.07,-0.06,4.09,-10.53,-15.87,15.56,0.16,-0.28,0.95,3
1221,15.745,4,0.145,-0.09,-0.11,0.98,176.2,8.15,-13.71,0.05,0.03,0.0,4.09,6.87,-39.06,5.95,-0.19,-0.22,0.96,3
1222,15.747,0,-0.7490000000000001,0.01,-0.65,-0.1,61.41,79.58,38.31,0.17,-0.06,-0.03,4.09,-17.09,9.46,15.41,-0.93,0.16,0.31,3
1223,15.751,1,-0.941,-0.06,-0.33,-0.03,21.08,38.32,10.2,-0.61,0.37,-0.21,4.09,-29.75,9.46,13.58,-1.09,-0.19,0.28,3
1224,15.753,6,0.028999999999999998,0.13,0.17,-0.98,194.68,15.84,-19.66,-0.41,0.36,-0.15,4.09,8.7,-34.33,-0.15,0.16,0.02,0.99,3
1225,15.757,2,-0.513,-0.16,-0.15,-0.83,129.25,-6.41,24.38,0.24,-0.11,0.03,4.09,58.59,-8.24,-5.34,0.16,0.24,0.97,3
1226,15.759,7,0.001,-0.12,0.02,0.99,194.17,14.18,2.25,-0.18,0.1,-0.16,0.0,30.98,113.68,-54.47,-0.02,0.1,0.84,3
1227,15.763,5,-0.18899999999999997,-0.2,0.0,0.96,217.32,22.98,5.04,0.04,0.07,-0.01,4.09,-8.24,-22.28,14.8,-0.39,0.12,0.89,3
1228,15.765,3,-0.57,0.32,-0.15,0.74,275.3,-17.94,-37.82,0.22,-0.08,-0.06,4.09,-36.32,-7.17,16.02,0.19,-0.4,0.85,3
1229,15.857000000000001,4,0.14400000000000002,-0.05,-0.1,0.98,176.9,4.28,-12.42,0.12,0.06,0.14,4.09,12.51,-23.5,-18.62,-0.25,-0.24,1.13,3
1230,15.857999999999999,0,-0.743,0.02,-0.66,-0.12,67.77,79.7,42.46,0.1,0.04,-0.11,4.09,-9.31,7.17,6.1,-0.88,-0.0,0.23,3
1231,15.865,1,-0.935,-0.04,-0.35,-0.01,18.11,41.04,6.9,-0.91,0.45,-0.26,4.09,4.43,30.98,-5.95,-1.18,-0.34,-0.02,3
1232,15.867,6,0.012,0.09,0.15,-0.98,193.84,10.36,-17.79,-0.41,0.46,-0.25,4.09,6.56,-52.95,-36.01,0.28,0.19,0.91,3
1233,15.870999999999999,2,-0.505,-0.22,-0.2,-0.81,127.23,-9.33,33.8,0.11,0.04,0.24,4.09,84.69,-33.87,32.04,0.15,0.79,1.07,3
1234,15.873,7,0.051,-0.2,0.04,0.98,188.78,23.72,3.11,-0.33,0.0,-0.31,0.0,26.86,62.56,-58.14,0.06,0.06,0.73,3
1235,15.877,5,-0.214,-0.19,-0.01,0.96,220.03,21.62,4.34,-0.03,-0.03,0.02,4.09,0.31,-4.58,18.92,-0.39,0.1,0.93,3
1236,15.879000000000001,3,-0.5820000000000001,0.34,-0.17,0.72,278.54,-17.01,-41.95,0.25,-0.17,-0.02,4.09,-39.67,-15.11,43.33,0.09,-0.46,0.88,3
1237,15.933,4,0.19699999999999998,-0.06,-0.12,0.97,170.62,3.56,-14.59,1.67,0.23,-0.28,4.09,-51.42,95.52,-0.46,-1.72,-0.54,0.39,3
1238,15.934000000000001,0,-0.7440000000000001,0.03,-0.66,-0.11,62.26,80.48,36.9,0.25,0.23,-0.08,4.09,4.58,-7.02,-23.96,-0.92,-0.18,0.31,3
1239,15.959000000000001,1,-0.9329999999999999,-0.05,-0.35,-0.03,20.96,41.17,8.54,-0.6,0.04,-0.26,4.09,-12.36,-9.77,39.37,-0.94,0.11,0.13,3
1240,15.960999999999999,6,-0.001,0.03,0.14,-0.99,193.44,3.8,-16.16,-0.49,0.27,-0.06,4.09,16.78,-54.32,16.63,0.45,0.05,1.0,3
1241,15.966,2,-0.49,-0.24,-0.22,-0.81,128.4,-10.15,36.36,0.62,-0.01,-0.2,4.09,-58.75,49.29,7.78,-0.11,0.04,1.01,3
1242,15.967,3,-0.589,0.37,-0.2,0.69,281.74,-15.96,-47.07,0.54,0.05,-0.13,4.09,-40.13,-13.89,-6.26,0.24,-0.34,0.87,3
1243,15.970999999999998,5,-0.215,-0.18,0.0,0.96,220.09,20.02,4.79,0.09,0.07,0.0,4.09,-6.26,-25.94,4.88,-0.39,0.18,0.92,3
1244,15.972999999999999,7,0.087,-0.23,0.05,0.97,184.67,27.36,3.69,-0.53,-0.18,-0.31,0.0,15.41,-4.73,-1.68,0.17,0.0,0.89,3
1245,16.066,4,0.168,-0.17,-0.13,0.96,171.54,15.86,-19.11,0.79,-0.06,-0.2,4.09,-48.68,131.99,48.98,-0.8,-0.47,0.46,3
1246,16.067,0,-0.753,0.04,-0.65,-0.09,48.33,80.52,23.87,0.02,0.04,0.02,4.09,13.28,-9.77,10.07,-1.06,-0.01,0.14,3
1247,16.070999999999998,1,-0.937,-0.05,-0.34,-0.06,24.64,39.33,10.29,-0.43,-0.05,-0.17,4.09,5.19,-6.26,10.38,-0.84,0.19,0.3,3
1248,16.073,6,0.005,-0.0,0.12,-0.99,194.64,-0.14,-14.02,-0.57,0.2,-0.13,4.09,24.26,-59.2,-50.96,0.54,-0.03,0.93,3
1249,16.077,2,-0.45,-0.14,-0.16,-0.87,137.81,-5.91,24.63,0.13,-0.07,0.01,4.09,-139.77,113.83,104.22,0.1,0.28,1.0,3
1250,16.08,7,0.083,-0.21,0.06,0.97,185.49,24.51,5.51,-0.44,-0.09,-0.17,0.0,28.38,-61.95,12.82,0.04,0.06,0.9,3
1251,16.084,5,-0.21100000000000002,-0.16,0.01,0.96,219.57,18.04,4.97,0.03,0.02,0.01,4.09,6.26,-12.51,-3.36,-0.33,0.1,0.95,3
1252,16.086,3,-0.58,0.4,-0.21,0.68,283.31,-17.06,-51.6,-0.03,0.1,0.26,4.09,-42.42,-27.01,12.97,0.45,-0.98,0.66,3
1253,16.158,4,0.139,-0.26,-0.14,0.95,171.97,26.66,-22.51,-0.43,-0.2,-0.09,4.09,-5.19,32.81,69.58,0.06,-0.35,0.99,3
1254,16.16,6,-0.002,-0.03,0.11,-0.99,194.18,-3.12,-12.75,-0.45,0.7,-0.09,4.09,12.82,-34.18,-21.51,0.53,0.58,1.46,3
1255,16.165,1,-0.937,-0.06,-0.34,-0.06,24.91,38.76,11.6,-0.35,0.1,-0.09,4.09,14.65,-11.29,-2.29,-0.85,0.06,0.5,3
1256,16.167,7,0.071,-0.17,0.08,0.98,187.17,20.15,7.82,-0.1,0.17,0.03,0.0,19.23,-45.62,-11.75,-0.23,0.2,0.96,3
1257,16.171,2,-0.358,-0.03,-0.1,-0.93,151.92,0.67,11.93,-0.39,-0.03,-0.04,4.09,-110.32,89.26,102.69,0.33,0.5,0.87,3
1258,16.172,3,-0.596,0.44,-0.25,0.62,289.79,-14.32,-59.72,0.34,-0.24,0.05,4.09,-76.75,-5.8,30.98,0.15,-0.56,0.71,3
1259,16.191,5,-0.207,-0.15,0.01,0.97,218.89,16.29,5.04,0.01,0.01,0.0,4.09,8.09,-18.77,-8.54,-0.27,0.08,0.96,3
1260,16.192999999999998,0,-0.758,0.03,-0.65,-0.09,45.51,79.81,21.76,-0.01,-0.18,0.2,4.09,34.64,-0.76,-20.29,-1.19,0.24,0.19,3
1261,16.250999999999998,4,0.124,-0.26,-0.1,0.95,175.12,27.56,-16.71,-1.38,-0.34,-0.06,4.09,64.85,-37.84,-44.25,0.64,-0.3,1.54,3
1262,16.252,6,-0.025,0.01,0.11,-0.99,191.06,1.19,-12.28,-0.23,0.7,-0.13,4.09,22.13,86.98,-16.48,0.11,0.54,0.99,3
1263,16.256,1,-0.941,-0.08,-0.33,-0.04,22.61,37.47,12.47,-0.33,0.13,-0.15,4.09,20.29,-21.36,-28.99,-0.79,0.02,0.48,3
1264,16.258,0,-0.757,0.02,-0.65,-0.05,30.31,81.17,10.67,-0.13,0.03,0.06,4.09,29.14,0.92,-32.5,-1.06,0.05,0.03,3
1265,16.262,2,-0.321,0.02,-0.04,-0.95,156.71,3.58,4.03,-0.08,0.15,-0.08,4.09,-5.49,-4.73,30.52,-0.02,0.22,0.87,3
1266,16.264,7,0.06,-0.15,0.09,0.98,188.5,17.22,9.6,-0.19,0.08,-0.03,0.0,5.65,-22.43,37.08,-0.1,0.28,0.93,3
1267,16.268,5,-0.198,-0.14,0.02,0.97,217.86,14.7,5.75,0.1,0.03,-0.0,4.09,3.81,-21.51,-6.1,-0.3,0.14,0.95,3
1268,16.27,3,-0.584,0.44,-0.27,0.63,288.01,-13.55,-61.15,0.48,-0.18,-0.4,4.09,72.02,59.36,6.26,0.0,-0.31,0.74,3
1269,16.363,4,0.155,-0.22,-0.08,0.96,172.88,23.01,-14.05,1.22,0.15,1.9,4.09,6.1,36.77,-107.57,-2.21,-1.05,2.04,3
1270,16.365,0,-0.755,0.02,-0.66,-0.01,7.89,81.8,-8.59,0.04,0.04,-0.08,4.09,26.55,5.04,-35.86,-0.9,-0.06,0.18,3
1271,16.369,1,-0.9440000000000001,-0.09,-0.32,0.0,17.98,36.87,11.77,-0.42,0.18,-0.09,4.09,17.24,-12.97,-20.29,-0.9,-0.04,0.46,3
1272,16.37,6,-0.083,0.08,0.1,-0.99,183.51,8.58,-12.82,-0.51,0.15,0.14,4.09,-12.36,71.72,-39.98,0.29,-0.03,1.23,3
1273,16.375,2,-0.331,0.0,-0.06,-0.94,155.41,2.76,6.43,0.86,0.12,0.26,4.09,39.98,4.27,-66.68,-0.28,-0.77,0.97,3
1274,16.375999999999998,7,0.043,-0.13,0.09,0.99,190.42,14.8,10.39,-0.09,-0.02,0.03,0.0,1.83,-25.18,21.97,-0.15,0.17,1.0,3
1275,16.382,5,-0.19,-0.12,0.03,0.97,216.86,12.64,6.48,0.03,0.02,-0.01,4.09,8.54,-24.41,-3.51,-0.29,0.2,0.94,3
1276,16.383,3,-0.5670000000000001,0.35,-0.24,0.71,277.38,-12.6,-49.2,0.32,0.08,0.14,4.09,101.78,130.77,-115.2,0.29,-0.68,0.96,3
1277,16.455,4,0.166,-0.2,-0.1,0.96,171.49,20.79,-16.06,0.08,-0.04,-0.02,4.09,-2.44,-36.93,10.68,-0.42,-0.31,0.83,3
1278,16.457,0,-0.7509999999999999,0.02,-0.66,0.03,343.79,81.37,-29.7,0.13,0.03,-0.02,4.09,27.47,9.77,-24.72,-0.94,-0.1,0.26,3
1279,16.46,1,-0.943,-0.09,-0.32,0.02,16.06,37.37,11.75,-0.73,0.16,0.43,4.09,25.02,23.04,11.6,-1.46,-0.14,0.81,3
1280,16.463,6,-0.071,0.18,0.11,-0.98,183.16,19.3,-15.07,-0.44,0.1,-0.18,4.09,-22.28,113.68,69.89,0.1,-0.03,0.9,3
1281,16.468,2,-0.344,-0.02,-0.08,-0.93,153.74,1.62,9.58,-0.09,0.17,-0.03,4.09,31.43,-47.45,-71.41,-0.08,0.33,0.93,3
1282,16.469,7,0.018000000000000002,-0.11,0.1,0.99,193.12,12.32,10.98,-0.09,0.0,-0.0,0.0,0.61,-19.68,29.3,-0.11,0.2,0.97,3
1283,16.473,5,-0.188,-0.09,0.04,0.98,216.31,8.79,6.1,0.13,0.04,0.03,4.09,-7.32,-41.96,4.27,-0.25,0.18,1.01,3
1284,16.475,3,-0.528,0.26,-0.22,0.78,265.95,-10.32,-38.51,0.01,-0.06,0.16,4.09,81.18,64.24,-21.51,0.12,-0.73,0.91,3
1285,16.566,4,0.175,-0.18,-0.09,0.96,170.92,18.74,-15.11,0.06,0.11,0.0,4.09,-2.44,-16.94,-6.41,-0.42,-0.14,0.91,3
1286,16.567,0,-0.746,0.01,-0.66,0.06,331.89,81.17,-38.68,0.12,-0.03,-0.06,4.09,25.94,9.16,-9.46,-0.91,-0.04,0.23,3
1287,16.570999999999998,1,-0.9229999999999999,-0.13,-0.36,-0.02,23.4,41.63,19.27,-0.85,-0.18,-0.29,4.09,22.13,45.78,23.19,-1.1,0.27,-0.13,3
1288,16.573,7,-0.006999999999999999,-0.08,0.1,0.99,195.74,9.2,11.2,-0.09,-0.01,-0.02,0.0,-1.53,-28.84,29.14,-0.08,0.18,0.98,3
1289,16.576,2,-0.38299999999999995,-0.04,-0.11,-0.92,148.84,0.86,12.81,-0.12,0.07,-0.15,4.09,33.72,-22.74,-16.33,0.08,0.38,0.81,3
1290,16.578,6,-0.038,0.25,0.13,-0.96,185.02,28.37,-17.53,-0.62,0.24,-0.25,4.09,-47.3,71.26,43.18,0.13,0.01,1.0,3
1291,16.583,5,-0.237,-0.07,0.05,0.97,221.9,6.01,6.91,0.65,0.07,0.44,4.09,49.59,27.16,146.33,-0.68,0.52,1.29,3
1292,16.584,3,-0.501,0.22,-0.2,0.81,260.26,-9.53,-33.47,-0.0,-0.09,-0.05,4.09,5.8,18.77,-44.4,0.05,-0.59,0.74,3
1293,16.662,4,0.174,-0.17,-0.11,0.96,171.05,17.34,-16.14,0.1,0.0,0.01,4.09,-4.12,-3.2,-10.22,-0.4,-0.31,0.87,3
1294,16.664,0,-0.743,0.0,-0.67,0.06,330.29,81.69,-38.9,0.1,-0.11,-0.06,4.09,3.05,10.83,1.68,-0.93,0.03,0.2,3
1295,16.669,1,-0.9179999999999999,-0.13,-0.37,-0.01,23.28,43.25,20.11,-0.7,0.21,-0.23,4.09,-9.92,2.14,-32.04,-1.04,-0.14,0.06,3
1296,16.67,6,0.009000000000000001,0.31,0.14,-0.94,188.81,36.12,-19.18,-0.52,0.44,-0.49,4.09,-26.25,38.45,52.34,0.08,0.25,0.84,3
1297,16.674,2,-0.42200000000000004,-0.06,-0.12,-0.9,143.6,-0.74,15.48,0.21,-0.15,0.12,4.09,7.63,-27.01,-24.41,-0.05,0.09,1.12,3
1298,16.676,7,-0.03,-0.05,0.1,0.99,198.02,5.49,11.23,-0.08,0.0,-0.02,0.0,-1.83,-37.08,34.79,-0.0,0.19,0.96,3
1299,16.68,5,-0.315,-0.13,0.06,0.94,232.42,12.15,11.67,1.0,-0.07,-0.66,4.09,22.43,118.87,-17.55,-0.88,0.62,0.04,3
1300,16.682000000000002,3,-0.479,0.24,-0.18,0.83,257.88,-12.32,-32.64,0.04,-0.21,0.09,4.09,17.7,-53.41,8.24,0.01,-0.87,1.17,3
1301,16.754,4,0.184,-0.17,-0.11,0.96,169.96,16.76,-16.13,0.14,0.04,-0.01,4.09,6.71,-22.28,-0.61,-0.41,-0.29,0.87,3
1302,16.755,0,-0.741,0.0,-0.67,0.05,335.33,82.75,-34.43,0.07,-0.16,-0.05,4.09,-24.72,-3.36,32.96,-0.94,0.13,0.14,3
1303,16.76,1,-0.924,-0.11,-0.37,0.01,18.68,42.78,15.21,-0.47,0.16,-0.21,4.09,-13.73,-19.68,-19.38,-0.88,-0.07,0.3,3
1304,16.762,6,0.044000000000000004,0.34,0.15,-0.93,192.4,39.52,-19.49,-0.52,0.38,-0.57,4.09,-24.41,1.37,35.25,0.15,0.16,0.75,3
1305,16.769000000000002,2,-0.429,-0.08,-0.12,-0.89,142.37,-2.37,15.88,-0.13,0.13,-0.03,4.09,1.83,-16.02,-10.99,0.02,0.38,0.89,3
1306,16.771,7,-0.042,-0.01,0.1,0.99,198.91,0.76,11.31,-0.13,0.09,0.0,0.0,0.15,-49.13,-12.21,0.14,0.27,0.96,3
1307,16.776,5,-0.252,-0.24,0.04,0.94,226.77,25.04,11.92,0.16,-0.05,0.01,4.09,19.23,124.51,-87.59,-0.51,0.17,0.81,3
1308,16.779,3,-0.491,0.25,-0.18,0.81,260.21,-12.97,-33.95,0.17,-0.03,-0.15,4.09,-15.87,-1.07,-20.14,0.13,-0.52,0.74,3
1309,16.866,4,0.187,-0.15,-0.1,0.96,170.07,15.05,-15.45,0.12,0.01,-0.01,4.09,9.46,-14.8,-1.83,-0.37,-0.31,0.88,3
1310,16.868,0,-0.746,-0.0,-0.67,-0.0,17.97,83.44,3.9,0.14,-0.08,0.0,4.09,-66.53,-3.97,39.06,-1.06,0.13,0.25,3
1311,16.872,1,-0.932,-0.1,-0.35,0.01,17.25,41.0,12.86,-0.4,0.2,-0.1,4.09,-22.43,-16.48,6.41,-0.9,-0.08,0.44,3
1312,16.874000000000002,6,0.063,0.31,0.16,-0.93,195.35,36.99,-19.15,-0.61,1.1,-0.23,4.09,-10.22,-42.11,-13.58,0.1,0.65,1.26,3
1313,16.879,5,-0.198,-0.31,-0.0,0.93,220.68,35.52,8.14,-0.68,0.36,-0.01,4.09,-39.37,43.95,-63.48,0.15,0.13,1.26,3
1314,16.882,7,-0.042,0.04,0.09,0.99,198.43,-5.06,10.57,-0.08,0.15,0.02,0.0,-8.09,-54.93,29.75,0.16,0.32,0.95,3
1315,16.887999999999998,4,0.183,-0.14,-0.1,0.97,171.07,13.08,-14.24,0.06,0.04,0.0,4.09,2.14,-14.04,2.44,-0.29,-0.23,0.93,3
1316,16.89,3,-0.527,0.27,-0.18,0.79,265.89,-13.25,-35.26,0.09,-0.16,0.1,4.09,5.04,-35.4,65.31,0.08,-0.59,0.93,3
1317,16.938,1,-0.938,-0.08,-0.34,-0.0,17.91,39.35,10.65,-0.4,0.15,-0.1,4.09,-30.98,-20.9,17.4,-0.88,-0.04,0.45,3
1318,16.939,0,-0.742,0.01,-0.67,-0.06,47.15,82.94,27.19,-0.2,-0.07,0.18,4.09,-51.27,4.58,18.16,-1.19,0.16,-0.1,3
1319,16.992,2,-0.47200000000000003,-0.12,-0.1,-0.87,135.9,-6.76,17.0,0.06,-0.01,-0.03,4.09,17.09,-26.7,-33.11,0.08,0.23,0.95,3
1320,16.993,3,-0.562,0.28,-0.17,0.76,271.16,-13.07,-35.85,0.29,-0.03,0.0,4.09,14.65,-25.94,18.16,0.16,-0.39,0.94,3
1321,16.998,5,-0.182,-0.3,-0.06,0.93,216.23,36.03,0.39,-0.88,0.38,-0.25,4.09,-45.01,-50.96,48.83,0.42,0.03,1.16,3
1322,17.0,6,0.04,0.27,0.17,-0.95,193.08,31.55,-20.24,-0.57,-0.48,0.22,4.09,2.14,-52.19,-22.89,-0.16,-0.91,1.13,3
1323,17.004,4,0.183,-0.13,-0.1,0.97,171.07,12.37,-14.35,0.12,0.01,-0.0,4.09,2.14,-11.9,-1.53,-0.31,-0.27,0.92,3
1324,17.005,7,-0.032,0.07,0.09,0.99,196.94,-8.51,10.54,0.01,-0.43,-0.17,0.0,-9.0,-11.14,9.61,0.09,-0.44,1.58,3
1325,17.054000000000002,1,-0.9420000000000001,-0.06,-0.33,-0.02,19.76,38.16,9.14,-0.38,0.12,-0.13,4.09,-26.4,-11.44,21.51,-0.85,-0.01,0.44,3
1326,17.055999999999997,0,-0.738,0.04,-0.67,-0.1,61.25,82.22,35.94,-0.05,-0.01,-0.11,4.09,-48.52,4.12,21.06,-0.87,0.07,0.05,3
1327,17.062,5,-0.213,-0.24,-0.06,0.95,219.16,28.39,-1.07,0.15,-0.18,0.12,4.09,-31.59,-56.15,15.87,-1.1,-0.23,1.03,3
1328,17.064,6,0.05,0.24,0.16,-0.96,195.13,28.38,-19.05,-0.62,0.72,-0.4,4.09,2.44,-32.35,5.65,0.28,0.4,1.03,3
1329,17.067999999999998,2,-0.496,-0.14,-0.11,-0.85,132.2,-7.84,19.09,0.16,0.0,0.06,4.09,25.18,-8.7,-33.57,0.07,0.16,1.04,3
1330,17.07,7,-0.059000000000000004,0.04,0.07,1.0,200.56,-4.5,7.77,0.1,-0.25,0.04,0.0,-36.77,80.26,35.4,-0.08,-0.05,1.08,3
1331,17.073,4,0.185,-0.12,-0.1,0.97,171.17,11.06,-13.85,0.12,0.01,-0.01,4.09,6.1,-18.77,3.36,-0.33,-0.28,0.91,3
1332,17.075,3,-0.588,0.29,-0.15,0.74,275.46,-14.16,-35.35,0.19,-0.11,-0.0,4.09,13.58,-36.32,40.59,0.13,-0.39,0.95,3
1333,17.166,1,-0.9440000000000001,-0.05,-0.32,-0.04,22.3,37.36,8.47,-0.39,0.14,-0.12,4.09,-21.82,-6.1,22.89,-0.85,-0.05,0.44,3
1334,17.167,0,-0.731,0.05,-0.67,-0.14,75.09,81.13,45.18,0.06,0.03,-0.06,4.09,-39.06,3.05,21.82,-0.92,0.06,0.15,3
1335,17.171,2,-0.509,-0.16,-0.13,-0.84,129.72,-8.32,22.64,0.04,0.08,-0.09,4.09,41.2,-3.36,-23.35,0.05,0.36,0.91,3
1336,17.173,6,0.038,0.21,0.17,-0.96,194.2,25.12,-19.6,-0.46,0.22,-0.07,4.09,6.1,-15.87,-10.83,0.01,-0.12,1.03,3
1337,17.177,5,-0.262,-0.22,-0.05,0.94,225.56,26.55,0.98,0.09,-0.02,-0.01,4.09,15.11,-36.93,-10.68,-0.52,0.04,0.85,3
1338,17.178,7,-0.086,-0.05,0.04,0.99,204.11,5.65,4.54,0.11,0.11,0.25,0.0,-9.0,124.66,-6.71,-0.18,0.23,1.19,3
1339,17.183,4,0.177,-0.09,-0.09,0.98,172.51,8.73,-12.61,0.17,-0.02,-0.0,4.09,19.23,-47.45,16.17,-0.26,-0.27,0.95,3
1340,17.185,3,-0.616,0.29,-0.13,0.72,279.71,-14.76,-34.35,0.22,-0.04,-0.04,4.09,6.71,-22.74,25.48,0.17,-0.35,0.87,3
1341,17.277,1,-0.941,-0.04,-0.33,-0.07,25.49,37.76,8.35,-0.45,0.43,-0.05,4.09,-31.28,9.92,16.33,-1.16,-0.01,0.59,3
1342,17.278,0,-0.7240000000000001,0.07,-0.66,-0.18,84.88,79.84,50.91,0.17,-0.03,0.01,4.09,-39.06,5.34,16.48,-0.98,0.11,0.29,3
1343,17.283,2,-0.508,-0.18,-0.16,-0.83,129.16,-7.64,26.55,0.19,-0.17,-0.05,4.09,50.2,1.37,-5.49,0.21,0.2,0.91,3
1344,17.285,6,0.040999999999999995,0.2,0.16,-0.97,194.96,23.8,-18.56,-0.43,0.51,-0.28,4.09,6.41,-19.38,1.07,0.09,0.21,0.94,3
1345,17.289,5,-0.262,-0.2,-0.04,0.94,225.49,24.06,1.7,0.05,0.08,-0.0,4.09,0.46,-2.75,30.06,-0.41,0.09,0.9,3
1346,17.291,7,-0.07400000000000001,-0.16,0.03,0.98,203.42,18.15,4.57,-0.25,0.19,-0.11,0.0,20.45,117.8,-28.23,-0.0,0.22,0.91,3
1347,17.295,4,0.161,-0.04,-0.07,0.98,175.21,3.75,-8.57,0.15,0.03,0.3,4.09,50.35,-37.69,8.39,-0.44,-0.15,1.32,3
1348,17.297,3,-0.648,0.3,-0.12,0.69,285.02,-14.85,-34.73,0.42,-0.1,-0.06,4.09,0.0,-35.1,46.08,0.12,-0.17,1.0,3
1349,17.369,1,-0.935,-0.02,-0.35,-0.06,22.95,40.8,5.81,-0.67,0.35,-0.21,4.09,-3.66,25.63,-22.28,-1.07,-0.21,0.15,3
1350,17.37,0,-0.7190000000000001,0.08,-0.66,-0.2,89.33,79.2,51.9,0.17,-0.07,0.02,4.09,-18.46,-0.46,-6.26,-0.99,0.12,0.31,3
1351,17.374000000000002,2,-0.502,-0.24,-0.2,-0.81,127.11,-10.61,34.23,-0.15,0.08,0.22,4.09,82.09,-33.42,32.65,0.2,0.71,0.98,3
1352,17.375999999999998,6,0.028999999999999998,0.17,0.14,-0.97,194.46,19.95,-16.65,-0.33,0.34,-0.23,4.09,17.85,-37.38,-6.26,0.05,0.09,0.9,3
1353,17.379,5,-0.272,-0.2,-0.03,0.94,226.91,23.83,2.89,0.15,0.05,0.0,4.09,4.43,-16.02,3.66,-0.51,0.18,0.87,3
1354,17.381,7,-0.042,-0.24,0.04,0.97,200.46,27.31,5.79,-0.4,-0.0,-0.53,0.0,18.46,44.1,-14.34,0.15,0.01,0.6,3
1355,17.385,4,0.263,-0.1,-0.07,0.96,162.46,9.42,-10.84,1.04,0.0,-0.37,4.09,-61.04,150.76,-147.71,-0.8,-0.43,0.15,3
1356,17.387,3,-0.6679999999999999,0.31,-0.12,0.67,288.99,-14.8,-35.88,0.22,-0.12,-0.14,4.09,-24.26,-16.17,21.21,0.12,-0.32,0.83,3
1357,17.473,1,-0.9329999999999999,-0.01,-0.35,-0.06,24.05,41.17,5.45,-0.56,0.1,-0.23,4.09,-27.77,-6.87,32.5,-0.93,0.08,0.2,3
1358,17.474,6,0.035,0.13,0.12,-0.98,196.37,15.08,-13.35,-0.52,0.33,-0.25,4.09,25.63,-50.96,23.19,0.33,0.09,0.91,3
1359,17.477999999999998,2,-0.47100000000000003,-0.24,-0.19,-0.83,130.85,-12.74,33.86,0.42,0.02,-0.15,4.09,-78.28,61.34,53.25,-0.01,0.18,0.94,3
1360,17.48,0,-0.7190000000000001,0.11,-0.65,-0.21,84.21,80.37,44.43,0.17,-0.1,-0.11,4.09,-20.9,4.58,-11.44,-0.86,0.18,0.27,3
1361,17.484,5,-0.268,-0.19,-0.03,0.94,226.38,21.49,3.16,0.0,0.03,0.01,4.09,4.73,-10.07,11.29,-0.37,0.12,0.93,3
1362,17.486,7,-0.047,-0.24,0.05,0.97,201.5,27.52,7.53,-0.59,-0.02,-0.28,0.0,9.31,-50.81,31.13,0.18,0.0,0.92,3
1363,17.489,4,0.21,-0.2,-0.14,0.95,165.54,18.83,-21.18,0.38,-0.27,-0.07,4.09,-147.86,58.44,103.91,-0.49,-0.69,0.62,3
1364,17.491,3,-0.685,0.34,-0.13,0.63,293.7,-14.06,-40.26,0.41,-0.03,-0.16,4.09,-40.13,-29.6,43.18,0.22,-0.21,0.86,3
1365,17.565,1,-0.9329999999999999,-0.02,-0.35,-0.09,27.16,40.42,6.83,-0.47,0.0,-0.15,4.09,7.48,1.68,6.26,-0.9,0.13,0.31,3
1366,17.567,0,-0.722,0.13,-0.65,-0.21,74.92,80.94,32.92,0.12,0.01,-0.03,4.09,-1.98,0.0,-55.39,-0.99,-0.01,0.24,3
1367,17.57,2,-0.374,-0.15,-0.14,-0.9,147.28,-9.83,21.7,0.0,-0.16,0.12,4.09,-104.83,134.74,201.87,0.32,0.34,1.07,3
1368,17.572,6,0.052000000000000005,0.08,0.09,-0.99,199.2,9.98,-10.08,-0.48,0.19,-0.15,4.09,23.96,-49.29,49.74,0.31,0.04,0.94,3
1369,17.576,5,-0.27399999999999997,-0.18,-0.01,0.94,227.29,20.8,4.48,0.01,0.05,0.02,4.09,6.56,-3.36,5.8,-0.35,0.09,0.95,3
1370,17.578,7,-0.062,-0.21,0.06,0.97,203.29,23.96,9.12,-0.32,0.14,-0.57,0.0,19.99,-65.31,4.88,-0.04,0.15,0.62,3
1371,17.582,4,0.081,-0.27,-0.2,0.94,176.94,28.07,-28.44,-0.43,-0.08,0.09,4.09,-78.43,-5.95,185.24,-0.1,-0.49,1.07,3
1372,17.584,3,-0.69,0.39,-0.16,0.59,299.71,-13.85,-48.8,0.13,-0.12,-0.16,4.09,-100.1,-9.16,-7.93,0.17,-0.56,0.73,3
1373,17.679000000000002,1,-0.935,-0.02,-0.34,-0.09,27.35,39.74,7.79,-0.41,0.03,-0.2,4.09,-1.22,-12.21,-7.17,-0.82,0.14,0.36,3
1374,17.680999999999997,0,-0.723,0.16,-0.64,-0.19,49.78,83.08,6.93,0.08,0.15,0.22,4.09,0.76,6.56,-30.06,-1.26,-0.16,0.16,3
1375,17.685,2,-0.253,-0.05,-0.08,-0.96,164.35,-2.93,9.88,-0.08,0.06,-0.1,4.09,-94.3,53.56,60.27,0.1,0.2,0.9,3
1376,17.687,6,0.076,0.06,0.08,-0.99,202.26,7.83,-8.37,-0.34,0.8,0.58,4.09,19.84,4.88,-7.17,0.16,0.47,1.96,3
1377,17.69,5,-0.275,-0.19,-0.01,0.94,227.53,20.77,5.62,0.03,0.02,-0.0,4.09,7.02,3.2,9.31,-0.37,0.13,0.92,3
1378,17.692,7,-0.08800000000000001,-0.18,0.07,0.98,206.26,19.86,10.82,-0.21,-0.05,0.03,0.0,4.58,-38.6,30.36,-0.18,0.03,1.02,3
1379,17.695999999999998,4,-0.052000000000000005,-0.28,-0.19,0.94,193.32,33.48,-23.16,-0.76,0.22,-0.04,4.09,-2.14,-17.55,16.78,0.09,-0.26,1.24,3
1380,17.698,3,-0.66,0.44,-0.19,0.58,299.65,-14.69,-56.43,0.48,-0.17,0.33,4.09,-43.64,5.49,65.0,0.26,-0.69,1.11,3
1381,17.771,1,-0.9390000000000001,-0.03,-0.33,-0.07,25.03,38.72,7.02,-0.26,0.17,-0.03,4.09,5.34,-17.24,-25.79,-0.81,-0.06,0.58,3
1382,17.773,6,0.066,0.11,0.07,-0.99,200.86,12.77,-7.39,-0.33,0.51,-0.16,4.09,34.03,74.01,-26.09,0.17,0.33,0.93,3
1383,17.777,2,-0.19899999999999998,-0.0,-0.02,-0.98,171.04,0.13,2.87,-0.26,0.38,-0.03,4.09,-53.25,21.67,64.7,0.07,0.5,0.85,3
1384,17.779,7,-0.11,-0.15,0.09,0.98,208.66,16.2,12.57,-0.05,0.06,-0.02,0.0,11.9,-31.13,30.21,-0.19,0.27,0.92,3
1385,17.785999999999998,5,-0.27699999999999997,-0.18,0.0,0.94,228.0,20.06,6.77,0.04,-0.0,0.01,4.09,15.41,-21.97,-6.26,-0.38,0.14,0.93,3
1386,17.787,3,-0.677,0.41,-0.22,0.57,299.08,-9.86,-54.92,0.48,-0.13,-0.18,4.09,75.23,59.66,-14.5,0.18,-0.45,0.8,3
1387,17.792,4,0.047,-0.24,-0.21,0.95,181.82,25.68,-27.92,-0.95,0.04,-0.46,4.09,44.56,-62.71,-99.95,0.37,-0.39,0.96,3
1388,17.794,0,-0.7240000000000001,0.18,-0.64,-0.17,26.15,83.47,-16.45,-0.03,0.01,-0.04,4.09,5.04,-5.65,-13.73,-0.95,-0.01,0.07,3
1389,17.869,1,-0.946,-0.02,-0.32,-0.05,21.26,37.14,4.53,-0.26,0.17,-0.02,4.09,-15.11,-12.21,-20.9,-0.83,-0.06,0.65,3
1390,17.871,0,-0.728,0.18,-0.64,-0.16,17.36,82.72,-24.94,0.02,-0.08,-0.09,4.09,2.9,-0.15,-12.97,-0.9,0.03,0.14,3
1391,17.875999999999998,2,-0.18600000000000003,-0.01,0.0,-0.98,172.66,-0.75,-0.27,0.08,0.11,-0.27,4.09,17.09,-22.43,35.1,-0.17,0.19,0.8,3
1392,17.878,6,0.036000000000000004,0.18,0.06,-0.98,196.98,20.7,-6.75,-0.52,0.02,-0.05,4.09,-1.98,74.01,16.63,0.16,-0.16,1.05,3
1393,17.884,5,-0.266,-0.17,0.03,0.95,226.83,18.48,8.56,0.06,0.04,0.0,4.09,20.75,-17.24,-2.29,-0.32,0.19,0.93,3
1394,17.886,7,-0.124,-0.12,0.11,0.98,210.07,12.58,14.1,-0.17,-0.01,0.01,0.0,10.07,-28.53,30.06,-0.06,0.19,1.0,3
1395,17.892,4,0.024,-0.2,-0.17,0.97,187.08,21.78,-21.04,0.39,0.49,0.58,4.09,19.68,1.37,9.31,-1.81,-0.98,1.82,3
1396,17.894000000000002,3,-0.7040000000000001,0.32,-0.19,0.61,295.11,-6.49,-42.89,0.21,0.0,-0.03,4.09,157.47,36.32,6.26,0.13,-0.62,0.86,3
1397,17.98,1,-0.9420000000000001,-0.01,-0.33,-0.05,21.33,38.53,3.96,-0.69,0.36,0.18,4.09,-10.83,38.91,43.49,-1.26,-0.29,0.51,3
1398,17.983,0,-0.732,0.19,-0.64,-0.15,5.12,81.62,-36.92,0.24,-0.08,-0.03,4.09,9.31,2.75,-20.75,-0.94,-0.12,0.38,3
1399,17.987000000000002,5,-0.264,-0.17,0.05,0.95,226.8,16.67,11.12,-0.02,-0.05,0.07,4.09,62.26,-1.98,26.7,-0.35,0.17,1.0,3
1400,17.988,6,0.062,0.25,0.07,-0.96,199.65,28.98,-6.92,-0.56,0.17,-0.17,4.09,-17.09,86.36,61.34,0.1,-0.0,1.01,3
1401,17.992,4,0.027000000000000003,-0.18,-0.16,0.97,187.31,20.12,-19.51,0.04,0.16,0.03,4.09,26.4,-12.21,-0.15,-0.41,-0.16,0.95,3
1402,17.994,7,-0.149,-0.1,0.12,0.98,212.61,8.93,15.45,-0.11,-0.07,-0.03,0.0,14.8,-28.53,36.47,-0.07,0.15,0.96,3
1403,17.998,1,-0.927,-0.01,-0.36,-0.09,27.9,42.33,6.95,-0.73,0.07,-0.15,4.09,-22.43,24.26,9.46,-1.13,0.1,0.18,3
1404,18.0,3,-0.73,0.23,-0.16,0.62,294.25,-3.72,-32.51,0.28,0.08,-0.4,4.09,-8.24,45.47,-86.82,0.2,-0.1,0.64,3
1405,18.078,2,-0.23,-0.01,-0.06,-0.97,167.42,-0.07,6.88,0.16,0.03,-0.06,4.09,50.96,-5.95,-71.41,-0.16,0.05,0.95,3
1406,18.079,0,-0.7290000000000001,0.2,-0.64,-0.14,356.0,81.55,-45.6,0.04,0.26,0.05,4.09,-11.75,10.38,13.73,-1.04,-0.3,0.01,3
1407,18.085,5,-0.303,-0.2,0.12,0.92,233.69,17.41,21.19,0.75,-0.91,0.53,4.09,76.9,93.69,83.16,-1.47,0.22,0.96,3
1408,18.086,6,0.113,0.3,0.08,-0.94,205.86,35.95,-5.73,-0.57,0.28,-0.36,4.09,-18.31,66.53,69.43,0.13,0.08,0.89,3
1409,18.09,4,0.035,-0.18,-0.15,0.97,186.56,19.74,-18.87,0.23,-0.16,0.01,4.09,3.36,-21.97,13.28,-0.53,-0.47,0.77,3
1410,18.092,7,-0.172,-0.07,0.13,0.97,214.88,5.0,16.65,-0.12,-0.05,-0.06,0.0,11.75,-30.52,36.77,0.02,0.2,0.92,3
1411,18.095,1,-0.9229999999999999,0.01,-0.37,-0.1,27.84,43.55,4.76,-0.62,0.02,-0.22,4.09,-19.84,1.53,-22.13,-0.96,0.12,0.12,3
1412,18.097,3,-0.72,0.25,-0.16,0.63,293.45,-5.25,-34.08,0.95,-0.04,-0.22,4.09,-2.9,-4.27,-10.83,0.19,0.23,1.12,3
1413,18.169,2,-0.244,-0.02,-0.09,-0.97,165.74,0.59,10.07,0.03,-0.05,-0.04,4.09,10.68,-34.48,-22.28,-0.03,0.12,0.97,3
1414,18.17,0,-0.722,0.2,-0.64,-0.16,2.0,83.0,-40.93,0.03,0.08,-0.04,4.09,-17.85,-6.1,16.02,-0.94,-0.13,0.08,3
1415,18.174,5,-0.341,-0.29,0.12,0.89,242.5,25.78,27.1,0.58,-0.87,-0.2,4.09,-42.11,136.57,-55.69,-1.29,0.09,0.36,3
1416,18.176,6,0.17300000000000001,0.34,0.09,-0.92,214.14,41.44,-3.11,-0.55,0.48,-0.48,4.09,-28.38,43.79,73.55,0.18,0.22,0.85,3
1417,18.179000000000002,4,0.026000000000000002,-0.15,-0.13,0.98,188.62,17.25,-16.05,0.14,0.07,-0.01,4.09,20.75,-41.96,11.9,-0.41,-0.17,0.89,3
1418,18.182000000000002,7,-0.198,-0.04,0.15,0.97,217.2,0.59,17.57,-0.07,0.1,0.01,0.0,9.16,-47.45,8.09,0.1,0.37,0.96,3
1419,18.186,1,-0.9259999999999999,0.02,-0.37,-0.09,25.44,43.19,2.18,-0.4,0.28,-0.17,4.09,-11.14,-7.48,-12.97,-0.9,-0.21,0.3,3
1420,18.188,3,-0.7140000000000001,0.27,-0.15,0.63,293.8,-7.46,-35.44,0.19,-0.05,-0.0,4.09,1.68,-40.59,41.81,0.08,-0.37,0.97,3
1421,18.285999999999998,2,-0.244,-0.03,-0.1,-0.96,165.55,-0.8,11.77,-0.08,0.09,-0.17,4.09,28.69,-15.56,-0.15,0.05,0.3,0.81,3
1422,18.287,6,0.231,0.35,0.09,-0.9,222.61,42.99,-0.57,-0.4,0.52,-0.71,4.09,-38.45,-14.34,45.93,0.22,0.24,0.35,3
1423,18.291,5,-0.37,-0.38,-0.03,0.85,247.76,41.61,17.18,-0.56,0.08,-0.37,4.09,-180.97,138.09,57.53,-0.09,-0.18,0.83,3
1424,18.293,0,-0.722,0.2,-0.64,-0.19,23.98,82.94,-22.15,0.15,0.04,-0.06,4.09,-33.42,-16.33,42.27,-0.88,-0.19,0.23,3
1425,18.297,4,0.01,-0.13,-0.12,0.98,191.04,14.78,-14.09,0.11,0.0,-0.0,4.09,7.93,-15.41,8.24,-0.37,-0.2,0.91,3
1426,18.299,7,-0.184,0.01,0.17,0.97,214.87,-4.42,18.73,-0.07,-0.11,-0.11,0.0,-1.98,-56.76,26.4,0.08,0.19,0.9,3
1427,18.303,1,-0.929,0.04,-0.36,-0.09,25.36,42.11,-0.17,-0.42,0.12,-0.15,4.09,-37.08,-10.53,6.26,-0.88,-0.01,0.34,3
1428,18.305,3,-0.736,0.29,-0.13,0.6,298.49,-8.35,-36.11,0.28,-0.04,-0.05,4.09,-4.73,-31.59,32.5,0.18,-0.34,0.92,3
1429,18.375999999999998,2,-0.256,-0.05,-0.13,-0.96,163.89,-1.25,15.28,0.07,-0.07,0.01,4.09,30.06,-17.7,-29.6,-0.0,0.17,0.93,3
1430,18.377,0,-0.715,0.21,-0.62,-0.24,53.24,82.04,2.37,-0.2,-0.03,0.05,4.09,-47.0,-20.45,37.23,-1.06,0.14,-0.0,3
1431,18.381,5,-0.48100000000000004,-0.33,-0.14,0.8,258.92,41.15,7.6,-0.76,2.51,-0.77,4.09,-116.58,-148.32,19.84,1.52,0.55,1.75,3
1432,18.384,6,0.233,0.31,0.1,-0.92,221.49,38.16,-3.19,-0.53,0.9,-0.61,4.09,-8.09,-39.37,-56.76,0.33,0.47,0.71,3
1433,18.387999999999998,4,0.003,-0.12,-0.11,0.99,192.28,13.35,-12.51,0.14,0.07,0.01,4.09,13.12,-13.28,-0.15,-0.33,-0.2,0.96,3
1434,18.389,7,-0.204,0.05,0.17,0.96,216.47,-9.77,17.83,-0.11,-0.22,0.16,0.0,-10.99,-32.81,6.41,0.22,0.07,1.17,3
1435,18.393,1,-0.9279999999999999,0.06,-0.35,-0.12,27.56,41.31,-2.24,-0.38,0.17,-0.12,4.09,-46.84,-16.63,18.62,-0.89,-0.09,0.39,3
1436,18.395,3,-0.76,0.29,-0.12,0.57,303.14,-8.45,-35.87,0.26,0.04,-0.04,4.09,16.17,-38.76,47.15,0.26,-0.33,0.86,3
1437,18.488,2,-0.295,-0.07,-0.15,-0.94,158.87,-2.1,18.47,0.19,-0.25,-0.14,4.09,46.84,-2.9,-18.46,-0.09,0.11,0.95,3
1438,18.489,0,-0.7040000000000001,0.22,-0.61,-0.29,72.25,80.81,16.47,-0.04,0.17,0.02,4.09,-44.56,6.71,29.3,-1.01,-0.04,0.0,3
1439,18.493,5,-0.523,-0.26,-0.11,0.8,262.11,32.51,6.64,0.17,-0.13,0.01,4.09,-4.43,-32.65,50.35,-0.7,0.24,0.76,3
1440,18.495,6,0.201,0.27,0.11,-0.93,216.37,33.53,-6.65,-0.69,-0.26,0.08,4.09,-18.01,-30.36,8.39,-0.11,-0.53,1.1,3
1441,18.499000000000002,4,0.0,-0.11,-0.09,0.99,192.87,12.65,-10.25,0.15,-0.05,-0.01,4.09,21.51,-15.72,8.09,-0.34,-0.17,0.92,3
1442,18.500999999999998,7,-0.25,0.07,0.14,0.96,221.94,-12.06,13.3,0.02,-0.51,0.3,0.0,-66.53,41.35,83.62,-0.03,-0.15,1.37,3
1443,18.505,1,-0.9279999999999999,0.08,-0.33,-0.15,31.36,39.58,-3.54,-0.35,0.21,-0.12,4.09,-39.67,-26.55,30.67,-0.86,-0.13,0.43,3
1444,18.506,3,-0.789,0.29,-0.1,0.53,309.04,-9.0,-34.96,0.36,-0.1,-0.06,4.09,11.29,-14.5,12.21,0.21,-0.23,0.96,3
1445,18.58,2,-0.294,-0.07,-0.18,-0.94,158.95,-1.28,22.68,0.06,0.03,-0.03,4.09,20.9,9.31,22.58,-0.05,0.37,0.9,3
1446,18.582,0,-0.6809999999999999,0.23,-0.62,-0.32,92.24,80.81,32.34,-0.01,-0.03,-0.07,4.09,-33.11,12.51,28.38,-0.9,0.1,0.14,3
1447,18.587,5,-0.534,-0.24,-0.09,0.81,262.98,28.96,7.24,0.04,0.1,0.02,4.09,-1.68,-23.96,8.09,-0.43,0.21,0.9,3
1448,18.588,6,0.21100000000000002,0.25,0.12,-0.94,217.16,31.25,-7.92,-0.57,0.51,-0.3,4.09,-11.75,-24.87,14.65,0.23,0.09,0.99,3
1449,18.593,4,-0.019,-0.08,-0.06,0.99,195.68,9.64,-6.71,0.12,-0.02,0.02,4.09,34.94,-47.61,29.45,-0.29,-0.13,0.98,3
1450,18.594,7,-0.312,0.03,0.06,0.95,230.28,-5.56,5.74,0.21,-0.03,-0.02,0.0,-48.98,107.57,30.06,-0.1,0.18,0.98,3
1451,18.599,1,-0.924,0.09,-0.32,-0.19,35.39,38.88,-4.09,-0.33,0.29,-0.1,4.09,-36.47,-4.88,34.94,-0.89,-0.18,0.44,3
1452,18.601,3,-0.799,0.29,-0.08,0.52,310.92,-9.82,-33.77,0.11,-0.05,-0.02,4.09,3.51,-5.49,9.92,0.18,-0.44,0.87,3
1453,18.68,2,-0.26899999999999996,-0.06,-0.21,-0.94,161.89,-0.6,24.93,-0.01,0.01,-0.0,4.09,23.65,4.73,21.06,0.02,0.44,0.89,3
1454,18.683,0,-0.662,0.24,-0.62,-0.35,108.39,80.23,45.17,0.1,-0.0,-0.06,4.09,-34.33,3.51,25.18,-0.93,0.06,0.2,3
1455,18.688,5,-0.546,-0.23,-0.08,0.8,264.23,26.95,7.43,0.06,0.03,0.01,4.09,-6.26,-25.48,9.61,-0.44,0.19,0.89,3
1456,18.689,6,0.204,0.23,0.12,-0.94,216.08,29.04,-9.32,-0.37,0.33,-0.2,4.09,-1.37,-9.31,-9.0,0.07,0.08,0.94,3
1457,18.694000000000003,4,-0.055999999999999994,-0.03,-0.02,1.0,200.46,4.02,-1.67,0.15,-0.01,0.15,4.09,41.81,-50.81,29.3,-0.24,-0.01,1.17,3
1458,18.695,7,-0.32299999999999995,-0.06,0.01,0.94,232.01,6.08,2.98,0.02,0.07,0.12,0.0,2.9,143.74,-14.34,-0.1,0.13,1.11,3
1459,18.7,1,-0.914,0.11,-0.33,-0.22,39.01,39.97,-4.67,-0.76,-0.54,0.33,4.09,-32.5,27.77,-33.11,-1.05,0.73,0.76,3
1460,18.702,3,-0.8140000000000001,0.29,-0.07,0.5,313.7,-9.91,-32.94,0.32,-0.21,-0.0,4.09,10.99,-13.58,23.19,0.14,-0.23,1.03,3
1461,18.805999999999997,2,-0.266,-0.07,-0.25,-0.93,162.09,0.11,30.19,0.12,0.12,0.22,4.09,85.14,10.22,-14.34,-0.16,0.68,1.03,3
1462,18.808,0,-0.65,0.25,-0.61,-0.38,113.92,78.67,46.88,0.1,-0.21,0.02,4.09,-26.25,8.09,3.2,-0.98,0.19,0.36,3
1463,18.813,5,-0.557,-0.21,-0.07,0.8,265.13,24.18,7.12,0.03,0.05,0.01,4.09,-10.83,-15.11,5.65,-0.38,0.2,0.91,3
1464,18.814,6,0.192,0.22,0.13,-0.95,214.46,27.44,-10.26,-0.37,0.34,-0.16,4.09,7.48,-24.11,-24.41,0.01,0.0,0.98,3
1465,18.820999999999998,4,-0.064,0.0,-0.02,1.0,201.43,-0.18,-2.17,0.86,-0.27,0.52,4.09,-87.28,57.68,-119.78,-0.86,-0.14,1.35,3
1466,18.823,7,-0.29600000000000004,-0.17,-0.01,0.94,229.77,19.19,4.58,-0.18,0.21,-0.29,0.0,30.67,110.93,-50.81,0.04,0.1,0.74,3
1467,18.827,1,-0.907,0.12,-0.35,-0.2,36.31,43.21,-6.24,-0.6,0.46,-0.19,4.09,-0.15,13.58,10.38,-1.08,-0.17,0.12,3
1468,18.829,3,-0.8270000000000001,0.29,-0.07,0.48,317.17,-9.71,-33.73,0.25,-0.21,-0.03,4.09,-27.16,-10.53,29.14,0.12,-0.25,0.97,3
1469,18.89,2,-0.244,-0.1,-0.32,-0.91,163.41,-1.67,39.47,-0.21,-0.08,-0.25,4.09,16.02,-14.8,21.67,0.2,0.38,0.51,3
1470,18.891,0,-0.64,0.27,-0.6,-0.4,114.9,79.36,44.37,0.07,-0.12,-0.03,4.09,-22.43,2.75,-4.88,-0.93,0.13,0.3,3
1471,18.895,5,-0.563,-0.19,-0.07,0.8,265.63,22.98,6.46,0.0,0.01,0.01,4.09,-3.66,-6.71,1.68,-0.4,0.12,0.92,3
1472,18.897000000000002,6,0.175,0.17,0.11,-0.96,212.78,21.98,-9.4,-0.31,0.44,-0.2,4.09,14.19,-41.66,-9.31,0.11,0.1,0.93,3
1473,18.901,4,0.015,-0.09,-0.08,0.99,191.53,9.88,-9.34,0.68,-1.59,-0.53,4.09,-137.94,101.93,107.57,-0.82,-1.54,0.17,3
1474,18.903,7,-0.262,-0.23,-0.01,0.94,226.76,26.06,6.32,-0.48,0.16,-0.35,0.0,27.92,12.82,0.76,0.1,-0.0,0.82,3
1475,18.907,1,-0.9,0.11,-0.35,-0.23,42.01,43.02,-2.91,-0.54,0.01,-0.21,4.09,-12.05,-13.58,51.12,-0.89,0.25,0.28,3
1476,18.908,3,-0.841,0.3,-0.07,0.44,321.39,-9.22,-35.21,0.12,-0.13,-0.01,4.09,-26.7,-24.57,62.71,0.14,-0.39,0.91,3
1477,18.984,2,-0.235,-0.08,-0.29,-0.92,165.09,-1.21,34.93,0.21,-0.34,-0.22,4.09,-110.78,59.05,70.8,-0.02,0.1,0.85,3
1478,18.986,0,-0.64,0.28,-0.59,-0.4,110.44,79.63,38.17,0.18,-0.02,0.01,4.09,-4.88,-14.65,-29.14,-0.98,-0.05,0.27,3
1479,18.989,5,-0.5670000000000001,-0.18,-0.07,0.8,265.86,21.61,6.04,-0.01,0.05,0.01,4.09,-4.12,-9.16,5.8,-0.31,0.1,0.95,3
1480,18.991,6,0.171,0.13,0.09,-0.97,212.88,16.24,-7.87,-0.47,0.26,-0.17,4.09,25.02,-46.84,25.02,0.28,-0.02,0.94,3
1481,18.995,4,-0.081,-0.18,-0.22,0.96,198.76,22.09,-25.13,-0.08,-0.4,0.04,4.09,-181.58,79.04,107.57,-0.26,-0.74,0.76,3
1482,18.997,7,-0.266,-0.23,0.01,0.94,227.68,24.88,8.55,-0.61,-0.06,-0.03,0.0,-11.29,-57.68,41.5,-0.41,-0.3,1.65,3
1483,19.000999999999998,1,-0.898,0.1,-0.35,-0.25,45.31,42.17,-0.46,-0.48,0.12,-0.29,4.09,3.81,-11.29,0.76,-0.83,0.13,0.24,3
1484,19.003,3,-0.8490000000000001,0.33,-0.07,0.41,325.81,-8.48,-38.53,0.27,-0.09,-0.1,4.09,-47.0,-26.7,26.55,0.22,-0.39,0.78,3
1485,19.076,2,-0.084,-0.02,-0.17,-0.98,184.29,-0.07,20.11,-0.22,-0.18,0.17,4.09,-139.62,100.71,179.6,0.24,0.33,1.14,3
1486,19.078,0,-0.652,0.3,-0.58,-0.39,91.68,80.6,18.8,-0.02,0.02,-0.1,4.09,-8.7,2.44,-33.42,-0.9,0.06,0.09,3
1487,19.081,5,-0.568,-0.18,-0.06,0.8,265.97,21.11,6.5,0.11,0.02,-0.0,4.09,-1.22,-2.44,5.95,-0.39,0.23,0.9,3
1488,19.084,6,0.19899999999999998,0.09,0.06,-0.97,216.65,12.11,-4.99,-0.33,0.48,0.01,4.09,16.02,-53.41,52.34,0.23,0.25,1.19,3
1489,19.088,4,-0.195,-0.23,-0.31,0.9,208.25,32.51,-34.35,-0.32,0.57,-0.11,4.09,-33.87,-6.56,110.93,-0.13,-0.16,1.15,3
1490,19.09,7,-0.28800000000000003,-0.2,0.03,0.94,230.08,20.76,10.32,0.2,0.18,-0.1,0.0,-6.87,-34.48,56.3,-0.36,0.42,0.77,3
1491,19.094,1,-0.903,0.09,-0.34,-0.25,45.14,41.02,0.41,-0.28,0.03,0.01,4.09,7.48,-11.75,-15.56,-0.85,0.11,0.59,3
1492,19.095,3,-0.846,0.39,-0.06,0.36,332.61,-9.74,-45.96,0.1,0.02,0.3,4.09,-77.21,-48.37,52.64,0.34,-0.93,1.01,3
1493,19.188,2,0.034,0.04,-0.07,-1.0,198.18,3.8,8.35,-0.14,0.56,0.05,4.09,-116.42,41.81,80.41,0.1,0.68,0.94,3
1494,19.189,0,-0.657,0.31,-0.57,-0.38,79.6,81.41,6.82,0.03,0.19,0.2,4.09,10.07,-1.37,-17.7,-1.18,-0.07,0.04,3
1495,19.194000000000003,5,-0.5710000000000001,-0.17,-0.06,0.8,266.17,20.18,6.46,-0.01,0.06,0.0,4.09,10.99,0.15,0.61,-0.32,0.13,0.94,3
1496,19.195,6,0.207,0.09,0.06,-0.97,217.61,11.18,-4.91,-0.12,0.62,0.32,4.09,12.66,29.3,-6.1,0.11,0.38,1.19,3
1497,19.2,4,-0.212,-0.22,-0.28,0.91,211.87,31.45,-29.4,-0.49,1.0,-0.28,4.09,59.51,-50.81,-86.52,0.33,0.2,1.25,3
1498,19.202,7,-0.301,-0.17,0.04,0.94,231.36,17.18,11.05,-0.24,0.03,-0.03,0.0,5.19,-30.36,38.45,-0.09,0.11,0.96,3
1499,19.206,1,-0.912,0.08,-0.33,-0.23,42.51,39.73,0.23,-0.26,0.13,-0.12,4.09,3.51,-22.74,-34.79,-0.8,0.02,0.54,3
1500,19.207,3,-0.845,0.42,-0.09,0.32,335.87,-7.14,-50.24,0.4,-0.59,-0.22,4.09,33.87,49.59,16.48,0.05,-0.15,1.03,3
1501,19.283,5,-0.568,-0.18,-0.05,0.8,265.92,19.49,7.72,0.08,0.0,0.01,4.09,1.07,-17.85,0.76,-0.33,0.18,0.93,3
1502,19.284000000000002,0,-0.6659999999999999,0.32,-0.57,-0.36,68.49,81.43,-2.97,0.0,0.04,-0.1,4.09,12.82,-3.97,-13.43,-0.9,-0.02,0.11,3
1503,19.288,4,-0.21100000000000002,-0.17,-0.23,0.93,214.33,24.86,-23.22,0.97,0.41,0.52,4.09,10.53,-10.38,-28.69,-1.15,-0.19,1.24,3
1504,19.29,6,0.196,0.14,0.06,-0.97,216.25,16.97,-4.28,-0.22,0.32,-0.13,4.09,12.51,75.68,-3.81,0.05,0.12,0.96,3
1505,19.294,1,-0.9179999999999999,0.08,-0.33,-0.21,39.19,39.33,-1.23,-0.25,0.23,-0.02,4.09,-4.73,3.36,-9.31,-0.86,-0.1,0.53,3
1506,19.295,3,-0.851,0.36,-0.11,0.37,329.1,-4.44,-43.87,0.31,-0.08,-0.09,4.09,86.82,74.46,-10.22,0.21,-0.41,0.84,3
1507,19.3,2,0.067,0.05,-0.03,-1.0,201.93,5.76,4.29,0.24,0.08,0.67,4.09,48.83,0.0,-47.91,-0.36,0.01,1.45,3
1508,19.302,7,-0.315,-0.15,0.06,0.94,232.81,14.36,11.87,-0.15,-0.03,0.0,0.0,1.83,-26.86,17.09,-0.16,0.09,1.0,3
1509,19.424,5,-0.568,-0.16,-0.03,0.81,265.61,17.51,8.12,0.06,0.0,0.01,4.09,8.09,-22.13,-1.98,-0.32,0.19,0.94,3
1510,19.425,3,-0.8590000000000001,0.27,-0.12,0.42,322.4,-1.17,-34.29,0.07,0.16,0.03,4.09,76.45,49.44,-21.51,0.17,-0.6,0.83,3
1511,19.429000000000002,4,-0.204,-0.16,-0.24,0.94,213.56,23.66,-24.12,0.07,-0.2,0.03,4.09,12.66,-29.45,-12.36,-0.49,-0.55,0.76,3
1512,19.430999999999997,6,0.182,0.2,0.08,-0.96,214.38,24.89,-5.04,-0.63,0.28,0.07,4.09,-11.14,87.74,20.9,0.15,-0.11,1.19,3
1513,19.436,1,-0.91,0.08,-0.34,-0.22,41.69,41.13,0.59,0.22,0.63,0.25,4.09,-2.44,47.76,70.5,-0.75,-0.56,0.88,3
1514,19.438,0,-0.675,0.32,-0.57,-0.35,56.3,80.95,-14.33,-0.04,-0.13,-0.02,4.09,9.92,5.34,-32.35,-0.93,0.0,0.22,3
1515,19.442,2,0.043,0.05,-0.06,-1.0,199.28,5.35,6.71,-0.04,0.39,-0.17,4.09,-0.15,-36.62,-49.74,-0.02,0.5,0.8,3
1516,19.442999999999998,7,-0.32899999999999996,-0.13,0.06,0.93,234.12,11.65,12.17,-0.12,0.02,-0.04,0.0,-1.07,-24.41,16.78,-0.08,0.13,0.96,3
1517,19.496,5,-0.59,-0.16,-0.01,0.79,268.86,15.31,10.39,0.1,-0.78,0.57,4.09,45.78,39.83,160.98,-1.21,0.19,1.34,3
1518,19.498,0,-0.684,0.33,-0.56,-0.32,35.64,80.28,-33.72,0.1,-0.02,-0.01,4.09,13.89,12.66,-26.86,-0.97,-0.17,0.22,3
1519,19.502,4,-0.196,-0.15,-0.21,0.95,213.44,21.52,-20.91,0.13,0.17,0.0,4.09,5.34,-16.02,2.9,-0.45,-0.16,0.89,3
1520,19.504,6,0.213,0.28,0.11,-0.93,218.13,34.45,-5.51,-0.55,0.33,-0.19,4.09,-26.55,79.65,58.14,0.07,-0.03,1.04,3
1521,19.508,2,0.006,0.05,-0.08,-1.0,195.19,5.17,9.23,-0.07,0.22,-0.05,4.09,37.84,-7.48,-17.24,-0.03,0.42,1.01,3
1522,19.509,7,-0.34700000000000003,-0.11,0.07,0.93,235.93,8.63,12.34,-0.14,-0.02,0.0,0.0,0.0,-27.16,34.48,-0.06,0.12,1.01,3
1523,19.512999999999998,1,-0.8909999999999999,0.08,-0.37,-0.25,46.82,44.34,3.55,-0.49,0.39,-0.02,4.09,-22.74,10.53,2.14,-1.12,-0.06,0.28,3
1524,19.515,3,-0.855,0.24,-0.12,0.44,319.26,-0.22,-31.23,0.14,0.2,-0.09,4.09,-22.13,11.75,-61.65,0.26,-0.53,0.64,3
1525,19.588,5,-0.652,-0.25,-0.01,0.71,282.68,21.72,20.02,0.17,-0.81,-0.45,4.09,34.94,101.93,27.92,-0.78,0.17,0.08,3
1526,19.589000000000002,0,-0.682,0.34,-0.57,-0.31,23.97,80.41,-44.93,0.16,0.12,-0.02,4.09,-6.1,7.02,6.41,-0.95,-0.34,0.11,3
1527,19.593,4,-0.201,-0.14,-0.21,0.95,214.17,20.76,-20.78,0.11,-0.1,0.01,4.09,13.28,-22.89,-0.76,-0.47,-0.34,0.83,3
1528,19.595,6,0.261,0.33,0.12,-0.9,225.01,41.71,-3.79,-0.57,0.49,-0.52,4.09,-25.94,66.07,65.46,0.24,0.08,0.84,3
1529,19.599,1,-0.89,0.09,-0.37,-0.25,46.32,44.76,1.64,-0.46,0.26,-0.29,4.09,-14.65,-4.88,-13.73,-0.87,0.01,0.15,3
1530,19.601,7,-0.374,-0.08,0.08,0.92,238.86,4.89,12.39,-0.13,0.02,-0.01,0.0,-0.61,-29.75,33.57,0.01,0.14,0.99,3
1531,19.605,2,-0.016,0.04,-0.09,-0.99,192.58,4.42,10.76,-0.0,0.22,-0.06,4.09,12.36,-21.97,-10.53,-0.08,0.41,0.86,3
1532,19.605999999999998,3,-0.848,0.25,-0.12,0.45,318.18,-1.22,-32.07,0.17,-0.34,0.04,4.09,-17.85,5.49,-2.59,-0.13,-0.29,0.96,3
1533,19.68,5,-0.62,-0.32,-0.07,0.71,282.18,32.62,20.86,0.3,-0.29,-0.23,4.09,-21.67,101.78,-83.01,-0.6,0.33,0.38,3
1534,19.682000000000002,0,-0.675,0.34,-0.57,-0.32,30.53,81.23,-39.59,0.02,-0.02,-0.03,4.09,-15.11,-4.88,22.28,-0.95,-0.1,0.15,3
1535,19.686,4,-0.205,-0.13,-0.19,0.95,215.14,18.89,-19.19,0.11,0.04,-0.01,4.09,-5.65,-17.85,1.53,-0.4,-0.24,0.88,3
1536,19.688,6,0.298,0.36,0.14,-0.87,230.45,45.09,-2.93,-0.39,0.48,-0.59,4.09,-28.69,6.41,47.61,0.13,0.11,0.75,3
1537,19.692,1,-0.8909999999999999,0.1,-0.37,-0.25,45.22,44.61,0.07,-0.33,0.35,-0.15,4.09,-15.26,-6.71,2.14,-0.93,-0.11,0.29,3
1538,19.694000000000003,7,-0.4,-0.05,0.09,0.91,241.55,1.17,11.96,-0.06,0.03,-0.04,0.0,-9.77,-35.55,30.21,0.05,0.18,0.95,3
1539,19.699,2,-0.036000000000000004,0.02,-0.11,-0.99,190.28,3.19,12.92,-0.09,0.01,0.12,4.09,13.28,-19.99,-17.7,0.13,0.26,1.09,3
1540,19.706,3,-0.8420000000000001,0.26,-0.12,0.46,317.55,-1.52,-33.4,-0.02,0.13,-0.03,4.09,-3.97,-31.43,30.98,0.08,-0.53,0.77,3
1541,19.8,4,-0.21899999999999997,-0.11,-0.19,0.95,217.13,17.11,-18.66,0.07,-0.03,0.01,4.09,6.56,-21.21,4.88,-0.36,-0.28,0.9,3
1542,19.802,0,-0.6609999999999999,0.34,-0.56,-0.36,53.89,81.99,-19.57,0.15,-0.03,-0.06,4.09,-40.89,-10.07,64.39,-0.92,-0.17,0.23,3
1543,19.807000000000002,5,-0.617,-0.33,-0.16,0.7,282.54,40.76,14.7,-0.29,0.77,-0.27,4.09,-102.39,27.01,-1.07,0.18,0.03,1.15,3
1544,19.809,6,0.331,0.33,0.15,-0.87,234.57,42.92,-3.07,-0.31,0.76,-0.5,4.09,-14.04,-61.65,11.14,0.19,0.53,1.64,3
1545,19.815,1,-0.89,0.11,-0.36,-0.26,45.99,43.96,-1.36,-0.3,0.25,-0.1,4.09,-33.26,-12.97,5.95,-0.92,-0.07,0.38,3
1546,19.817,7,-0.406,-0.01,0.1,0.91,241.86,-3.43,11.02,-0.02,0.04,0.01,0.0,-10.83,-53.25,-8.39,0.11,0.2,1.0,3
1547,19.823,2,-0.055999999999999994,0.01,-0.13,-0.99,187.77,1.52,14.71,-0.06,0.13,0.01,4.09,27.01,-18.62,-32.96,0.02,0.37,0.96,3
1548,19.825,3,-0.861,0.26,-0.11,0.42,322.41,-1.48,-32.98,0.08,-0.03,0.03,4.09,5.8,-14.19,34.79,0.06,-0.49,0.91,3
1549,19.884,5,-0.642,-0.27,-0.2,0.69,281.58,38.27,5.17,0.21,1.31,0.14,4.09,-30.52,-78.58,-12.21,0.08,0.41,1.65,3
1550,19.886,0,-0.631,0.34,-0.56,-0.42,94.54,81.38,15.7,-0.2,0.03,0.09,4.09,-42.72,2.14,47.15,-1.05,0.16,0.03,3
1551,19.89,4,-0.22699999999999998,-0.1,-0.18,0.95,218.32,15.82,-18.14,0.06,-0.01,0.01,4.09,-2.59,-16.48,7.93,-0.34,-0.28,0.91,3
1552,19.892,6,0.321,0.29,0.16,-0.89,231.56,38.31,-6.59,-0.26,0.62,-0.43,4.09,5.34,-31.43,-26.7,-0.09,-0.08,0.95,3
1553,19.895,1,-0.8859999999999999,0.13,-0.35,-0.28,47.61,43.43,-3.48,-0.32,0.22,-0.1,4.09,-33.57,-15.56,6.41,-0.91,-0.05,0.36,3
1554,19.897000000000002,7,-0.402,0.03,0.11,0.91,241.04,-8.44,10.3,0.02,-0.25,0.25,0.0,-2.59,-22.89,-12.51,-0.01,0.05,1.28,3
1555,19.902,2,-0.08199999999999999,-0.01,-0.15,-0.99,184.66,0.77,17.01,-0.01,-0.16,0.0,4.09,26.86,-18.46,-11.9,0.01,0.16,0.99,3
1556,19.903,3,-0.88,0.26,-0.1,0.39,327.08,-1.36,-31.9,0.02,-0.09,-0.1,4.09,-0.92,-46.08,56.0,-0.03,-0.4,0.82,3
1557,19.996,5,-0.69,-0.24,-0.16,0.66,288.29,32.69,7.17,0.21,0.18,0.36,4.09,-9.16,-16.78,27.92,-0.51,0.11,1.13,3
1558,19.998,0,-0.603,0.35,-0.56,-0.45,114.77,80.87,31.43,-0.16,0.1,0.1,4.09,-36.47,7.48,21.06,-1.06,0.21,0.03,3
1559,20.002,4,-0.23199999999999998,-0.09,-0.17,0.95,219.17,14.61,-17.21,0.07,-0.01,-0.0,4.09,6.26,-14.04,-0.31,-0.33,-0.27,0.91,3
1560,20.004,6,0.306,0.26,0.16,-0.9,228.91,34.15,-8.49,-0.26,0.5,-0.26,4.09,-1.22,-25.48,18.92,0.0,0.16,0.91,3
1561,20.008,1,-0.8809999999999999,0.14,-0.34,-0.3,49.73,42.96,-4.06,-0.16,0.31,-0.14,4.09,-21.36,-10.83,33.87,-0.81,-0.18,0.41,3
1562,20.009,7,-0.39399999999999996,0.02,0.1,0.91,240.15,-6.98,10.14,-0.36,-0.55,-0.07,0.0,-33.87,66.07,33.72,-0.03,-0.46,1.01,3
1563,20.012999999999998,2,-0.086,-0.01,-0.17,-0.98,184.14,0.5,19.91,-0.02,0.03,0.07,4.09,27.92,3.36,-12.05,0.02,0.36,1.03,3
1564,20.014,3,-0.897,0.25,-0.08,0.35,331.75,-1.66,-31.03,0.16,0.02,-0.03,4.09,6.87,-11.29,-7.48,0.14,-0.5,0.84,3
1565,20.088,5,-0.695,-0.22,-0.15,0.67,288.24,30.23,6.96,0.06,0.14,0.03,4.09,-3.05,-20.9,5.19,-0.41,0.18,0.95,3
1566,20.089000000000002,0,-0.581,0.36,-0.56,-0.47,128.61,80.32,42.16,0.01,-0.01,-0.05,4.09,-29.6,7.32,22.58,-0.94,0.09,0.13,3
1567,20.093,4,-0.24,-0.08,-0.16,0.95,220.44,13.07,-15.87,0.06,-0.03,0.01,4.09,11.75,-21.82,5.65,-0.26,-0.22,0.95,3
1568,20.095,6,0.302,0.23,0.15,-0.91,228.16,31.34,-9.15,-0.4,0.41,-0.17,4.09,2.9,-24.41,-12.97,0.04,-0.05,1.0,3
1569,20.099,1,-0.8690000000000001,0.15,-0.34,-0.33,55.1,42.86,-2.43,-0.2,0.25,-0.04,4.09,-25.94,2.14,37.54,-0.88,-0.08,0.47,3
1570,20.1,7,-0.44799999999999995,-0.02,0.04,0.89,247.3,-0.06,5.39,0.1,-0.08,0.13,0.0,-33.42,101.01,57.22,-0.13,0.2,1.14,3
1571,20.105,2,-0.08900000000000001,-0.01,-0.2,-0.98,183.78,0.94,23.14,-0.11,-0.16,0.01,4.09,41.81,-1.22,-12.66,0.14,0.23,0.95,3
1572,20.105999999999998,3,-0.904,0.25,-0.07,0.34,333.66,-2.77,-30.21,0.12,-0.02,0.05,4.09,5.95,-6.71,17.7,0.13,-0.41,0.93,3
1573,20.201,5,-0.705,-0.21,-0.14,0.66,289.52,28.79,6.9,0.02,-0.02,0.01,4.09,-9.31,-15.72,8.24,-0.47,0.13,0.88,3
1574,20.203,0,-0.56,0.37,-0.55,-0.5,138.21,79.49,48.56,0.06,-0.07,-0.05,4.09,-25.63,2.59,12.66,-0.93,0.09,0.2,3
1575,20.207,4,-0.247,-0.06,-0.14,0.96,221.67,10.97,-13.57,0.08,-0.03,-0.01,4.09,25.18,-16.63,-2.59,-0.28,-0.13,0.99,3
1576,20.209,6,0.294,0.21,0.15,-0.92,227.1,28.76,-9.44,-0.35,0.52,-0.21,4.09,6.26,-19.23,-4.88,0.13,0.09,0.99,3
1577,20.213,2,-0.087,-0.02,-0.24,-0.97,183.84,0.49,28.21,-0.04,-0.09,-0.08,4.09,63.48,-23.19,41.05,0.03,0.43,0.8,3
1578,20.215,7,-0.45899999999999996,-0.11,-0.02,0.88,249.57,12.41,4.23,0.04,0.11,0.06,0.0,6.56,125.43,-13.12,-0.14,0.15,1.01,3
1579,20.22,1,-0.8590000000000001,0.16,-0.34,-0.35,56.77,44.29,-3.06,-0.44,-0.22,0.07,4.09,-12.66,37.99,-28.84,-0.88,0.28,0.55,3
1580,20.221,3,-0.9129999999999999,0.25,-0.06,0.32,336.24,-3.23,-29.24,0.13,-0.08,0.01,4.09,-1.22,-13.43,23.04,0.12,-0.35,0.94,3
1581,20.293,5,-0.711,-0.19,-0.14,0.66,289.61,27.27,5.75,0.05,0.07,0.01,4.09,-16.63,-7.32,-1.68,-0.4,0.11,0.93,3
1582,20.295,6,0.284,0.19,0.14,-0.93,225.88,25.36,-9.32,-0.32,0.3,-0.1,4.09,6.41,-32.2,16.94,0.02,-0.05,0.97,3
1583,20.298,4,-0.249,-0.05,-0.11,0.96,222.28,9.14,-10.8,0.87,-0.64,0.47,4.09,21.82,24.87,-63.93,-1.38,-0.47,1.25,3
1584,20.301,0,-0.551,0.38,-0.54,-0.52,137.12,78.97,44.06,0.03,-0.15,-0.05,4.09,-22.74,2.29,-14.8,-0.91,0.11,0.27,3
1585,20.305999999999997,1,-0.855,0.16,-0.36,-0.34,55.95,46.3,-3.1,-0.34,0.36,-0.06,4.09,-0.31,1.53,12.82,-1.01,-0.14,0.29,3
1586,20.307000000000002,7,-0.43700000000000006,-0.2,-0.04,0.88,248.44,23.17,6.18,-0.15,0.23,-0.36,0.0,33.72,83.31,-28.23,-0.0,0.07,0.68,3
1587,20.311,2,-0.06,-0.05,-0.29,-0.95,185.65,-3.82,34.16,-0.12,0.28,0.42,4.09,16.33,-46.23,-21.67,0.23,0.87,0.96,3
1588,20.313,3,-0.919,0.26,-0.05,0.3,339.15,-3.51,-30.02,0.18,-0.15,-0.04,4.09,-24.26,-12.05,15.26,0.13,-0.38,0.89,3
1589,20.404,5,-0.713,-0.19,-0.14,0.66,289.54,26.37,5.19,-0.0,-0.02,-0.01,4.09,-5.49,-21.82,1.68,-0.44,0.09,0.9,3
1590,20.406,0,-0.547,0.4,-0.52,-0.53,130.99,79.46,34.92,-0.27,-0.06,0.11,4.09,-16.63,0.0,-13.73,-1.1,0.46,0.14,3
1591,20.410999999999998,4,-0.154,-0.12,-0.18,0.96,209.53,16.4,-18.54,-0.4,-1.43,-0.44,4.09,-123.44,81.79,126.04,-0.23,-1.57,0.13,3
1592,20.413,7,-0.42,-0.25,-0.04,0.87,247.85,28.39,8.89,-0.26,0.26,-0.34,0.0,24.11,0.92,5.65,-0.01,0.04,0.79,3
1593,20.417,1,-0.847,0.15,-0.36,-0.36,60.07,46.0,-0.22,-0.44,0.13,-0.18,4.09,-5.49,-7.17,18.92,-0.87,0.2,0.32,3
1594,20.419,6,0.284,0.15,0.12,-0.94,226.13,20.42,-8.3,-0.29,0.44,-0.21,4.09,11.9,-51.88,5.34,0.2,0.03,0.91,3
1595,20.423,2,-0.046,-0.03,-0.27,-0.96,188.05,-1.97,30.96,0.01,-0.36,-0.16,4.09,-60.58,75.38,82.09,0.06,0.11,0.9,3
1596,20.425,3,-0.924,0.29,-0.04,0.25,344.95,-3.79,-33.31,0.16,-0.3,-0.12,4.09,-25.48,-34.48,40.74,0.06,-0.2,0.92,3
1597,20.493000000000002,5,-0.7140000000000001,-0.17,-0.13,0.67,289.04,24.18,4.78,-0.0,0.04,0.0,4.09,6.26,-12.21,1.83,-0.35,0.06,0.94,3
1598,20.494,0,-0.563,0.42,-0.49,-0.52,110.61,79.87,13.51,0.08,-0.11,-0.04,4.09,-11.6,-19.07,-49.9,-0.9,-0.01,0.26,3
1599,20.498,4,-0.261,-0.17,-0.31,0.9,218.45,27.27,-31.92,-0.11,-0.17,-0.2,4.09,-161.44,53.56,80.26,-0.33,-0.56,0.52,3
1600,20.5,6,0.294,0.1,0.09,-0.95,227.73,14.52,-6.73,-0.4,0.38,-0.2,4.09,20.75,-42.57,29.91,0.33,-0.01,0.91,3
1601,20.504,1,-0.847,0.15,-0.35,-0.37,61.4,45.06,1.01,-0.34,0.22,-0.14,4.09,-3.51,-13.89,-4.43,-0.89,0.09,0.34,3
1602,20.506,7,-0.436,-0.24,-0.02,0.87,250.05,25.51,11.33,-0.68,-0.26,0.68,0.0,-12.51,-27.47,50.96,-0.95,-0.43,1.84,3
1603,20.51,2,0.084,0.02,-0.19,-0.98,203.84,0.09,21.49,-0.26,-0.05,0.13,4.09,-121.61,94.6,144.04,0.24,0.33,1.1,3
1604,20.511,3,-0.9229999999999999,0.31,-0.03,0.23,348.24,-5.13,-36.05,0.02,-0.03,-0.05,4.09,-37.54,-48.83,24.26,0.07,-0.54,0.77,3
1605,20.605,5,-0.7120000000000001,-0.17,-0.11,0.67,288.26,22.6,5.11,0.03,0.03,0.01,4.09,1.68,-15.26,-3.36,-0.38,0.11,0.93,3
1606,20.605999999999998,0,-0.575,0.42,-0.47,-0.52,98.13,78.88,0.4,-0.03,-0.02,-0.08,4.09,-12.51,-8.54,-12.82,-0.95,-0.03,0.22,3
1607,20.61,4,-0.335,-0.18,-0.39,0.84,224.71,34.6,-39.66,-0.04,0.44,-0.23,4.09,-31.43,-25.79,55.24,-0.22,-0.22,0.89,3
1608,20.612,6,0.311,0.08,0.07,-0.94,230.05,10.81,-5.04,-0.13,0.54,0.05,4.09,15.87,-42.57,23.19,0.23,0.26,1.18,3
1609,20.615,1,-0.853,0.14,-0.35,-0.36,60.35,44.36,1.14,-0.11,0.17,-0.01,4.09,2.9,-12.66,-17.85,-0.83,-0.03,0.58,3
1610,20.618000000000002,7,-0.45299999999999996,-0.22,0.01,0.86,251.88,21.9,12.97,0.26,0.17,-0.18,0.0,-2.9,-41.05,22.28,-0.36,0.62,0.76,3
1611,20.622,2,0.198,0.05,-0.08,-0.98,217.36,3.85,10.55,-0.17,0.37,-0.01,4.09,-103.91,53.41,122.83,0.21,0.55,0.95,3
1612,20.623,3,-0.914,0.36,-0.01,0.19,353.61,-6.85,-41.66,0.17,0.03,0.23,4.09,-55.24,-33.57,25.48,0.31,-0.76,0.9,3
1613,20.695,5,-0.705,-0.16,-0.1,0.68,286.9,21.19,5.31,0.04,-0.02,0.0,4.09,11.6,-11.14,-11.75,-0.39,0.13,0.91,3
1614,20.697,0,-0.5820000000000001,0.42,-0.47,-0.51,93.14,78.25,-4.47,0.02,0.15,0.1,4.09,4.27,-2.59,-12.21,-1.06,-0.09,0.13,3
1615,20.701999999999998,4,-0.38,-0.17,-0.36,0.84,232.19,33.94,-34.31,-0.29,1.25,-0.4,4.09,38.3,-96.44,-54.47,0.68,0.07,1.23,3
1616,20.704,6,0.319,0.06,0.06,-0.94,231.07,8.62,-4.49,-0.17,0.57,0.44,4.09,8.85,36.93,21.67,0.29,0.23,1.21,3
1617,20.708000000000002,1,-0.862,0.14,-0.34,-0.35,57.49,43.47,-0.61,-0.16,0.11,0.03,4.09,-4.73,-8.24,-25.02,-0.86,0.01,0.64,3
1618,20.71,7,-0.45899999999999996,-0.2,0.02,0.87,252.17,18.78,13.77,-0.34,0.08,-0.03,0.0,0.15,-22.13,49.9,-0.09,0.11,0.92,3
1619,20.714000000000002,2,0.22399999999999998,0.05,-0.02,-0.97,220.07,5.15,3.16,-0.31,0.22,-0.18,4.09,-21.82,10.38,38.76,0.38,0.4,0.7,3
1620,20.715,3,-0.9229999999999999,0.35,-0.02,0.16,356.32,-4.31,-40.95,0.07,-0.49,-0.09,4.09,84.53,75.38,-14.19,0.02,-0.27,0.97,3
1621,20.807,5,-0.703,-0.16,-0.09,0.69,286.37,19.62,6.15,0.07,0.01,0.01,4.09,5.19,-7.02,12.82,-0.33,0.2,0.94,3
1622,20.809,0,-0.588,0.43,-0.46,-0.5,84.36,78.42,-13.07,-0.01,-0.0,-0.03,4.09,0.76,4.12,-14.04,-0.94,-0.03,0.21,3
1623,20.813000000000002,4,-0.39,-0.14,-0.3,0.86,235.81,28.69,-26.88,0.81,0.25,-0.1,4.09,-14.8,-11.75,-45.93,-0.78,0.27,0.77,3
1624,20.815,6,0.314,0.1,0.06,-0.94,230.58,13.05,-2.57,-0.08,0.51,-0.2,4.09,27.01,49.29,-33.57,0.19,0.25,0.91,3
1625,20.823,1,-0.868,0.15,-0.34,-0.33,54.79,43.66,-2.14,-0.29,0.2,-0.08,4.09,-6.56,-0.46,-11.75,-0.87,0.05,0.45,3
1626,20.825,7,-0.475,-0.18,0.04,0.86,253.77,15.55,14.47,-0.18,-0.09,-0.05,0.0,4.12,-27.31,6.71,-0.24,0.04,0.94,3
1627,20.829,2,0.225,0.07,-0.04,-0.97,220.54,7.34,6.04,-0.41,-0.31,0.01,4.09,14.8,9.0,24.57,0.26,-0.12,0.82,3
1628,20.831,3,-0.932,0.28,-0.06,0.23,346.78,-0.47,-32.77,0.13,0.16,0.14,4.09,85.45,106.05,-70.04,0.16,-0.7,0.86,3
1629,20.903000000000002,5,-0.706,-0.15,-0.07,0.69,286.63,18.1,6.59,0.07,-0.05,0.01,4.09,-0.31,-23.8,5.19,-0.35,0.19,0.94,3
1630,20.905,0,-0.595,0.44,-0.46,-0.49,73.39,78.48,-23.64,0.0,-0.12,-0.03,4.09,6.87,11.29,-30.52,-0.92,-0.07,0.3,3
1631,20.91,4,-0.40399999999999997,-0.12,-0.27,0.87,238.69,24.85,-24.26,0.08,0.1,0.02,4.09,48.22,-21.51,-21.51,-0.42,-0.28,0.89,3
1632,20.912,6,0.281,0.14,0.06,-0.95,226.8,18.0,-2.11,-0.55,0.25,0.09,4.09,7.17,72.02,0.46,0.2,-0.13,1.16,3
1633,20.916,1,-0.857,0.15,-0.36,-0.34,56.68,46.13,-0.47,0.31,0.37,0.1,4.09,4.43,51.27,61.65,-0.83,-0.18,0.55,3
1634,20.918000000000003,7,-0.48700000000000004,-0.16,0.05,0.86,254.88,12.63,14.75,-0.13,0.03,-0.04,0.0,3.81,-29.3,18.46,-0.12,0.15,0.95,3
1635,20.923000000000002,2,0.2,0.06,-0.05,-0.98,217.52,5.22,7.25,0.08,0.1,-0.02,4.09,27.62,3.05,-26.7,-0.11,0.27,0.95,3
1636,20.925,3,-0.94,0.2,-0.1,0.26,341.86,4.39,-25.02,0.16,0.22,-0.02,4.09,51.73,31.13,3.36,0.15,-0.48,0.92,3
1637,21.015,5,-0.728,-0.15,-0.06,0.67,290.29,16.2,8.59,0.3,-1.03,0.71,4.09,65.77,69.73,140.38,-1.49,0.55,1.25,3
1638,21.016,0,-0.604,0.46,-0.45,-0.47,59.02,77.84,-37.44,0.01,-0.04,0.01,4.09,10.38,11.6,-28.53,-0.99,-0.14,0.21,3
1639,21.022,4,-0.39799999999999996,-0.11,-0.25,0.88,238.33,23.35,-22.05,0.05,0.03,-0.01,4.09,-14.34,-4.88,-0.46,-0.41,-0.36,0.85,3
1640,21.024,6,0.28800000000000003,0.21,0.08,-0.93,228.04,26.51,-1.72,-0.34,0.34,-0.12,4.09,-7.48,68.51,12.66,0.05,0.03,1.05,3
1641,21.028000000000002,2,0.17300000000000001,0.07,-0.09,-0.98,214.78,6.47,11.39,-0.27,-0.05,0.11,4.09,29.45,-9.61,-52.03,0.11,0.07,1.13,3
1642,21.029,7,-0.506,-0.14,0.07,0.85,256.87,9.07,15.2,-0.16,-0.0,-0.03,0.0,4.58,-30.06,40.13,-0.08,0.12,0.98,3
1643,21.033,1,-0.835,0.15,-0.39,-0.36,61.51,49.51,2.72,-0.28,0.46,0.01,4.09,-25.63,19.07,1.68,-1.12,-0.17,0.25,3
1644,21.035999999999998,3,-0.941,0.16,-0.1,0.28,339.94,5.54,-21.6,0.08,0.05,-0.17,4.09,6.26,22.74,-44.25,0.0,-0.28,0.77,3
1645,21.111,5,-0.7859999999999999,-0.25,-0.08,0.56,307.42,23.84,19.94,0.46,-0.48,-0.55,4.09,42.11,93.99,-88.96,-0.71,0.33,0.15,3
1646,21.113000000000003,0,-0.611,0.47,-0.46,-0.45,46.85,77.27,-48.52,0.16,0.09,0.02,4.09,2.29,13.73,-7.02,-0.99,-0.4,0.07,3
1647,21.116,4,-0.40299999999999997,-0.11,-0.24,0.88,239.09,22.85,-21.67,0.06,-0.01,0.0,4.09,9.16,-16.17,-2.75,-0.43,-0.27,0.86,3
1648,21.119,6,0.313,0.28,0.11,-0.9,231.97,34.59,-1.23,-0.44,0.34,-0.35,4.09,-16.63,85.14,63.02,0.09,-0.02,0.83,3
1649,21.123,2,0.154,0.07,-0.11,-0.98,212.67,6.32,13.51,-0.08,0.02,0.01,4.09,20.6,-8.85,-0.92,-0.01,0.22,0.97,3
1650,21.124000000000002,7,-0.532,-0.11,0.09,0.83,259.85,4.88,16.05,-0.13,0.04,0.0,0.0,5.65,-31.13,33.42,0.03,0.16,0.98,3
1651,21.128,1,-0.8290000000000001,0.17,-0.39,-0.36,61.36,50.68,0.66,-0.31,0.26,-0.13,4.09,-18.16,0.15,-8.54,-0.93,0.06,0.25,3
1652,21.13,3,-0.935,0.17,-0.09,0.29,338.24,4.09,-22.53,-0.12,-0.33,0.31,4.09,-21.82,-12.82,46.23,-0.35,-0.16,1.17,3
1653,21.198,5,-0.7390000000000001,-0.3,-0.15,0.58,303.98,35.39,19.49,-0.02,-0.13,0.05,4.09,-27.01,83.01,-48.52,-0.56,0.16,0.81,3
1654,21.2,0,-0.605,0.47,-0.46,-0.45,45.53,78.14,-50.07,-0.0,-0.01,-0.06,4.09,-3.05,0.15,14.19,-0.92,-0.17,0.15,3
1655,21.204,4,-0.40700000000000003,-0.1,-0.23,0.88,240.03,21.11,-20.04,0.03,-0.04,0.0,4.09,10.83,-19.38,-0.92,-0.42,-0.36,0.84,3
1656,21.206,6,0.355,0.33,0.13,-0.87,238.68,41.42,-0.01,-0.46,0.42,-0.46,4.09,-40.44,45.17,59.36,0.12,-0.04,0.84,3
1657,21.21,1,-0.83,0.18,-0.39,-0.36,60.15,50.68,-1.1,-0.18,0.25,-0.03,4.09,-18.46,-6.87,-5.65,-0.95,-0.04,0.39,3
1658,21.212,7,-0.555,-0.08,0.11,0.82,262.35,0.76,16.05,-0.13,0.03,-0.04,0.0,-3.81,-33.11,38.76,0.06,0.16,0.95,3
1659,21.215999999999998,2,0.145,0.07,-0.13,-0.98,211.77,5.84,15.74,-0.11,0.01,0.02,4.09,25.94,-7.32,-0.31,-0.0,0.25,0.99,3
1660,21.218000000000004,3,-0.93,0.19,-0.09,0.3,337.78,3.02,-24.63,-0.02,0.26,-0.03,4.09,-7.02,-36.77,24.11,0.09,-0.56,0.82,3
1661,21.313000000000002,5,-0.725,-0.31,-0.22,0.57,303.09,42.54,15.1,0.33,0.61,-0.12,4.09,-42.72,40.13,-40.59,-0.08,0.38,1.04,3
1662,21.315,0,-0.593,0.47,-0.46,-0.47,55.69,79.06,-41.84,0.0,-0.07,-0.02,4.09,-22.43,-8.24,30.06,-0.92,-0.12,0.2,3
1663,21.319000000000003,4,-0.41600000000000004,-0.09,-0.21,0.88,241.49,19.3,-18.09,0.07,0.03,-0.0,4.09,9.46,-21.51,5.95,-0.37,-0.23,0.9,3
1664,21.320999999999998,6,0.39799999999999996,0.33,0.16,-0.84,244.55,42.65,-0.35,-0.25,0.69,-0.62,4.09,-39.67,-6.26,35.71,0.28,0.25,0.79,3
1665,21.325,1,-0.828,0.19,-0.39,-0.36,59.06,51.18,-3.63,-0.24,0.25,-0.12,4.09,-25.18,0.0,-5.8,-0.9,-0.04,0.27,3
1666,21.326999999999998,7,-0.568,-0.04,0.14,0.81,263.47,-5.07,16.03,0.02,0.01,0.02,0.0,3.05,-59.05,-10.99,0.14,0.28,1.02,3
1667,21.331,2,0.135,0.06,-0.15,-0.98,210.53,4.85,18.58,-0.13,0.13,0.0,4.09,30.67,-14.04,-21.51,0.09,0.39,0.9,3
1668,21.331999999999997,3,-0.938,0.21,-0.07,0.27,341.87,1.59,-25.43,0.08,-0.08,0.11,4.09,-18.77,-20.6,18.62,0.02,-0.41,1.04,3
1669,21.405,5,-0.723,-0.27,-0.24,0.59,298.5,41.74,7.42,0.22,1.59,-0.94,4.09,-57.07,-107.42,-26.7,0.88,-0.02,1.22,3
1670,21.406999999999996,0,-0.564,0.46,-0.46,-0.51,81.27,80.52,-20.0,-0.1,-0.05,0.05,4.09,-36.93,-0.15,48.68,-1.12,0.11,0.09,3
1671,21.41,4,-0.428,-0.08,-0.19,0.88,243.38,17.48,-16.72,0.02,-0.02,0.01,4.09,7.02,-12.82,3.05,-0.33,-0.27,0.92,3
1672,21.412,6,0.405,0.29,0.16,-0.85,244.04,38.48,-2.51,-0.18,0.92,-0.37,4.09,14.5,-48.37,-39.06,0.34,0.39,0.8,3
1673,21.416,1,-0.8240000000000001,0.21,-0.38,-0.37,58.8,50.94,-6.45,-0.18,0.2,-0.04,4.09,-36.16,-15.87,-2.29,-0.91,-0.07,0.38,3
1674,21.416999999999998,7,-0.56,-0.0,0.17,0.81,261.74,-10.51,16.28,-0.08,-0.09,0.19,0.0,4.73,-50.51,13.12,0.16,0.22,1.19,3
1675,21.421999999999997,2,0.098,0.06,-0.18,-0.98,206.37,4.1,21.89,-0.11,-0.1,0.03,4.09,31.59,-15.11,-23.8,0.01,0.27,1.01,3
1676,21.424,3,-0.94,0.22,-0.06,0.25,344.28,0.52,-26.96,-0.01,0.26,0.02,4.09,-13.12,-18.77,42.42,0.06,-0.55,0.86,3
1677,21.503,5,-0.759,-0.21,-0.21,0.58,301.05,34.25,5.72,-0.02,0.28,0.71,4.09,-0.76,1.22,101.62,-0.57,0.25,1.37,3
1678,21.505,0,-0.5329999999999999,0.47,-0.46,-0.54,102.88,81.33,-2.07,-0.03,0.19,0.13,4.09,-29.6,3.2,16.94,-1.14,0.03,-0.02,3
1679,21.509,4,-0.435,-0.07,-0.18,0.88,244.48,16.12,-15.33,0.02,-0.03,0.01,4.09,9.61,-17.55,4.43,-0.31,-0.25,0.92,3
1680,21.511,6,0.379,0.25,0.15,-0.88,239.35,33.32,-4.52,-0.81,-0.18,0.09,4.09,-4.27,-29.75,9.31,-0.13,-0.41,0.99,3
1681,21.515,1,-0.821,0.22,-0.36,-0.38,60.56,49.39,-8.08,-0.06,0.32,-0.14,4.09,-32.04,-26.86,30.98,-0.83,-0.21,0.35,3
1682,21.517,7,-0.546,0.0,0.17,0.82,259.8,-10.99,16.01,-0.59,-0.66,-0.02,0.0,-41.05,48.83,30.98,-0.15,-0.5,1.18,3
1683,21.522,2,0.08900000000000001,0.06,-0.21,-0.97,205.46,4.47,25.05,-0.14,0.02,0.08,4.09,21.06,-7.78,-19.53,0.06,0.43,0.98,3
1684,21.524,3,-0.948,0.23,-0.04,0.22,348.62,-1.3,-27.12,0.02,-0.0,0.04,4.09,6.87,-24.41,0.15,0.04,-0.47,0.92,3
1685,21.615,5,-0.7709999999999999,-0.21,-0.19,0.57,303.45,32.04,8.03,0.07,0.07,0.01,4.09,5.19,-24.57,2.14,-0.45,0.24,0.88,3
1686,21.616,0,-0.513,0.47,-0.45,-0.56,113.58,81.52,5.64,0.0,0.03,-0.08,4.09,-31.89,0.0,20.75,-0.92,0.02,0.11,3
1687,21.621,4,-0.445,-0.06,-0.16,0.88,246.0,14.24,-13.53,0.03,-0.05,0.01,4.09,18.92,-27.92,10.53,-0.3,-0.23,0.94,3
1688,21.623,6,0.379,0.22,0.14,-0.89,239.02,29.68,-4.81,-0.38,0.46,-0.17,4.09,2.75,-34.03,-24.87,0.11,-0.04,1.02,3
1689,21.627,1,-0.8029999999999999,0.23,-0.34,-0.43,66.99,48.32,-7.31,-0.17,0.16,-0.03,4.09,-25.63,-10.83,31.59,-0.88,-0.02,0.47,3
1690,21.629,7,-0.606,-0.01,0.09,0.79,268.54,-5.23,9.25,0.15,-0.16,-0.06,0.0,-52.95,102.54,57.68,-0.1,0.29,0.93,3
1691,21.633000000000003,2,0.075,0.06,-0.23,-0.97,204.1,4.74,27.04,-0.04,-0.11,-0.04,4.09,33.42,-1.68,-3.36,-0.06,0.35,0.92,3
1692,21.634,3,-0.95,0.23,-0.02,0.21,349.97,-2.97,-26.94,0.13,0.02,-0.03,4.09,3.97,-20.75,18.46,0.17,-0.4,0.86,3
1693,21.713,5,-0.778,-0.21,-0.17,0.57,304.15,30.36,8.49,-0.01,0.04,0.01,4.09,4.58,-15.11,6.56,-0.49,0.11,0.88,3
1694,21.714000000000002,0,-0.49700000000000005,0.48,-0.44,-0.57,121.8,81.16,11.22,-0.03,-0.06,0.01,4.09,-20.9,-6.71,8.09,-0.98,0.06,0.22,3
1695,21.718000000000004,4,-0.462,-0.04,-0.13,0.88,248.65,10.89,-10.82,0.03,-0.03,0.04,4.09,24.87,-45.93,15.56,-0.21,-0.2,1.0,3
1696,21.721,6,0.365,0.2,0.13,-0.9,236.86,27.35,-5.39,-0.28,0.48,-0.18,4.09,12.36,-19.99,0.0,0.1,0.08,0.99,3
1697,21.724,1,-0.784,0.25,-0.34,-0.45,70.3,50.08,-7.51,-0.63,-0.01,0.52,4.09,-22.43,21.82,-18.92,-1.36,0.58,0.82,3
1698,21.726,7,-0.615,-0.07,0.02,0.79,270.46,4.83,7.3,0.05,0.09,0.06,0.0,8.39,115.97,-19.38,-0.02,0.2,1.05,3
1699,21.73,5,-0.7809999999999999,-0.2,-0.16,0.57,303.72,28.03,8.31,-0.03,0.07,0.01,4.09,-2.75,-12.82,1.22,-0.42,0.14,0.92,3
1700,21.730999999999998,3,-0.955,0.23,-0.01,0.18,353.41,-4.03,-26.68,0.06,-0.14,-0.04,4.09,1.37,-26.4,22.58,0.1,-0.3,0.9,3
1701,21.805,4,-0.475,-0.03,-0.09,0.88,250.53,7.64,-7.27,0.07,-0.27,0.32,4.09,22.28,-14.04,-13.12,-0.85,-0.4,1.27,3
1702,21.808000000000003,0,-0.488,0.48,-0.43,-0.59,123.56,80.18,10.52,-0.05,-0.12,-0.03,4.09,-14.5,0.76,1.83,-0.94,0.04,0.29,3
1703,21.811999999999998,1,-0.78,0.28,-0.36,-0.43,64.83,53.6,-12.6,-0.16,0.63,-0.1,4.09,7.48,6.87,6.26,-1.06,-0.26,0.05,3
1704,21.814,6,0.355,0.18,0.11,-0.91,235.72,24.46,-4.4,-0.3,0.34,-0.13,4.09,18.31,-31.59,-4.58,0.07,-0.01,0.98,3
1705,21.820999999999998,2,0.081,0.05,-0.32,-0.94,204.61,2.19,38.06,-0.21,0.12,0.17,4.09,43.33,-12.82,25.94,0.24,0.71,0.81,3
1706,21.823,7,-0.596,-0.15,-0.02,0.79,269.5,15.03,9.44,-0.05,0.08,-0.01,0.0,36.47,92.93,-37.54,-0.17,0.1,0.95,3
1707,21.829,5,-0.784,-0.19,-0.15,0.57,303.81,26.67,8.13,0.0,-0.01,0.01,4.09,-9.46,-14.5,12.66,-0.47,0.12,0.89,3
1708,21.831999999999997,3,-0.958,0.24,0.01,0.16,356.96,-5.89,-27.08,0.04,-0.02,-0.04,4.09,-19.38,-25.18,21.51,0.15,-0.41,0.89,3
1709,21.915,4,-0.386,-0.07,-0.18,0.9,238.18,15.39,-15.93,-0.15,-1.04,-0.45,4.09,-123.44,131.07,63.93,-0.54,-1.37,-0.06,3
1710,21.916999999999998,0,-0.48200000000000004,0.49,-0.42,-0.59,121.05,80.1,6.14,-0.04,0.04,-0.09,4.09,-3.05,-6.1,-12.82,-0.91,0.04,0.12,3
1711,21.923000000000002,1,-0.765,0.28,-0.37,-0.45,70.18,54.35,-9.5,-0.42,0.14,-0.19,4.09,-7.32,-6.71,35.55,-0.85,0.28,0.25,3
1712,21.925,6,0.348,0.16,0.08,-0.92,235.07,19.89,-2.23,-0.16,0.41,-0.22,4.09,17.24,-47.45,-14.04,0.12,0.2,0.87,3
1713,21.93,2,0.10099999999999999,0.07,-0.29,-0.95,207.61,4.44,34.72,-0.05,-0.48,-0.11,4.09,-98.27,81.33,19.84,-0.06,0.05,0.97,3
1714,21.932,7,-0.565,-0.22,-0.04,0.79,267.36,23.45,11.62,-0.28,0.3,-0.18,0.0,11.75,50.81,-19.23,0.11,-0.01,0.89,3
1715,21.94,5,-0.787,-0.17,-0.13,0.58,303.23,24.02,7.62,-0.0,0.1,-0.0,4.09,7.17,-15.87,-2.29,-0.33,0.09,0.95,3
1716,21.941999999999997,3,-0.9570000000000001,0.26,0.02,0.14,359.41,-6.62,-29.09,0.15,-0.09,-0.09,4.09,-29.75,-16.63,15.11,0.22,-0.37,0.77,3
1717,22.006999999999998,4,-0.488,-0.11,-0.31,0.81,249.3,29.3,-26.82,0.05,-0.02,-0.27,4.09,-126.95,87.74,55.85,-0.34,-0.22,0.58,3
1718,22.009,0,-0.49,0.49,-0.4,-0.59,113.27,79.46,-1.89,0.03,-0.13,-0.02,4.09,-0.92,-4.58,-11.14,-0.96,-0.01,0.28,3
1719,22.011999999999997,1,-0.762,0.28,-0.37,-0.46,71.48,54.27,-8.5,-0.28,0.18,-0.18,4.09,6.1,-16.63,-16.63,-0.86,0.06,0.29,3
1720,22.014,6,0.33,0.11,0.04,-0.94,232.87,13.56,-0.49,-0.46,0.34,-0.14,4.09,20.29,-43.18,11.9,0.35,-0.03,0.96,3
1721,22.018,2,0.23800000000000002,0.12,-0.2,-0.94,224.1,7.57,25.5,-0.49,0.26,0.11,4.09,-123.29,130.0,181.73,0.41,0.52,1.06,3
1722,22.02,7,-0.568,-0.23,-0.04,0.79,268.15,23.96,12.66,-0.4,0.61,-0.44,0.0,4.73,-68.97,28.84,0.34,-0.01,1.22,3
1723,22.024,5,-0.7879999999999999,-0.17,-0.12,0.58,303.16,22.75,8.19,-0.01,-0.01,0.0,4.09,2.59,-16.02,0.31,-0.36,0.1,0.93,3
1724,22.026,3,-0.95,0.29,0.04,0.11,3.17,-8.24,-33.14,0.1,-0.11,-0.1,4.09,-49.74,-30.98,28.23,0.18,-0.4,0.78,3
1725,22.119,4,-0.516,-0.13,-0.37,0.76,251.89,35.29,-32.01,0.08,0.76,-0.12,4.09,21.82,-19.68,110.32,0.02,-0.15,1.16,3
1726,22.122,6,0.344,0.08,0.01,-0.94,234.69,9.34,2.54,-0.28,0.44,-0.0,4.09,19.38,-45.17,19.99,0.32,0.2,1.07,3
1727,22.125,1,-0.773,0.27,-0.36,-0.45,69.13,52.92,-10.07,-0.15,0.01,0.03,4.09,13.43,-19.99,-21.67,-0.88,0.02,0.53,3
1728,22.127,0,-0.5,0.5,-0.4,-0.58,104.01,79.2,-10.75,0.11,0.03,0.07,4.09,4.88,5.8,-21.06,-1.05,-0.14,0.14,3
1729,22.131,2,0.336,0.15,-0.1,-0.92,235.8,12.21,16.96,-0.06,0.34,-0.04,4.09,-92.16,34.64,15.11,0.03,0.45,0.86,3
1730,22.133000000000003,7,-0.57,-0.21,-0.01,0.79,267.99,20.61,13.91,0.08,-0.19,-0.19,0.0,13.89,-41.35,44.56,-0.46,0.2,0.66,3
1731,22.136999999999997,5,-0.79,-0.16,-0.11,0.58,302.9,20.93,8.44,-0.02,0.01,0.0,4.09,7.32,-20.9,-2.75,-0.35,0.13,0.94,3
1732,22.139,3,-0.9359999999999999,0.33,0.06,0.1,5.69,-10.71,-38.32,-0.04,0.4,0.17,4.09,-66.07,-31.28,12.36,0.24,-1.02,0.65,3
1733,22.211,4,-0.5529999999999999,-0.14,-0.3,0.77,259.45,32.66,-21.5,-0.3,1.09,-0.09,4.09,49.9,-65.92,-38.6,0.42,-0.34,1.34,3
1734,22.213,0,-0.514,0.51,-0.39,-0.57,91.01,79.14,-22.69,-0.01,0.08,0.15,4.09,15.87,4.73,-21.67,-1.15,-0.08,0.12,3
1735,22.215999999999998,1,-0.787,0.27,-0.34,-0.44,66.26,50.85,-11.92,-0.09,0.1,-0.07,4.09,5.19,-23.96,-23.8,-0.81,-0.08,0.48,3
1736,22.218000000000004,6,0.33899999999999997,0.07,-0.01,-0.94,234.05,7.41,3.93,-0.07,0.34,0.55,4.09,7.78,41.66,-16.17,0.1,0.29,1.31,3
1737,22.223000000000003,2,0.358,0.15,-0.07,-0.92,238.12,13.08,13.66,-0.02,0.29,-0.09,4.09,12.36,-24.72,13.73,-0.02,0.48,0.87,3
1738,22.225,7,-0.58,-0.19,0.02,0.79,268.8,16.42,15.53,-0.23,0.17,0.08,0.0,13.58,-33.72,-4.88,-0.07,0.1,1.06,3
1739,22.229,5,-0.787,-0.16,-0.08,0.59,301.87,18.37,9.31,-0.01,-0.01,0.0,4.09,18.62,-45.17,-14.34,-0.32,0.16,0.95,3
1740,22.23,3,-0.914,0.39,0.08,0.07,10.57,-11.02,-46.21,0.06,-0.05,0.05,4.09,-45.17,-24.26,47.91,0.27,-0.64,0.74,3
1741,22.322,4,-0.519,-0.11,-0.26,0.81,254.74,26.55,-20.62,0.18,-0.05,0.13,4.09,28.08,-34.48,29.91,-0.7,-0.57,0.93,3
1742,22.324,0,-0.526,0.51,-0.4,-0.55,81.43,79.01,-30.66,-0.09,0.21,-0.0,4.09,12.05,0.0,-14.34,-1.01,0.03,-0.03,3
1743,22.33,1,-0.7909999999999999,0.28,-0.33,-0.43,64.21,50.14,-14.43,-0.11,-0.01,0.07,4.09,-3.81,2.44,-3.81,-0.86,-0.06,0.65,3
1744,22.331999999999997,6,0.332,0.12,-0.01,-0.94,233.73,12.37,5.48,-0.06,0.48,-0.13,4.09,25.48,61.34,-29.45,0.15,0.4,0.88,3
1745,22.336,2,0.33,0.14,-0.08,-0.93,234.65,12.28,14.14,-0.18,-0.23,0.02,4.09,25.94,-9.0,-5.8,-0.18,0.02,1.01,3
1746,22.338,7,-0.584,-0.18,0.05,0.79,268.92,13.1,16.95,-0.08,-0.04,-0.05,0.0,8.39,-34.18,21.36,-0.21,0.19,0.92,3
1747,22.343000000000004,5,-0.784,-0.15,-0.05,0.6,300.5,14.68,10.45,0.01,-0.03,0.01,4.09,1.37,-20.6,2.9,-0.28,0.19,0.96,3
1748,22.346,3,-0.9209999999999999,0.38,0.06,0.04,12.21,-8.37,-44.86,-0.06,-0.57,-0.3,4.09,98.27,64.54,-48.22,0.06,-0.19,0.87,3
1749,22.414,4,-0.544,-0.11,-0.24,0.8,258.83,25.41,-16.96,0.33,0.1,0.23,4.09,12.05,-11.75,-0.61,-0.51,-0.02,1.03,3
1750,22.416,0,-0.537,0.51,-0.4,-0.54,75.02,78.48,-35.71,-0.09,-0.04,-0.02,4.09,5.8,-1.53,-14.95,-0.97,-0.02,0.21,3
1751,22.42,1,-0.779,0.29,-0.35,-0.43,64.94,52.76,-14.23,0.25,0.21,0.28,4.09,5.49,43.64,54.02,-0.93,-0.55,0.71,3
1752,22.423000000000002,6,0.298,0.17,-0.0,-0.94,230.27,18.72,6.32,-0.48,0.15,-0.05,4.09,-11.9,57.53,-22.28,0.13,-0.09,1.1,3
1753,22.426,2,0.306,0.15,-0.11,-0.93,232.14,11.86,17.35,-0.23,0.0,-0.21,4.09,36.77,-12.36,-31.59,0.07,0.21,0.81,3
1754,22.428,7,-0.591,-0.16,0.07,0.79,269.31,9.52,17.72,-0.14,0.02,0.04,0.0,6.1,-30.21,12.21,-0.11,0.21,1.02,3
1755,22.432,5,-0.789,-0.13,-0.03,0.6,300.79,12.03,10.09,-0.05,0.04,0.1,4.09,-9.61,-33.11,12.82,-0.2,0.12,1.09,3
1756,22.434,3,-0.951,0.29,0.02,0.11,2.17,-6.24,-32.89,0.05,-0.21,0.14,4.09,126.19,106.81,-88.04,0.18,-0.39,1.04,3
1757,22.528000000000002,4,-0.545,-0.1,-0.22,0.8,259.09,24.21,-15.69,0.02,0.02,0.02,4.09,2.75,-0.61,-13.89,-0.4,-0.24,0.9,3
1758,22.529,0,-0.551,0.51,-0.39,-0.53,68.09,77.07,-41.61,-0.03,-0.07,-0.05,4.09,20.6,0.46,-29.14,-0.91,-0.13,0.23,3
1759,22.533,2,0.267,0.16,-0.14,-0.94,228.06,12.51,20.84,-0.26,-0.12,0.05,4.09,32.2,-6.56,-30.98,-0.07,0.16,1.07,3
1760,22.535,6,0.315,0.23,0.03,-0.92,233.1,26.09,5.48,-0.41,0.37,-0.08,4.09,-28.08,84.53,25.48,0.04,0.13,1.05,3
1761,22.539,1,-0.754,0.29,-0.39,-0.44,68.81,57.58,-10.9,-0.4,0.31,-0.03,4.09,6.26,19.07,-13.43,-1.07,-0.02,0.21,3
1762,22.541,7,-0.6,-0.14,0.09,0.78,270.0,5.88,18.3,-0.19,0.01,-0.05,0.0,9.61,-27.92,22.58,-0.04,0.12,0.96,3
1763,22.544,5,-0.8220000000000001,-0.16,-0.01,0.55,308.05,10.94,14.4,-0.0,-0.68,0.38,4.09,65.77,73.7,126.34,-0.94,0.58,1.09,3
1764,22.546,3,-0.966,0.19,-0.01,0.18,353.72,-2.3,-21.75,0.04,0.31,0.04,4.09,67.14,46.39,-29.45,0.12,-0.57,0.84,3
1765,22.62,4,-0.542,-0.1,-0.22,0.8,258.74,23.69,-15.37,0.03,0.02,-0.0,4.09,3.66,-12.51,-1.37,-0.41,-0.23,0.89,3
1766,22.622,0,-0.568,0.51,-0.39,-0.51,61.49,75.68,-46.16,-0.08,-0.07,-0.04,4.09,21.51,3.2,-9.61,-0.93,-0.09,0.24,3
1767,22.625999999999998,5,-0.847,-0.24,-0.06,0.47,319.8,19.48,21.62,0.37,-0.88,-0.34,4.09,45.93,132.14,-46.54,-0.78,0.85,0.17,3
1768,22.627,6,0.34700000000000003,0.29,0.08,-0.89,238.07,34.37,4.33,-0.44,0.4,-0.34,4.09,-34.18,71.26,37.84,0.13,0.05,0.86,3
1769,22.631,4,-0.5489999999999999,-0.09,-0.2,0.81,259.86,21.88,-14.01,-0.03,-0.08,-0.02,4.09,8.54,-37.99,14.8,-0.43,-0.25,0.86,3
1770,22.633000000000003,7,-0.615,-0.12,0.12,0.77,271.59,2.19,19.07,-0.16,0.0,-0.0,0.0,12.97,-31.89,25.63,-0.0,0.18,0.99,3
1771,22.636999999999997,5,-0.7959999999999999,-0.32,-0.15,0.49,318.48,33.67,25.39,0.03,0.06,-0.33,4.09,12.97,95.98,-88.2,-0.21,0.13,0.67,3
1772,22.639,3,-0.966,0.15,-0.02,0.21,349.8,-1.53,-17.08,0.2,-0.04,-0.38,4.09,26.4,11.29,-65.31,0.2,-0.08,0.61,3
1773,22.712,4,-0.57,-0.07,-0.18,0.8,263.16,18.67,-11.9,0.0,-0.03,-0.01,4.09,14.65,-35.71,20.6,-0.37,-0.21,0.94,3
1774,22.714000000000002,0,-0.574,0.51,-0.4,-0.51,59.94,75.49,-46.58,0.46,0.03,0.24,4.09,1.22,-2.59,24.87,-1.13,-0.64,0.16,3
1775,22.718000000000004,5,-0.7609999999999999,-0.32,-0.21,0.53,312.44,40.73,20.38,0.19,0.77,0.16,4.09,-36.77,-7.17,-66.99,-0.12,0.35,1.42,3
1776,22.721,6,0.382,0.32,0.11,-0.86,243.47,38.91,4.46,-0.17,0.67,-0.55,4.09,-20.6,24.26,34.03,0.2,0.36,0.7,3
1777,22.726,4,-0.588,-0.06,-0.15,0.79,265.78,15.57,-9.52,-0.04,0.03,0.0,4.09,14.04,-24.26,3.51,-0.3,-0.16,0.97,3
1778,22.726999999999997,7,-0.624,-0.1,0.15,0.76,272.33,-2.14,20.19,-0.02,-0.08,-0.01,0.0,11.6,-48.68,-1.22,-0.05,0.31,0.94,3
1779,22.732,2,0.22,0.13,-0.2,-0.95,222.37,9.4,26.0,-0.2,-0.01,-0.02,4.09,27.92,-1.07,-19.99,0.06,0.29,0.94,3
1780,22.733,3,-0.965,0.15,-0.01,0.21,349.31,-2.17,-17.14,0.3,-0.72,0.04,4.09,-14.19,7.17,-29.14,0.1,0.36,1.16,3
1781,22.822,1,-0.737,0.35,-0.37,-0.44,63.54,59.3,-21.4,-0.14,0.01,-0.05,4.09,-20.75,-8.39,3.51,-0.86,-0.06,0.41,3
1782,22.824,0,-0.5579999999999999,0.5,-0.4,-0.53,72.61,76.99,-35.25,0.07,-0.06,-0.08,4.09,-21.97,-15.87,57.07,-0.87,-0.21,0.24,3
1783,22.829,5,-0.76,-0.28,-0.2,0.55,307.2,38.0,14.72,-0.09,1.2,-0.87,4.09,-21.06,-83.16,40.89,0.76,-0.35,0.87,3
1784,22.831,6,0.39399999999999996,0.3,0.12,-0.86,244.07,38.26,2.06,-0.2,0.51,-0.64,4.09,-27.77,-42.88,-10.07,0.16,0.18,0.44,3
1785,22.838,4,-0.597,-0.05,-0.13,0.79,267.16,13.33,-8.39,-0.02,-0.05,-0.0,4.09,10.38,-19.84,7.02,-0.3,-0.21,0.93,3
1786,22.84,7,-0.613,-0.06,0.18,0.77,269.99,-7.45,21.0,-0.12,0.1,-0.06,0.0,-4.58,-71.72,19.23,0.26,0.25,0.9,3
1787,22.844,1,-0.7240000000000001,0.36,-0.37,-0.46,65.82,59.61,-22.32,-0.1,-0.07,-0.01,4.09,-23.96,-2.9,15.11,-0.85,-0.06,0.53,3
1788,22.845,3,-0.9640000000000001,0.17,0.0,0.21,350.24,-4.46,-18.53,0.04,-0.1,0.04,4.09,3.05,-42.27,54.02,0.06,-0.24,1.04,3
1789,22.92,2,0.2,0.13,-0.22,-0.95,220.3,9.5,28.2,-0.16,0.02,0.01,4.09,40.28,-20.9,-32.81,-0.0,0.39,0.85,3
1790,22.921999999999997,0,-0.531,0.49,-0.39,-0.57,90.0,77.34,-21.89,-0.2,0.14,0.1,4.09,-20.45,-6.41,25.02,-1.11,0.1,0.1,3
1791,22.926,5,-0.794,-0.23,-0.17,0.54,309.08,30.71,12.06,0.05,-0.36,-0.11,4.09,-6.71,-36.32,43.49,-0.69,0.41,0.58,3
1792,22.928,6,0.387,0.26,0.12,-0.88,241.52,33.17,-0.39,-0.18,0.61,-0.68,4.09,2.9,-58.14,-51.27,0.32,0.23,0.61,3
1793,22.932,4,-0.606,-0.04,-0.11,0.79,268.57,11.13,-6.96,-0.02,-0.07,0.02,4.09,5.65,-19.99,0.92,-0.27,-0.16,0.98,3
1794,22.934,7,-0.621,-0.01,0.21,0.75,270.37,-14.45,20.3,-0.22,-0.14,0.09,0.0,-8.39,-37.69,7.32,0.16,0.11,1.13,3
1795,23.006,1,-0.71,0.37,-0.36,-0.47,68.45,60.41,-22.07,-0.0,-0.01,-0.01,4.09,-5.65,-2.44,17.09,-0.85,-0.18,0.53,3
1796,23.008000000000003,0,-0.513,0.5,-0.38,-0.58,96.43,77.57,-18.41,-0.05,0.26,0.03,4.09,-31.13,-3.81,17.24,-1.05,0.03,-0.01,3
1797,23.011999999999997,2,0.175,0.13,-0.25,-0.94,217.67,9.12,31.94,-0.22,-0.13,0.05,4.09,31.13,-19.53,-4.12,-0.01,0.39,0.99,3
1798,23.014,6,0.354,0.22,0.11,-0.9,236.15,28.17,-3.01,-0.74,0.06,0.02,4.09,-4.43,-28.53,-17.85,0.04,-0.3,1.04,3
1799,23.018,5,-0.799,-0.21,-0.14,0.54,308.32,27.28,11.54,-0.03,0.08,0.02,4.09,-13.12,-19.23,21.21,-0.42,0.13,0.92,3
1800,23.02,7,-0.616,0.01,0.22,0.76,269.57,-16.25,19.78,-0.69,-0.34,0.38,0.0,-29.3,18.77,36.62,0.23,-0.17,1.36,3
1801,23.127,4,-0.611,-0.03,-0.08,0.79,269.34,7.95,-5.23,-0.08,-0.09,0.18,4.09,20.6,-33.26,-13.73,-0.24,-0.22,1.15,3
1802,23.129,0,-0.491,0.51,-0.38,-0.6,105.69,78.17,-11.93,-0.05,0.07,-0.02,4.09,-24.87,-0.31,26.86,-0.99,0.02,0.16,3
1803,23.131999999999998,1,-0.698,0.39,-0.36,-0.48,67.55,61.76,-25.15,-0.95,-0.41,0.13,4.09,-18.62,35.55,-36.47,-1.06,0.78,0.73,3
1804,23.134,6,0.36200000000000004,0.2,0.1,-0.91,237.09,25.46,-2.63,-0.27,0.57,-0.18,4.09,-2.59,-35.25,-1.53,0.17,0.07,1.04,3
1805,23.138,2,0.152,0.13,-0.3,-0.93,215.29,8.26,36.89,0.05,0.0,-0.1,4.09,73.55,-40.13,-34.33,-0.15,0.59,0.69,3
1806,23.14,7,-0.645,-0.01,0.16,0.75,274.17,-11.12,14.87,-0.1,-0.31,-0.09,0.0,-45.78,81.02,16.33,-0.13,0.1,0.96,3
1807,23.149,5,-0.809,-0.19,-0.13,0.54,309.1,25.03,10.9,-0.01,0.05,0.0,4.09,9.16,-16.48,-19.23,-0.38,0.11,0.94,3
1808,23.15,3,-0.972,0.2,0.03,0.13,0.18,-6.25,-21.93,0.02,0.04,-0.02,4.09,1.98,-15.41,15.56,0.15,-0.38,0.9,3
1809,23.230999999999998,4,-0.5479999999999999,-0.01,-0.11,0.83,260.19,8.63,-10.13,0.3,-0.9,0.26,4.09,-93.08,121.0,-156.1,-1.1,-0.23,0.97,3
1810,23.232,6,0.36,0.17,0.09,-0.91,236.55,22.47,-2.74,-0.22,0.44,-0.15,4.09,1.83,-19.23,-4.43,0.1,0.13,0.97,3
1811,23.236,1,-0.695,0.42,-0.37,-0.45,59.35,63.49,-32.85,-0.28,0.28,0.03,4.09,20.9,5.19,-2.14,-1.11,-0.05,0.12,3
1812,23.238000000000003,0,-0.466,0.51,-0.38,-0.61,118.16,79.08,-1.92,-0.01,-0.1,-0.09,4.09,-24.11,9.77,27.01,-0.87,0.0,0.25,3
1813,23.243000000000002,5,-0.802,-0.19,-0.12,0.55,307.25,23.8,10.97,0.01,0.01,0.02,4.09,-7.48,-10.99,7.02,-0.4,0.17,0.92,3
1814,23.244,7,-0.67,-0.05,0.08,0.74,278.37,-2.71,10.7,0.19,-0.16,0.19,0.0,-13.58,116.12,-4.88,-0.14,0.4,1.14,3
1815,23.248,2,0.157,0.11,-0.34,-0.92,215.63,5.58,42.19,-0.16,-0.24,0.04,4.09,-18.01,-4.43,11.44,-0.1,0.43,0.98,3
1816,23.249000000000002,3,-0.972,0.2,0.04,0.11,2.25,-7.15,-22.49,0.01,-0.07,-0.02,4.09,-16.17,-5.95,16.63,0.12,-0.33,0.93,3
1817,23.323,4,-0.536,-0.05,-0.21,0.82,257.83,17.67,-18.37,0.03,-0.66,-0.28,4.09,-87.43,56.92,81.63,-0.81,-0.37,0.43,3
1818,23.324,6,0.349,0.15,0.08,-0.92,235.2,19.3,-2.22,-0.26,0.42,-0.16,4.09,5.34,-24.57,-18.16,0.17,0.11,0.95,3
1819,23.328000000000003,1,-0.688,0.42,-0.38,-0.46,61.4,64.65,-31.24,-0.22,0.08,-0.05,4.09,-0.61,-0.76,37.23,-0.94,0.01,0.25,3
1820,23.33,0,-0.441,0.52,-0.38,-0.63,130.01,79.58,7.3,-0.11,-0.09,0.04,4.09,-19.23,10.07,13.43,-1.0,0.1,0.3,3
1821,23.334,2,0.209,0.14,-0.29,-0.92,222.04,7.57,36.63,-0.31,-0.16,-0.13,4.09,-109.56,100.71,99.95,0.11,0.32,0.89,3
1822,23.336,7,-0.647,-0.12,0.02,0.75,276.27,9.14,10.88,-0.03,0.07,-0.1,0.0,14.19,101.93,-64.39,-0.07,0.12,0.89,3
1823,23.34,5,-0.81,-0.18,-0.12,0.55,308.17,22.66,10.08,-0.01,-0.05,0.0,4.09,-10.53,-13.73,4.88,-0.41,0.17,0.9,3
1824,23.342,3,-0.971,0.22,0.04,0.1,3.88,-6.82,-24.48,0.02,-0.14,-0.02,4.09,-25.02,-13.89,26.25,0.11,-0.28,0.96,3
1825,23.433000000000003,4,-0.581,-0.08,-0.28,0.76,263.7,26.38,-21.68,0.16,0.15,-0.17,4.09,-6.56,55.39,40.44,-0.22,-0.24,0.87,3
1826,23.434,0,-0.429,0.52,-0.38,-0.63,135.8,80.34,11.94,-0.25,0.07,0.0,4.09,3.05,8.39,0.31,-1.0,0.33,0.18,3
1827,23.439,1,-0.674,0.41,-0.39,-0.47,67.35,66.48,-25.75,-0.21,0.01,-0.11,4.09,10.07,-6.1,15.26,-0.86,0.06,0.29,3
1828,23.441,6,0.32799999999999996,0.12,0.05,-0.94,232.54,14.66,-1.43,-0.23,0.27,-0.11,4.09,9.46,-47.61,-18.31,0.12,0.04,0.95,3
1829,23.444000000000003,2,0.336,0.18,-0.18,-0.91,237.59,12.23,26.99,-0.35,0.16,-0.02,4.09,-112.0,102.54,92.32,0.18,0.43,0.96,3
1830,23.445999999999998,7,-0.61,-0.19,-0.02,0.77,272.63,18.09,11.77,-0.17,0.32,-0.18,0.0,18.46,61.65,-47.3,0.11,0.07,0.86,3
1831,23.449,5,-0.815,-0.17,-0.11,0.54,308.29,21.31,9.08,-0.04,0.04,0.0,4.09,-5.49,-7.32,3.36,-0.36,0.11,0.93,3
1832,23.451,3,-0.9670000000000001,0.24,0.04,0.08,6.52,-6.77,-27.52,-0.08,-0.1,-0.15,4.09,-43.95,-4.27,10.99,0.04,-0.32,0.81,3
1833,23.523000000000003,4,-0.602,-0.13,-0.27,0.74,267.71,31.78,-16.73,-0.19,0.68,0.05,4.09,47.45,2.29,29.75,0.04,-0.35,1.21,3
1834,23.525,0,-0.44,0.52,-0.38,-0.62,126.49,80.32,3.32,0.07,-0.17,-0.09,4.09,0.0,-9.46,-11.29,-0.87,-0.09,0.28,3
1835,23.529,1,-0.6729999999999999,0.4,-0.4,-0.48,69.9,66.39,-22.98,-0.21,-0.18,-0.02,4.09,14.19,-5.04,-1.98,-0.87,0.09,0.48,3
1836,23.53,6,0.319,0.07,0.02,-0.94,231.39,8.56,0.24,-0.35,0.33,-0.13,4.09,14.34,-48.07,11.75,0.35,0.09,0.91,3
1837,23.534000000000002,5,-0.8140000000000001,-0.16,-0.11,0.55,307.79,20.67,8.97,-0.01,0.0,0.01,4.09,3.51,-5.8,-3.05,-0.35,0.14,0.94,3
1838,23.535,7,-0.595,-0.21,-0.03,0.78,271.32,21.06,12.53,-0.28,0.44,-0.26,0.0,11.14,-25.18,5.65,0.2,0.06,0.9,3
1839,23.54,2,0.40399999999999997,0.2,-0.11,-0.88,246.16,15.37,22.22,0.02,0.16,-0.16,4.09,-47.61,29.45,39.52,-0.13,0.39,0.71,3
1840,23.541,3,-0.96,0.27,0.05,0.07,7.48,-7.49,-30.77,0.09,-0.08,-0.07,4.09,-34.18,-20.9,14.5,0.18,-0.41,0.77,3
1841,23.633000000000003,4,-0.5379999999999999,-0.12,-0.27,0.79,257.5,28.25,-19.64,-0.3,0.93,-0.39,4.09,20.9,-40.28,-115.81,0.57,-0.2,0.98,3
1842,23.635,0,-0.45799999999999996,0.52,-0.36,-0.62,114.41,78.95,-8.17,-0.18,0.07,0.0,4.09,13.28,-6.71,-41.96,-0.99,0.13,0.15,3
1843,23.639,1,-0.6890000000000001,0.39,-0.39,-0.47,68.51,64.83,-22.18,-0.14,-0.11,-0.08,4.09,26.09,-22.43,-20.75,-0.84,0.02,0.45,3
1844,23.641,6,0.33,0.04,-0.01,-0.94,232.69,4.1,2.36,-0.37,0.21,-0.07,4.09,18.01,-36.47,20.6,0.34,-0.0,0.94,3
1845,23.645,2,0.42,0.18,-0.1,-0.88,247.24,14.03,19.35,0.01,0.28,-0.1,4.09,-7.48,-38.76,-11.14,-0.03,0.53,0.84,3
1846,23.647,7,-0.598,-0.19,-0.01,0.78,271.19,17.78,13.41,-0.17,0.2,-0.41,0.0,14.19,-53.41,29.75,-0.08,0.02,0.56,3
1847,23.65,5,-0.8140000000000001,-0.15,-0.1,0.55,307.35,19.56,8.6,-0.03,0.02,0.0,4.09,2.9,-19.68,-7.78,-0.33,0.12,0.94,3
1848,23.651999999999997,3,-0.945,0.31,0.06,0.05,10.4,-8.98,-36.55,0.03,0.08,0.05,4.09,-64.7,-31.74,-7.02,0.21,-0.73,0.82,3
1849,23.723000000000003,4,-0.556,-0.12,-0.23,0.79,260.9,26.74,-14.58,0.88,0.38,0.3,4.09,-3.2,0.15,-9.46,-0.71,0.49,1.16,3
1850,23.725,0,-0.48700000000000004,0.53,-0.36,-0.6,96.36,77.84,-23.95,-0.1,0.11,0.17,4.09,33.26,7.78,-33.42,-1.19,-0.02,0.15,3
1851,23.729,1,-0.7040000000000001,0.38,-0.38,-0.47,67.06,62.53,-22.77,-0.17,-0.08,-0.1,4.09,-2.59,-20.75,-13.73,-0.82,0.04,0.43,3
1852,23.73,6,0.33899999999999997,0.02,-0.04,-0.94,233.74,0.83,4.72,-0.03,0.59,-0.21,4.09,4.12,-31.89,-26.55,0.45,0.51,0.93,3
1853,23.734,2,0.384,0.18,-0.11,-0.9,242.93,14.34,20.52,-0.58,-0.19,-0.28,4.09,33.26,1.07,31.28,0.08,-0.09,0.85,3
1854,23.735,7,-0.616,-0.17,0.03,0.77,273.07,12.74,15.04,-0.0,0.09,0.12,0.0,8.39,-46.69,2.9,-0.02,0.11,1.13,3
1855,23.741,5,-0.8109999999999999,-0.15,-0.08,0.56,305.99,17.36,8.66,0.0,-0.01,0.01,4.09,-0.92,-38.45,-3.36,-0.32,0.18,0.92,3
1856,23.743000000000002,3,-0.922,0.38,0.09,0.04,13.3,-11.0,-44.22,0.06,-0.04,0.38,4.09,-63.17,-20.14,37.84,0.29,-0.68,0.92,3
1857,23.834,4,-0.57,-0.11,-0.22,0.78,262.97,24.9,-13.69,-0.1,-0.04,0.05,4.09,22.43,-15.41,2.9,-0.47,-0.18,0.86,3
1858,23.836,0,-0.511,0.53,-0.37,-0.57,83.74,77.6,-33.13,-0.08,0.18,-0.05,4.09,21.36,0.0,-19.99,-0.92,0.06,-0.02,3
1859,23.840999999999998,1,-0.705,0.38,-0.38,-0.46,66.1,62.76,-23.26,0.0,-0.06,0.53,4.09,20.45,38.6,33.57,-1.27,-0.34,0.72,3
1860,23.843000000000004,6,0.32,0.06,-0.03,-0.94,231.77,5.21,5.51,-0.06,0.32,-0.16,4.09,15.11,72.48,-36.77,0.17,0.29,0.83,3
1861,23.846,2,0.36,0.17,-0.13,-0.91,239.72,12.64,21.73,-0.12,0.06,0.14,4.09,9.31,-25.02,-67.9,-0.13,0.29,1.09,3
1862,23.848000000000003,7,-0.617,-0.16,0.06,0.77,272.93,9.89,16.37,-0.03,0.01,0.0,0.0,10.38,-23.04,7.93,-0.15,0.25,0.96,3
1863,23.851999999999997,5,-0.8140000000000001,-0.12,-0.06,0.56,305.56,14.14,7.64,-0.01,-0.0,0.03,4.09,-9.46,-20.75,14.5,-0.26,0.12,0.99,3
1864,23.853,3,-0.922,0.38,0.08,0.03,14.34,-9.26,-44.81,-0.17,-0.37,-0.41,4.09,60.88,54.32,-0.92,-0.06,-0.18,0.68,3
1865,23.945,4,-0.573,-0.11,-0.2,0.79,263.59,23.16,-11.88,0.02,0.03,0.01,4.09,-1.53,-20.9,2.29,-0.39,-0.15,0.92,3
1866,23.945999999999998,0,-0.534,0.52,-0.36,-0.55,74.5,76.03,-39.97,-0.12,0.01,0.02,4.09,15.72,4.27,-26.7,-1.01,-0.04,0.2,3
1867,23.95,1,-0.674,0.38,-0.42,-0.47,71.07,68.4,-18.59,-0.48,0.23,-0.01,4.09,-6.26,17.7,7.93,-1.1,0.23,0.13,3
1868,23.951999999999998,6,0.28300000000000003,0.12,-0.02,-0.95,227.83,12.53,5.81,-0.43,0.31,-0.13,4.09,-6.87,49.59,-25.02,0.3,0.12,0.97,3
1869,23.956,2,0.317,0.17,-0.15,-0.92,234.68,12.37,23.6,-0.03,0.25,0.0,4.09,30.67,-19.23,-60.73,-0.03,0.5,1.0,3
1870,23.958000000000002,3,-0.9440000000000001,0.31,0.03,0.09,4.93,-7.2,-36.06,0.1,-0.09,0.14,4.09,96.74,95.21,-94.91,0.24,-0.58,1.0,3
1871,23.961,5,-0.843,-0.13,-0.06,0.52,312.15,13.53,9.98,-0.01,-0.65,0.68,4.09,49.13,68.05,122.07,-0.89,0.47,1.35,3
1872,23.963,7,-0.609,-0.15,0.07,0.78,271.53,8.02,16.92,-0.2,0.02,0.02,0.0,4.88,-19.07,2.29,-0.09,0.12,1.02,3
1873,24.037,4,-0.5770000000000001,-0.09,-0.2,0.79,264.12,21.85,-12.79,-0.04,-0.04,0.02,4.09,-16.94,-21.21,15.41,-0.36,-0.29,0.89,3
1874,24.039,0,-0.552,0.53,-0.36,-0.54,66.67,74.64,-45.82,-0.06,-0.04,-0.0,4.09,20.6,2.14,-17.85,-0.96,-0.15,0.26,3
1875,24.044,1,-0.675,0.39,-0.43,-0.46,65.7,69.22,-23.47,-0.28,0.11,-0.03,4.09,2.29,9.61,-38.45,-0.98,0.04,0.11,3
1876,24.045,6,0.29600000000000004,0.18,0.01,-0.94,229.98,19.47,5.75,-0.29,0.3,-0.07,4.09,-5.34,76.9,9.92,0.07,0.19,0.97,3
1877,24.049,2,0.282,0.16,-0.17,-0.93,230.43,12.03,24.59,-0.3,-0.16,-0.1,4.09,7.78,-23.04,-15.41,-0.05,0.12,0.96,3
1878,24.051,7,-0.613,-0.14,0.08,0.77,271.81,6.32,17.21,-0.21,-0.02,-0.02,0.0,3.2,-12.05,16.02,-0.07,0.08,1.0,3
1879,24.054000000000002,5,-0.8690000000000001,-0.2,-0.1,0.44,323.01,20.71,15.56,0.39,-0.77,-0.55,4.09,25.33,82.7,-32.96,-0.52,0.83,0.09,3
1880,24.057,3,-0.961,0.22,-0.01,0.17,355.11,-3.6,-25.12,0.06,0.51,0.19,4.09,101.32,68.66,-25.48,0.25,-0.92,0.85,3
1881,24.151999999999997,4,-0.59,-0.08,-0.19,0.78,266.0,20.22,-12.62,-0.05,-0.05,-0.01,4.09,0.92,-16.94,0.61,-0.37,-0.26,0.88,3
1882,24.154,0,-0.565,0.52,-0.36,-0.52,63.04,73.56,-47.94,-0.17,-0.12,-0.01,4.09,18.16,-0.92,-14.8,-0.95,-0.04,0.33,3
1883,24.159000000000002,2,0.265,0.15,-0.18,-0.94,228.08,10.82,24.94,-0.25,0.05,-0.1,4.09,12.36,-15.87,-19.23,0.05,0.3,0.9,3
1884,24.16,6,0.297,0.23,0.02,-0.93,230.9,25.68,5.8,-0.47,0.25,-0.14,4.09,-25.18,64.85,16.94,0.09,-0.01,0.97,3
1885,24.164,5,-0.826,-0.26,-0.15,0.47,319.72,30.21,19.55,0.25,-0.41,0.01,4.09,67.6,90.33,-96.74,-0.66,0.68,0.64,3
1886,24.166,7,-0.628,-0.12,0.09,0.76,273.63,4.16,17.49,-0.14,-0.02,-0.02,0.0,4.12,-21.67,23.65,-0.06,0.16,0.97,3
1887,24.17,4,-0.5920000000000001,-0.07,-0.19,0.78,266.2,19.43,-12.75,-0.03,-0.07,-0.0,4.09,-0.61,-4.73,-1.98,-0.38,-0.26,0.89,3
1888,24.171999999999997,3,-0.975,0.14,-0.01,0.18,353.81,-1.67,-15.79,0.19,-0.01,-0.39,4.09,80.11,9.92,-41.2,0.21,-0.14,0.5,3
1889,24.236,2,0.252,0.14,-0.18,-0.94,226.38,10.32,25.19,-0.32,-0.12,-0.0,4.09,-1.53,-10.53,-15.87,0.01,0.16,0.98,3
1890,24.237,0,-0.578,0.52,-0.36,-0.51,59.34,72.48,-50.11,0.44,-0.06,0.22,4.09,12.36,2.75,0.0,-1.08,-0.82,0.17,3
1891,24.241999999999997,5,-0.775,-0.32,-0.2,0.51,315.34,39.3,21.87,0.28,0.27,0.25,4.09,26.09,49.74,-61.65,-0.51,0.54,1.1,3
1892,24.243000000000002,6,0.32299999999999995,0.26,0.05,-0.91,234.52,30.98,4.78,-0.29,0.33,-0.43,4.09,-25.79,27.77,28.69,0.07,0.14,0.7,3
1893,24.247,4,-0.596,-0.06,-0.18,0.78,266.86,18.32,-12.23,-0.02,-0.01,0.01,4.09,3.05,-13.12,1.22,-0.32,-0.22,0.92,3
1894,24.249000000000002,7,-0.6409999999999999,-0.11,0.11,0.75,275.14,1.22,17.77,-0.22,-0.01,-0.04,0.0,4.43,-28.69,23.65,0.01,0.08,0.96,3
1895,24.253,1,-0.6809999999999999,0.43,-0.41,-0.44,54.54,67.53,-36.39,-0.19,-0.16,0.0,4.09,-11.9,-5.65,-11.14,-0.94,-0.01,0.42,3
1896,24.255,3,-0.9740000000000001,0.12,0.01,0.19,352.26,-3.19,-13.4,-0.17,-0.84,0.08,4.09,-14.19,8.7,28.84,-0.17,0.71,1.19,3
1897,24.328000000000003,2,0.24,0.14,-0.19,-0.94,224.87,9.52,25.71,-0.28,-0.03,-0.06,4.09,18.62,-10.83,-21.97,0.06,0.26,0.96,3
1898,24.329,0,-0.569,0.51,-0.37,-0.53,66.43,73.72,-43.34,-0.03,-0.06,-0.01,4.09,-4.12,-17.7,48.98,-0.91,-0.17,0.27,3
1899,24.333000000000002,5,-0.7659999999999999,-0.31,-0.21,0.52,313.3,40.43,20.28,0.22,1.34,-0.74,4.09,-32.5,-70.5,16.17,0.75,-0.2,1.06,3
1900,24.335,6,0.345,0.27,0.08,-0.9,236.99,32.47,2.73,-0.29,0.44,-0.45,4.09,-34.33,-5.34,19.38,0.13,0.16,0.71,3
1901,24.34,4,-0.6,-0.06,-0.17,0.78,267.38,17.2,-11.81,-0.05,-0.08,0.0,4.09,9.77,-16.94,1.68,-0.35,-0.26,0.91,3
1902,24.342,7,-0.655,-0.08,0.13,0.74,276.65,-2.95,17.37,-0.04,0.02,-0.03,0.0,-8.39,-41.5,4.88,0.07,0.25,0.93,3
1903,24.346999999999998,1,-0.68,0.44,-0.39,-0.44,53.69,66.67,-38.77,-0.04,-0.07,-0.06,4.09,-20.6,-5.49,-2.59,-0.86,-0.18,0.35,3
1904,24.349,3,-0.972,0.13,0.01,0.2,351.75,-4.39,-13.84,-0.0,0.1,-0.08,4.09,17.4,-58.59,53.41,0.09,-0.3,0.89,3
1905,24.44,2,0.22,0.13,-0.2,-0.95,222.31,8.96,26.2,-0.26,-0.05,-0.08,4.09,25.33,-14.8,-16.48,0.04,0.31,0.87,3
1906,24.441999999999997,0,-0.542,0.5,-0.37,-0.56,83.95,75.29,-28.77,-0.06,-0.2,-0.01,4.09,-34.03,-7.63,19.68,-1.01,-0.0,0.44,3
1907,24.445999999999998,5,-0.799,-0.25,-0.18,0.52,312.36,32.93,14.32,-0.8,1.08,0.11,4.09,-26.4,-0.31,91.71,-0.35,-0.67,1.44,3
1908,24.447,6,0.36,0.23,0.08,-0.9,237.96,28.71,0.99,0.02,1.08,0.38,4.09,2.75,-41.05,9.0,0.15,0.74,1.31,3
1909,24.451,4,-0.605,-0.05,-0.16,0.78,268.24,15.6,-10.75,-0.01,-0.03,-0.0,4.09,6.41,-10.99,1.07,-0.31,-0.21,0.93,3
1910,24.453000000000003,7,-0.6509999999999999,-0.03,0.16,0.74,275.26,-8.97,16.29,0.06,0.1,0.03,0.0,-6.1,-74.77,-1.83,0.25,0.35,0.91,3
1911,24.456999999999997,1,-0.6679999999999999,0.44,-0.39,-0.46,57.01,67.0,-37.98,0.0,0.0,-0.07,4.09,-5.04,-15.11,34.03,-0.86,-0.21,0.35,3
1912,24.459,3,-0.977,0.13,0.03,0.16,355.66,-5.69,-14.58,0.18,0.21,-0.19,4.09,-32.65,-7.02,3.2,0.32,-0.37,0.73,3
1913,24.531999999999996,2,0.201,0.14,-0.23,-0.94,220.56,9.4,29.36,-0.3,-0.17,0.08,4.09,15.56,-5.65,-6.71,0.02,0.28,1.08,3
1914,24.534000000000002,0,-0.52,0.5,-0.37,-0.58,94.03,76.09,-21.32,0.13,0.22,0.06,4.09,-23.35,-3.97,27.62,-1.07,-0.18,0.01,3
1915,24.54,5,-0.8140000000000001,-0.23,-0.16,0.51,314.15,29.66,14.85,0.1,-0.03,0.02,4.09,-34.94,-30.67,18.77,-0.45,0.34,0.86,3
1916,24.541999999999998,6,0.331,0.19,0.07,-0.92,233.45,23.89,-0.44,-0.75,-0.19,-0.09,4.09,17.55,-53.71,-65.61,0.06,-0.77,1.08,3
1917,24.546999999999997,4,-0.618,-0.04,-0.13,0.77,270.23,12.89,-9.05,-0.08,-0.05,0.03,4.09,21.82,-36.93,14.34,-0.27,-0.23,0.98,3
1918,24.549,7,-0.625,-0.01,0.19,0.76,271.02,-13.0,17.3,-0.48,-0.21,-0.02,0.0,-3.51,-11.44,-25.18,0.13,-0.21,1.11,3
1919,24.554000000000002,1,-0.65,0.44,-0.38,-0.49,65.84,67.91,-31.94,0.18,0.09,0.21,4.09,-25.33,-5.95,26.7,-1.37,-0.19,0.4,3
1920,24.558000000000003,3,-0.976,0.15,0.03,0.15,357.17,-6.33,-16.44,0.01,0.16,-0.04,4.09,-7.32,-8.09,24.57,0.2,-0.39,0.8,3
1921,24.644000000000002,2,0.17800000000000002,0.12,-0.26,-0.94,217.88,8.29,32.06,-0.09,-0.15,-0.08,4.09,51.88,-44.1,-41.81,-0.11,0.34,0.88,3
1922,24.646,0,-0.49,0.5,-0.38,-0.61,107.87,77.46,-10.13,-0.02,0.04,-0.04,4.09,-23.19,11.44,37.84,-0.94,-0.02,0.16,3
1923,24.649,5,-0.835,-0.2,-0.15,0.49,316.31,26.71,12.61,-0.06,0.03,0.01,4.09,-4.12,-28.38,-5.04,-0.43,0.16,0.91,3
1924,24.651,6,0.326,0.16,0.07,-0.93,232.55,20.41,-1.11,-0.03,0.69,-0.31,4.09,1.98,-32.35,5.95,0.26,0.42,0.88,3
1925,24.655,4,-0.616,-0.02,-0.11,0.78,269.98,9.83,-8.46,-0.18,-0.8,0.16,4.09,-18.16,-6.26,-79.8,-0.9,-0.53,0.93,3
1926,24.656999999999996,7,-0.6409999999999999,-0.01,0.15,0.75,273.62,-10.37,14.53,-0.36,-0.21,-0.03,0.0,-50.35,82.7,45.47,0.02,-0.09,1.01,3
1927,24.660999999999998,1,-0.645,0.47,-0.38,-0.47,58.42,68.22,-40.76,-0.01,0.25,-0.02,4.09,12.21,22.43,-18.31,-0.99,-0.23,-0.01,3
1928,24.662,3,-0.977,0.16,0.04,0.14,359.34,-6.87,-17.61,-0.0,0.11,-0.06,4.09,-14.34,-5.19,15.26,0.16,-0.39,0.81,3
1929,24.736,2,0.16899999999999998,0.11,-0.3,-0.93,216.46,5.73,36.3,-0.3,-0.09,-0.07,4.09,1.53,-7.17,58.14,0.15,0.4,0.9,3
1930,24.738000000000003,0,-0.457,0.51,-0.38,-0.62,123.67,79.08,2.87,-0.06,0.02,-0.08,4.09,-26.09,9.77,26.4,-0.9,0.08,0.18,3
1931,24.741999999999997,5,-0.8320000000000001,-0.19,-0.14,0.5,314.87,25.67,11.57,-0.06,-0.03,0.02,4.09,-9.16,-21.82,-14.04,-0.48,0.13,0.88,3
1932,24.744,6,0.32799999999999996,0.14,0.06,-0.93,232.56,17.66,-1.42,-0.35,0.29,-0.07,4.09,-2.75,-14.34,11.75,0.17,0.01,0.99,3
1933,24.748,4,-0.5870000000000001,-0.04,-0.17,0.79,265.49,14.81,-12.88,-0.21,-1.04,-0.17,4.09,-55.69,99.18,10.99,-1.06,-0.64,0.43,3
1934,24.75,7,-0.665,-0.04,0.09,0.74,277.49,-3.48,10.37,0.06,-0.1,0.03,0.0,-26.86,81.33,-15.72,-0.04,0.22,1.02,3
1935,24.754,1,-0.644,0.47,-0.38,-0.47,56.98,68.56,-41.92,0.02,-0.03,0.15,4.09,-3.51,-9.31,38.3,-1.05,-0.28,0.34,3
1936,24.755,3,-0.976,0.17,0.04,0.12,0.93,-7.0,-19.29,0.0,-0.08,-0.0,4.09,-19.23,-2.29,27.92,0.13,-0.26,0.96,3
1937,24.855999999999998,2,0.214,0.11,-0.25,-0.94,221.22,5.31,31.33,-0.33,-0.3,-0.06,4.09,-97.2,57.37,67.9,0.09,0.17,1.03,3
1938,24.859,0,-0.435,0.52,-0.38,-0.63,133.62,79.36,10.16,-0.04,-0.11,-0.03,4.09,-22.43,14.95,25.33,-0.92,0.07,0.28,3
1939,24.864,5,-0.8320000000000001,-0.18,-0.13,0.51,313.25,23.76,10.15,-0.05,-0.01,0.0,4.09,-2.44,-21.36,-11.9,-0.43,0.13,0.9,3
1940,24.866,6,0.335,0.12,0.05,-0.93,233.4,14.64,-0.87,-0.24,0.32,-0.16,4.09,1.22,-28.69,0.46,0.16,0.07,0.91,3
1941,24.871,4,-0.602,-0.08,-0.26,0.75,267.07,25.21,-18.89,-0.31,-0.07,0.14,4.09,-74.01,95.83,45.32,-0.42,-0.62,0.91,3
1942,24.873,7,-0.6509999999999999,-0.1,0.02,0.75,276.34,6.57,9.42,0.06,0.04,0.09,0.0,9.92,89.11,-36.32,-0.06,0.22,1.06,3
1943,24.879,1,-0.625,0.46,-0.4,-0.49,65.66,71.33,-34.15,-0.34,-0.05,-0.15,4.09,9.61,-0.31,22.58,-0.86,0.18,0.26,3
1944,24.881,3,-0.975,0.2,0.04,0.09,4.87,-6.25,-22.84,-0.03,-0.2,0.04,4.09,-35.25,-7.93,35.71,0.04,-0.16,1.06,3
1945,24.948,2,0.32,0.12,-0.16,-0.93,233.65,7.33,22.34,-0.38,0.13,-0.01,4.09,-96.28,83.62,110.93,0.24,0.29,0.99,3
1946,24.95,0,-0.41100000000000003,0.52,-0.38,-0.64,146.41,79.86,20.81,-0.03,0.23,0.12,4.09,3.66,-0.61,-13.43,-1.06,-0.06,0.1,3
1947,24.953000000000003,5,-0.8290000000000001,-0.17,-0.12,0.52,311.97,22.17,9.8,-0.05,0.02,0.01,4.09,4.58,-8.24,0.15,-0.4,0.12,0.92,3
1948,24.955,7,-0.628,-0.16,-0.01,0.76,274.4,14.63,10.78,-0.19,0.25,-0.34,0.0,15.72,66.22,-21.36,0.1,-0.01,0.73,3
1949,24.96,4,-0.622,-0.1,-0.32,0.71,269.79,32.32,-23.18,0.08,0.82,-0.28,4.09,-18.92,4.58,-44.71,0.27,-0.06,1.08,3
1950,24.961,3,-0.972,0.22,0.04,0.08,6.08,-6.47,-24.85,0.12,-0.05,0.08,4.09,-21.51,-5.95,7.78,0.23,-0.36,1.0,3
1951,24.965,2,0.409,0.13,-0.08,-0.9,244.05,9.5,14.23,-0.06,0.28,-0.29,4.09,-77.51,4.73,42.27,0.12,0.29,0.69,3
1952,24.967,6,0.33799999999999997,0.09,0.04,-0.94,233.7,10.65,-0.54,-0.22,0.29,-0.1,4.09,0.61,-36.01,19.23,0.19,0.1,0.95,3
1953,25.043000000000003,1,-0.625,0.45,-0.4,-0.49,66.7,71.72,-32.45,-0.29,-0.17,-0.07,4.09,11.29,-3.66,-1.83,-0.91,0.15,0.42,3
1954,25.045,0,-0.419,0.53,-0.37,-0.64,135.39,79.86,9.2,-0.12,0.04,-0.02,4.09,-6.41,-17.85,-24.87,-0.91,0.15,0.2,3
1955,25.048000000000002,5,-0.8270000000000001,-0.17,-0.11,0.52,311.33,21.45,10.02,-0.04,0.07,0.01,4.09,7.48,1.07,-1.07,-0.34,0.12,0.94,3
1956,25.05,6,0.33899999999999997,0.05,0.01,-0.94,233.83,5.99,0.76,-0.32,0.35,-0.15,4.09,7.63,-40.13,-14.19,0.38,0.04,0.9,3
1957,25.054000000000002,4,-0.5870000000000001,-0.07,-0.28,0.75,264.53,26.03,-22.69,1.01,1.06,-0.48,4.09,80.87,-79.5,178.53,0.24,0.98,1.59,3
1958,25.057,7,-0.618,-0.19,-0.02,0.76,274.19,18.59,12.46,-0.25,0.48,-0.38,0.0,17.4,-7.17,8.09,0.29,-0.02,0.8,3
1959,25.061,1,-0.627,0.44,-0.41,-0.49,70.02,71.78,-28.06,-0.16,-0.07,-0.08,4.09,9.31,-5.04,4.58,-0.87,0.06,0.25,3
1960,25.063000000000002,3,-0.9690000000000001,0.23,0.05,0.06,8.72,-7.55,-26.82,-0.01,0.01,-0.11,4.09,-27.92,-35.25,54.93,0.08,-0.39,0.77,3
1961,25.155,2,0.447,0.13,-0.05,-0.88,248.81,10.31,12.14,0.75,0.19,1.28,4.09,70.5,-5.34,-49.9,-0.77,0.91,1.85,3
1962,25.156999999999996,0,-0.441,0.52,-0.34,-0.64,119.82,77.42,-6.57,-0.1,-0.1,0.01,4.09,5.04,-24.11,3.51,-0.96,0.03,0.35,3
1963,25.160999999999998,5,-0.826,-0.17,-0.11,0.53,310.91,20.82,10.34,-0.04,0.04,0.01,4.09,8.24,-10.38,-3.51,-0.35,0.12,0.95,3
1964,25.163,6,0.322,0.01,-0.02,-0.95,231.65,0.57,2.22,-0.41,0.24,0.06,4.09,26.7,-36.62,-6.71,0.47,-0.03,1.08,3
1965,25.166999999999998,4,-0.626,-0.08,-0.26,0.73,270.95,25.83,-18.29,-0.29,-0.05,0.02,4.09,-11.6,-23.35,0.92,-0.41,-0.58,0.79,3
1966,25.169,7,-0.635,-0.18,-0.01,0.75,276.6,16.48,13.72,-0.41,0.14,0.34,0.0,13.58,-19.23,30.21,-0.08,0.07,1.05,3
1967,25.173000000000002,2,0.435,0.14,-0.07,-0.89,247.78,10.94,15.0,-0.29,0.06,-0.1,4.09,14.8,-37.08,3.05,0.0,0.09,0.97,3
1968,25.175,3,-0.963,0.26,0.06,0.03,13.2,-7.87,-30.21,-0.08,-0.07,0.05,4.09,-23.65,-30.36,17.09,0.07,-0.48,0.91,3
1969,25.246,1,-0.637,0.44,-0.39,-0.5,70.04,69.46,-28.6,-0.21,-0.24,-0.04,4.09,0.46,-23.35,-20.14,-0.89,0.08,0.52,3
1970,25.248,0,-0.44799999999999995,0.52,-0.33,-0.64,116.89,76.35,-9.65,-0.18,0.17,-0.07,4.09,7.78,-8.09,-15.56,-0.94,0.16,0.15,3
1971,25.252,5,-0.8270000000000001,-0.16,-0.1,0.53,310.57,19.36,10.07,-0.03,0.08,0.01,4.09,-9.46,-10.68,6.87,-0.29,0.09,0.98,3
1972,25.253,6,0.33399999999999996,-0.01,-0.04,-0.94,233.0,-2.7,4.44,-0.06,0.44,0.09,4.09,22.58,-22.13,3.81,0.41,0.37,1.04,3
1973,25.258000000000003,4,-0.626,-0.08,-0.24,0.74,271.02,24.64,-16.62,0.09,-0.07,0.0,4.09,10.83,-16.33,-6.41,-0.5,-0.2,0.86,3
1974,25.26,7,-0.647,-0.17,0.02,0.74,277.81,12.99,14.55,0.2,-0.07,0.27,0.0,14.5,-30.36,-39.37,-0.29,0.35,1.15,3
1975,25.264,1,-0.649,0.44,-0.38,-0.5,68.23,67.39,-30.38,-0.31,-0.13,0.06,4.09,-5.65,6.56,-8.7,-1.31,0.11,0.48,3
1976,25.265,3,-0.9520000000000001,0.3,0.08,0.01,15.43,-8.84,-34.73,-0.03,0.11,0.12,4.09,-57.98,-16.17,43.95,0.11,-0.67,0.85,3
1977,25.363000000000003,2,0.419,0.14,-0.09,-0.89,245.75,9.72,16.28,-0.22,0.02,-0.11,4.09,25.48,-6.26,-14.95,0.03,0.1,0.9,3
1978,25.365,0,-0.465,0.52,-0.33,-0.63,108.38,76.07,-16.46,-0.09,0.17,0.06,4.09,10.53,4.58,-33.11,-1.07,0.08,0.12,3
1979,25.374000000000002,5,-0.833,-0.16,-0.09,0.52,311.43,18.69,9.92,-0.03,-0.08,0.04,4.09,-0.15,-21.67,2.14,-0.41,0.17,0.94,3
1980,25.375999999999998,7,-0.639,-0.16,0.04,0.75,276.5,11.19,15.94,-0.09,0.08,0.01,0.0,5.04,-11.9,25.18,-0.12,0.18,0.98,3
1981,25.38,4,-0.629,-0.07,-0.23,0.74,271.52,22.55,-16.03,-0.03,0.0,0.01,4.09,10.53,-9.31,-8.54,-0.38,-0.33,0.88,3
1982,25.381999999999998,3,-0.9520000000000001,0.3,0.05,-0.01,16.52,-5.11,-35.27,-0.06,-0.2,-0.07,4.09,27.77,76.14,-51.12,0.09,-0.48,0.85,3
1983,25.386,1,-0.62,0.44,-0.4,-0.5,72.77,71.79,-26.82,-0.77,0.17,-0.27,4.09,1.37,24.57,29.75,-0.88,0.64,-0.01,3
1984,25.388,6,0.33399999999999996,-0.01,-0.06,-0.94,232.94,-3.74,6.13,-0.07,0.21,0.76,4.09,11.9,8.54,-5.95,0.29,0.28,1.72,3
1985,25.441,5,-0.85,-0.18,-0.08,0.49,316.25,17.99,13.34,-0.44,-0.53,0.56,4.09,65.46,98.88,128.63,-1.13,0.14,1.25,3
1986,25.443,0,-0.48700000000000004,0.53,-0.33,-0.61,94.83,75.47,-28.36,-0.01,0.05,-0.06,4.09,9.0,2.44,-25.48,-0.92,-0.07,0.18,3
1987,25.447,4,-0.625,-0.07,-0.22,0.75,271.0,21.88,-15.36,0.0,0.0,0.01,4.09,-1.22,2.14,-9.77,-0.38,-0.33,0.87,3
1988,25.448,6,0.32299999999999995,0.02,-0.06,-0.94,231.76,-0.11,7.4,-0.3,0.39,-0.06,4.09,8.24,32.65,-37.69,0.48,0.23,0.93,3
1989,25.451999999999998,5,-0.8740000000000001,-0.27,-0.13,0.38,332.31,25.59,24.22,-0.33,-0.29,-0.25,4.09,28.53,99.18,-25.63,-0.73,0.19,0.47,3
1990,25.453000000000003,7,-0.645,-0.16,0.05,0.75,277.23,9.88,16.74,-0.2,0.0,-0.05,0.0,3.97,-15.26,14.34,-0.13,0.09,0.96,3
1991,25.458000000000002,4,-0.621,-0.06,-0.22,0.75,270.28,21.65,-15.93,-0.08,-0.11,-0.0,4.09,10.22,-16.17,-7.48,-0.42,-0.3,0.85,3
1992,25.459,3,-0.963,0.27,0.0,0.04,9.79,-1.35,-30.83,0.08,0.12,-0.04,4.09,68.36,38.91,12.05,0.1,-0.58,0.77,3
1993,25.539,1,-0.611,0.48,-0.41,-0.49,60.09,73.26,-40.72,-0.14,-0.01,-0.01,4.09,-19.07,3.2,-25.63,-0.97,-0.05,0.24,3
1994,25.541,0,-0.501,0.54,-0.32,-0.6,86.37,74.79,-35.66,-0.15,-0.03,-0.02,4.09,9.31,14.34,-29.45,-0.95,-0.02,0.29,3
1995,25.546,5,-0.85,-0.29,-0.21,0.39,332.31,34.98,23.6,0.1,0.21,-0.18,4.09,-51.27,69.27,-65.77,-0.23,0.23,0.78,3
1996,25.546999999999997,6,0.312,0.06,-0.05,-0.95,230.82,4.86,7.99,-0.2,0.05,-0.05,4.09,6.41,52.95,-1.98,0.11,0.05,1.0,3
1997,25.551,4,-0.621,-0.06,-0.21,0.75,270.39,20.22,-15.22,-0.07,-0.04,0.0,4.09,4.88,-3.66,0.0,-0.36,-0.3,0.88,3
1998,25.553,7,-0.649,-0.15,0.06,0.74,277.56,8.28,17.1,-0.25,-0.01,-0.01,0.0,4.43,-8.85,5.65,-0.12,0.04,1.01,3
1999,25.557,1,-0.609,0.49,-0.4,-0.48,54.96,72.65,-47.17,-0.16,-0.05,-0.08,4.09,-12.51,2.9,-16.78,-0.91,-0.04,0.23,3
2000,25.559,3,-0.975,0.22,-0.02,0.04,8.66,0.68,-25.05,0.09,0.08,-0.06,4.09,25.33,11.14,-37.38,0.09,-0.45,0.81,3
2001,25.643,2,0.34,0.15,-0.15,-0.92,236.76,9.95,22.41,-0.21,-0.02,-0.04,4.09,11.6,-5.49,-12.51,-0.03,0.24,0.95,3
2002,25.645,0,-0.516,0.55,-0.32,-0.57,74.25,74.33,-46.06,-0.02,-0.04,-0.01,4.09,10.38,20.29,-18.46,-0.97,-0.17,0.23,3
2003,25.649,5,-0.848,-0.23,-0.27,0.39,329.14,39.35,13.98,0.5,0.53,-0.19,4.09,-80.72,-10.38,16.94,0.06,0.29,1.09,3
2004,25.65,6,0.32299999999999995,0.12,-0.04,-0.94,232.92,11.51,8.54,-0.29,0.18,0.13,4.09,-5.49,95.67,23.5,0.09,0.11,1.16,3
2005,25.654,4,-0.625,-0.05,-0.2,0.75,271.03,19.69,-14.82,0.01,-0.0,0.01,4.09,1.07,-3.51,0.92,-0.35,-0.29,0.9,3
2006,25.655,7,-0.659,-0.15,0.07,0.73,278.92,6.88,17.61,-0.13,-0.01,-0.05,0.0,7.48,-12.21,17.24,-0.11,0.15,0.94,3
2007,25.66,1,-0.602,0.5,-0.38,-0.49,54.82,72.2,-49.46,-0.28,-0.1,-0.02,4.09,-21.21,-7.48,-6.56,-0.97,0.06,0.3,3
2008,25.662,3,-0.972,0.22,-0.0,0.08,5.1,-1.87,-25.67,-0.01,0.17,0.07,4.09,7.78,-37.08,-17.7,0.03,-0.55,0.93,3
2009,25.750999999999998,2,0.32899999999999996,0.15,-0.16,-0.92,235.49,9.6,23.73,-0.22,-0.04,-0.01,4.09,12.82,-3.05,-22.28,-0.0,0.24,0.97,3
2010,25.753,0,-0.524,0.56,-0.33,-0.55,65.19,74.23,-53.8,0.0,-0.04,0.09,4.09,5.95,10.38,-4.73,-1.03,-0.25,0.22,3
2011,25.756,5,-0.868,-0.2,-0.25,0.38,330.16,35.88,10.56,-0.03,0.46,0.03,4.09,-6.1,-45.93,118.1,-0.41,-0.26,0.89,3
2012,25.759,6,0.34700000000000003,0.2,-0.0,-0.92,237.2,21.07,8.88,-0.45,0.15,-0.15,4.09,-21.21,97.05,49.59,0.16,-0.04,0.92,3
2013,25.763,4,-0.626,-0.05,-0.2,0.75,271.1,19.71,-14.67,0.02,-0.0,0.0,4.09,-5.65,3.2,-0.46,-0.34,-0.21,0.91,3
2014,25.765,7,-0.67,-0.14,0.08,0.72,280.43,5.32,18.02,-0.2,0.0,-0.03,0.0,1.68,-9.16,37.69,-0.07,0.11,0.97,3
2015,25.77,1,-0.596,0.51,-0.37,-0.5,57.68,71.37,-49.12,-0.07,-0.04,-0.03,4.09,-24.57,-18.92,-4.58,-0.93,-0.19,0.27,3
2016,25.771,3,-0.975,0.21,0.02,0.06,7.47,-3.68,-24.54,-0.18,-0.12,0.16,4.09,-5.19,7.78,-16.02,-0.1,-0.37,1.04,3
2017,25.846,5,-0.9059999999999999,-0.19,-0.22,0.31,340.72,31.38,13.8,-0.01,-0.03,0.15,4.09,-18.46,-18.31,18.77,-0.64,0.08,0.89,3
2018,25.846999999999998,6,0.401,0.25,0.03,-0.88,245.49,28.41,9.38,-0.35,0.4,-0.4,4.09,-25.79,55.39,66.22,0.18,0.1,0.78,3
2019,25.853,4,-0.629,-0.05,-0.2,0.75,271.65,19.36,-14.44,-0.06,-0.03,-0.0,4.09,12.36,-12.66,6.71,-0.34,-0.28,0.9,3
2020,25.854,0,-0.519,0.56,-0.34,-0.55,63.95,75.12,-54.98,-0.13,-0.01,-0.09,4.09,-9.31,2.44,16.33,-0.9,-0.07,0.18,3
2021,25.859,2,0.31,0.15,-0.18,-0.92,233.57,10.12,25.32,-0.42,-0.18,-0.04,4.09,14.19,-12.21,-19.23,0.04,0.05,1.04,3
2022,25.872,7,-0.7,-0.13,0.09,0.7,284.7,2.89,17.68,-0.13,-0.02,-0.02,0.0,-7.17,-12.36,44.4,-0.04,0.15,0.96,3
2023,25.88,2,0.3,0.15,-0.19,-0.92,232.3,9.6,26.34,-0.27,-0.13,-0.08,4.09,23.8,-8.24,-16.33,-0.05,0.13,0.99,3
2024,25.881999999999998,3,-0.972,0.22,0.02,0.09,4.79,-3.95,-24.8,-0.0,0.14,-0.05,4.09,14.04,-15.41,3.81,0.12,-0.51,0.8,3
2025,25.96,5,-0.915,-0.17,-0.2,0.31,340.13,27.9,12.5,0.02,0.01,0.0,4.09,-10.38,-37.08,-10.99,-0.44,0.2,0.88,3
2026,25.962,0,-0.49700000000000005,0.56,-0.34,-0.57,72.66,76.99,-48.56,-0.07,-0.06,-0.05,4.09,-33.87,-8.54,42.88,-0.9,-0.1,0.23,3
2027,25.965999999999998,1,-0.583,0.52,-0.34,-0.53,65.16,70.09,-45.98,-0.06,-0.18,-0.05,4.09,-40.13,-27.77,28.69,-0.85,-0.19,0.4,3
2028,25.968000000000004,6,0.452,0.26,0.06,-0.85,252.51,30.25,9.18,-0.25,0.51,-0.4,4.09,-30.52,-0.92,55.24,0.18,0.18,0.79,3
2029,25.971999999999998,4,-0.638,-0.05,-0.19,0.75,273.04,18.28,-13.13,-0.06,-0.05,0.0,4.09,13.28,-17.24,10.38,-0.35,-0.28,0.9,3
2030,25.973000000000003,7,-0.723,-0.1,0.1,0.68,287.93,-0.59,16.66,-0.13,0.09,-0.02,0.0,-10.99,-30.67,25.63,0.05,0.16,0.96,3
2031,25.978,2,0.3,0.15,-0.2,-0.92,232.5,9.32,27.9,-0.29,-0.11,0.03,4.09,32.35,13.58,2.29,0.0,0.19,1.03,3
2032,25.98,3,-0.977,0.2,0.04,0.06,7.84,-5.44,-23.17,-0.04,0.01,0.04,4.09,16.94,-16.33,29.14,0.07,-0.42,0.94,3
2033,26.046,5,-0.9229999999999999,-0.15,-0.18,0.3,340.11,25.46,10.58,-0.05,0.01,0.0,4.09,-17.09,-23.35,4.58,-0.47,0.12,0.88,3
2034,26.048000000000002,0,-0.44,0.55,-0.34,-0.62,104.86,80.11,-22.0,-0.24,-0.08,0.03,4.09,-74.31,-7.63,55.24,-1.04,0.19,0.35,3
2035,26.051,1,-0.5539999999999999,0.52,-0.32,-0.57,77.6,70.73,-38.5,-0.14,-0.22,-0.03,4.09,-34.33,-15.41,45.62,-0.87,-0.1,0.49,3
2036,26.053,6,0.473,0.23,0.06,-0.85,254.11,26.91,7.22,0.21,0.71,0.92,4.09,-9.0,-9.46,0.0,-0.37,0.65,1.57,3
2037,26.057,4,-0.649,-0.05,-0.17,0.74,274.81,16.66,-11.2,-0.02,-0.03,0.01,4.09,24.26,-23.65,7.48,-0.33,-0.25,0.93,3
2038,26.059,7,-0.728,-0.07,0.13,0.67,288.11,-5.24,15.58,-0.06,0.01,0.04,0.0,-8.85,-62.1,23.8,0.11,0.23,1.0,3
2039,26.063000000000002,1,-0.521,0.51,-0.32,-0.61,93.35,71.77,-26.6,0.02,-0.14,0.03,4.09,-18.46,-7.78,45.17,-1.05,-0.13,0.46,3
2040,26.065,3,-0.98,0.19,0.05,0.03,11.75,-5.83,-21.68,0.11,0.2,-0.15,4.09,22.13,-32.35,50.05,0.2,-0.52,0.72,3
2041,26.148000000000003,2,0.312,0.17,-0.23,-0.91,234.71,9.3,31.7,-0.37,-0.03,-0.16,4.09,44.4,5.04,12.66,0.12,0.26,0.87,3
2042,26.149,0,-0.392,0.57,-0.32,-0.65,119.52,81.26,-14.13,0.03,0.06,-0.12,4.09,-65.0,9.16,21.67,-0.92,-0.04,0.09,3
2043,26.153000000000002,5,-0.927,-0.13,-0.16,0.31,338.94,22.7,8.92,-0.04,0.13,-0.02,4.09,-6.26,-14.8,14.04,-0.34,0.02,0.93,3
2044,26.155,6,0.46,0.19,0.06,-0.86,250.96,22.78,4.41,-0.43,0.17,-0.26,4.09,4.43,-47.15,-24.72,0.03,-0.31,0.89,3
2045,26.160999999999998,4,-0.6559999999999999,-0.05,-0.13,0.74,276.2,14.22,-6.84,-0.11,-0.07,0.07,4.09,64.85,-29.45,9.92,-0.32,-0.28,1.0,3
2046,26.163,7,-0.722,-0.04,0.16,0.67,286.78,-10.05,15.77,-0.32,-0.12,-0.03,0.0,5.04,-21.82,-12.05,0.05,-0.06,1.0,3
2047,26.166,2,0.326,0.16,-0.27,-0.89,236.19,6.46,35.55,0.0,0.24,0.19,4.09,48.22,-1.53,16.48,0.04,0.85,0.85,3
2048,26.168000000000003,3,-0.9840000000000001,0.17,0.07,-0.02,17.79,-7.22,-19.44,0.14,0.1,-0.08,4.09,13.43,-33.26,31.13,0.27,-0.43,0.76,3
2049,26.255,1,-0.511,0.53,-0.31,-0.6,88.26,72.97,-33.49,-0.04,-0.0,0.0,4.09,-25.02,21.36,-11.75,-0.99,-0.13,0.21,3
2050,26.256999999999998,0,-0.353,0.59,-0.29,-0.66,127.55,82.18,-12.14,-0.02,0.13,-0.02,4.09,-48.52,6.1,9.16,-0.98,0.01,0.02,3
2051,26.261,5,-0.934,-0.13,-0.16,0.29,341.3,21.88,9.62,-0.04,-0.07,0.01,4.09,3.36,-18.92,10.99,-0.43,0.18,0.9,3
2052,26.263,6,0.461,0.16,0.04,-0.87,250.42,18.57,4.22,-0.06,0.38,-0.08,4.09,5.04,-31.74,16.94,0.04,0.26,0.96,3
2053,26.267,4,-0.633,-0.07,-0.09,0.77,272.83,12.84,-2.85,-0.94,-0.77,0.45,4.09,-54.02,102.23,-168.15,-0.72,-0.96,1.03,3
2054,26.269000000000002,7,-0.733,-0.03,0.15,0.66,288.54,-10.28,14.45,-0.48,-0.23,-0.07,0.0,-25.48,46.54,25.33,-0.1,-0.21,1.01,3
2055,26.272,1,-0.494,0.55,-0.31,-0.6,82.63,74.32,-41.65,-0.18,-0.04,0.02,4.09,-24.11,5.49,12.05,-0.98,-0.03,0.29,3
2056,26.274,3,-0.98,0.16,0.09,-0.06,22.83,-9.41,-19.49,-0.02,-0.11,0.07,4.09,12.36,-30.52,27.77,0.2,-0.26,1.0,3
2057,26.349,5,-0.937,-0.14,-0.14,0.29,341.7,20.31,10.63,-0.04,0.02,0.01,4.09,14.95,-0.61,10.38,-0.42,0.17,0.89,3
2058,26.351,0,-0.316,0.61,-0.28,-0.68,141.16,83.55,-3.1,-0.06,0.0,-0.07,4.09,-36.77,5.04,16.48,-0.92,0.04,0.14,3
2059,26.354,2,0.32,0.16,-0.32,-0.88,235.81,4.65,41.44,-0.21,-0.21,-0.38,4.09,-10.83,3.05,13.58,-0.06,0.16,0.66,3
2060,26.355999999999998,6,0.46,0.13,0.03,-0.88,249.96,15.28,4.17,-0.32,0.35,-0.05,4.09,9.92,-17.7,-4.27,0.14,-0.04,1.03,3
2061,26.36,4,-0.63,-0.07,-0.19,0.75,272.04,19.81,-11.87,-0.98,-0.36,-0.31,4.09,-148.16,2.14,187.68,-0.39,-1.11,0.39,3
2062,26.362,7,-0.768,-0.04,0.09,0.63,294.65,-5.18,10.69,-0.08,-0.19,0.11,0.0,-21.82,93.84,51.73,-0.12,0.23,1.12,3
2063,26.366999999999997,1,-0.474,0.56,-0.3,-0.61,85.21,75.68,-41.44,-0.33,0.07,-0.08,4.09,-7.78,-5.04,10.07,-0.94,0.18,0.25,3
2064,26.369,3,-0.977,0.15,0.12,-0.1,27.15,-11.94,-18.8,0.02,0.0,0.05,4.09,4.88,-25.18,33.26,0.22,-0.29,0.95,3
2065,26.447,2,0.40299999999999997,0.17,-0.28,-0.85,245.97,3.82,38.44,-0.41,-0.14,-0.19,4.09,-77.06,90.94,152.89,0.11,0.25,0.91,3
2066,26.449,0,-0.292,0.61,-0.27,-0.69,152.64,83.56,5.23,-0.19,-0.01,-0.02,4.09,-26.7,5.04,16.17,-0.97,0.15,0.24,3
2067,26.453000000000003,5,-0.938,-0.14,-0.13,0.29,342.07,19.13,11.64,0.01,0.13,0.0,4.09,6.87,-3.2,8.24,-0.25,0.09,0.98,3
2068,26.454,6,0.457,0.12,0.02,-0.88,249.48,13.0,4.84,-0.13,0.26,-0.04,4.09,9.92,-12.66,4.12,0.06,0.12,0.99,3
2069,26.459,4,-0.736,-0.01,-0.29,0.61,289.35,25.81,-21.68,-0.25,0.26,0.05,4.09,-159.45,11.6,160.37,-0.24,-0.64,0.89,3
2070,26.461,7,-0.7809999999999999,-0.1,0.03,0.62,297.94,4.42,10.63,-0.07,-0.01,0.06,0.0,13.89,112.15,-10.83,-0.09,0.1,1.01,3
2071,26.464000000000002,1,-0.473,0.56,-0.3,-0.61,84.23,75.4,-43.08,-0.29,-0.06,-0.07,4.09,2.44,-9.31,-10.68,-0.91,0.07,0.36,3
2072,26.465999999999998,3,-0.97,0.15,0.14,-0.13,31.35,-13.49,-19.86,-0.11,-0.12,0.03,4.09,0.31,-33.42,42.11,0.16,-0.16,1.05,3
2073,26.552,2,0.542,0.18,-0.2,-0.8,263.48,3.64,30.65,-0.23,0.25,0.08,4.09,-101.93,97.66,144.96,0.23,0.5,0.99,3
2074,26.554000000000002,0,-0.275,0.62,-0.26,-0.69,158.27,83.78,8.45,-0.2,-0.05,0.04,4.09,-30.21,3.05,0.0,-1.01,0.12,0.28,3
2075,26.557,5,-0.938,-0.15,-0.13,0.28,342.42,18.82,12.93,-0.01,-0.02,0.01,4.09,11.29,-2.44,5.8,-0.32,0.2,0.93,3
2076,26.559,6,0.46,0.1,-0.0,-0.88,249.56,9.76,5.78,-0.2,0.22,-0.1,4.09,20.14,-27.92,10.07,0.14,0.05,0.94,3
2077,26.564,4,-0.835,0.02,-0.34,0.43,312.15,33.18,-23.25,0.54,0.53,0.08,4.09,-83.16,-26.7,259.7,0.08,-0.32,1.29,3
2078,26.565,7,-0.7709999999999999,-0.16,-0.04,0.61,298.48,14.81,12.06,-0.16,0.26,-0.26,0.0,13.58,70.65,-9.46,0.06,-0.03,0.75,3
2079,26.569000000000003,1,-0.48200000000000004,0.57,-0.29,-0.61,82.22,73.71,-45.27,-0.24,-0.16,-0.09,4.09,-9.31,-16.94,-15.56,-0.85,-0.02,0.43,3
2080,26.570999999999998,3,-0.9640000000000001,0.15,0.16,-0.14,34.02,-15.69,-20.83,0.03,0.01,-0.06,4.09,-7.93,-29.3,26.55,0.27,-0.32,0.89,3
2081,26.656,2,0.632,0.16,-0.11,-0.75,275.4,6.09,21.2,-0.43,0.04,-0.13,4.09,-92.01,22.28,28.23,-0.0,-0.12,1.1,3
2082,26.658,0,-0.261,0.62,-0.24,-0.7,154.5,83.64,1.67,-0.22,-0.07,-0.08,4.09,-27.01,-3.2,-0.46,-0.9,0.12,0.3,3
2083,26.663,5,-0.938,-0.16,-0.12,0.29,342.44,18.01,14.13,-0.06,0.01,0.01,4.09,18.62,-18.62,-3.36,-0.33,0.23,0.93,3
2084,26.665,6,0.46,0.07,-0.04,-0.88,249.38,4.97,7.62,-0.14,0.18,-0.12,4.09,22.28,-49.13,14.19,0.16,0.11,0.9,3
2085,26.669,4,-0.895,0.01,-0.34,0.29,332.64,36.63,-15.97,0.57,0.31,-0.34,4.09,-15.41,-12.21,21.82,0.1,-0.03,0.86,3
2086,26.671,7,-0.772,-0.18,-0.06,0.61,299.65,17.92,12.65,0.16,0.35,-0.27,0.0,-4.43,-7.93,23.04,0.15,0.24,0.75,3
2087,26.675,1,-0.48700000000000004,0.57,-0.26,-0.61,82.15,71.46,-46.83,-0.3,-0.21,-0.08,4.09,-10.99,-18.01,-12.51,-0.86,-0.04,0.54,3
2088,26.677,3,-0.9540000000000001,0.16,0.18,-0.17,37.58,-17.26,-23.14,-0.07,-0.12,-0.09,4.09,-25.94,-32.2,46.69,0.26,-0.23,0.84,3
2089,26.752,2,0.67,0.13,-0.07,-0.73,280.05,5.22,15.99,-0.25,-0.04,-0.1,4.09,-35.4,-21.97,29.6,-0.1,0.01,0.93,3
2090,26.754,0,-0.249,0.62,-0.22,-0.71,154.82,82.27,-0.63,-0.19,0.21,0.02,4.09,-18.46,-8.39,-12.97,-1.07,0.31,0.05,3
2091,26.758000000000003,5,-0.938,-0.17,-0.1,0.29,341.9,16.29,15.3,-0.02,0.03,0.01,4.09,12.21,-19.23,0.31,-0.28,0.2,0.94,3
2092,26.761,6,0.48200000000000004,0.03,-0.08,-0.87,251.74,-1.3,9.78,-0.2,0.15,0.07,4.09,31.89,-42.27,36.16,0.28,0.13,1.01,3
2093,26.767,4,-0.9009999999999999,0.02,-0.3,0.31,331.73,32.33,-15.1,0.93,0.36,-0.25,4.09,33.11,-75.99,-12.51,0.22,0.43,1.24,3
2094,26.769000000000002,7,-0.79,-0.17,-0.04,0.59,302.3,14.76,13.18,-0.06,-0.08,0.04,0.0,32.96,-30.06,15.87,-0.24,0.18,0.81,3
2095,26.773000000000003,1,-0.478,0.57,-0.26,-0.62,85.17,71.45,-45.55,-0.43,-0.15,0.11,4.09,-16.33,25.94,22.43,-1.21,0.03,0.55,3
2096,26.776999999999997,3,-0.934,0.2,0.22,-0.2,43.63,-18.89,-28.99,0.08,0.25,-0.26,4.09,-64.24,-50.51,34.48,0.2,-0.61,0.5,3
2097,26.873,2,0.684,0.11,-0.08,-0.72,281.78,3.06,15.44,0.27,-0.23,0.18,4.09,50.05,4.58,-4.27,-0.39,0.6,1.19,3
2098,26.877,0,-0.259,0.63,-0.19,-0.71,132.94,81.45,-24.14,-0.01,-0.0,0.09,4.09,-14.19,2.9,-37.23,-1.07,-0.12,0.1,3
2099,26.881999999999998,5,-0.9390000000000001,-0.17,-0.08,0.29,341.97,14.04,16.48,-0.06,0.01,0.05,4.09,18.01,-18.92,21.06,-0.28,0.21,0.99,3
2100,26.884,6,0.495,0.01,-0.12,-0.86,253.25,-6.26,12.85,0.08,0.32,0.2,4.09,23.65,-27.47,-12.82,0.35,0.44,1.06,3
2101,26.886999999999997,4,-0.903,0.02,-0.26,0.34,329.3,27.34,-13.43,0.1,-0.32,0.08,4.09,-6.87,-37.84,3.66,-0.56,-0.32,0.74,3
2102,26.889,7,-0.8,-0.16,0.0,0.58,303.64,10.24,15.3,0.06,-0.04,0.26,0.0,9.61,-47.61,13.73,-0.16,0.36,1.22,3
2103,26.894000000000002,1,-0.43,0.59,-0.29,-0.62,82.97,78.1,-49.95,-0.39,0.36,-0.07,4.09,-14.95,34.18,22.89,-1.01,0.34,-0.0,3
2104,26.895,3,-0.9059999999999999,0.26,0.26,-0.21,47.53,-20.82,-38.48,0.01,0.31,0.6,4.09,-98.72,-29.3,1.37,0.4,-1.25,1.11,3
2105,26.963,2,0.6659999999999999,0.16,-0.09,-0.72,280.26,6.13,19.68,0.18,0.4,-0.16,4.09,47.91,-1.37,-2.59,0.17,0.61,0.74,3
2106,26.964000000000002,6,0.506,0.02,-0.13,-0.85,254.65,-6.14,14.22,0.07,0.14,-0.06,4.09,14.5,44.86,44.56,0.18,0.36,0.87,3
2107,26.968000000000004,5,-0.946,-0.22,-0.06,0.23,349.59,12.06,23.91,-1.19,-0.39,0.97,4.09,88.5,68.21,151.21,-1.73,0.52,1.59,3
2108,26.97,0,-0.267,0.64,-0.17,-0.7,117.81,80.58,-40.19,0.03,0.03,0.08,4.09,-3.2,-3.97,-15.56,-1.06,-0.09,0.09,3
2109,26.974,4,-0.905,0.01,-0.24,0.35,329.08,25.71,-12.4,0.02,-0.15,0.01,4.09,6.41,1.22,-24.72,-0.53,-0.08,0.86,3
2110,26.975,7,-0.815,-0.15,0.04,0.56,305.94,6.07,16.45,-0.11,-0.13,-0.02,0.0,4.27,-28.69,39.06,-0.26,0.22,0.94,3
2111,26.98,2,0.638,0.19,-0.11,-0.74,277.43,7.7,24.12,-0.19,-0.01,-0.05,4.09,49.9,18.31,3.97,-0.11,0.31,0.86,3
2112,26.982,3,-0.8909999999999999,0.31,0.23,-0.25,50.81,-14.6,-42.69,-0.5,-0.51,-0.37,4.09,75.23,102.54,10.22,0.1,-0.01,0.88,3
2113,27.07,1,-0.41200000000000003,0.61,-0.29,-0.61,71.9,79.89,-62.56,-0.22,0.01,0.03,4.09,-32.81,16.94,-6.1,-1.01,0.02,0.17,3
2114,27.072,0,-0.281,0.64,-0.16,-0.7,113.19,79.2,-44.16,-0.1,0.08,-0.07,4.09,5.95,-7.78,-19.53,-0.93,-0.01,0.18,3
2115,27.075,5,-0.932,-0.31,-0.15,0.13,4.96,20.41,34.86,-0.34,-0.32,-0.75,4.09,23.04,126.5,-85.75,-0.48,0.25,-0.06,3
2116,27.076999999999998,6,0.515,0.06,-0.13,-0.84,256.56,-1.46,16.63,-0.14,0.09,0.15,4.09,11.44,57.22,-13.58,0.19,0.19,1.15,3
2117,27.081999999999997,4,-0.9079999999999999,0.02,-0.23,0.35,329.43,23.77,-12.67,0.0,0.0,0.01,4.09,-1.68,-21.82,11.29,-0.4,-0.19,0.9,3
2118,27.083000000000002,7,-0.825,-0.14,0.06,0.54,307.67,2.81,17.13,-0.1,-0.01,0.05,0.0,6.1,-30.52,14.19,-0.09,0.23,1.05,3
2119,27.087,1,-0.39899999999999997,0.63,-0.27,-0.61,64.49,79.37,-72.85,-0.28,-0.07,-0.09,4.09,-16.94,0.15,-13.58,-0.94,0.01,0.27,3
2120,27.089000000000002,3,-0.9359999999999999,0.25,0.13,-0.2,40.83,-8.27,-32.43,0.06,0.0,0.02,4.09,117.8,120.7,-40.89,0.22,-0.58,0.86,3
2121,27.171,2,0.63,0.19,-0.14,-0.74,276.41,6.03,27.13,-0.22,-0.0,0.08,4.09,0.15,-21.51,-0.31,-0.07,0.34,1.04,3
2122,27.173000000000002,0,-0.303,0.64,-0.15,-0.69,101.24,77.24,-55.06,-0.06,0.17,0.04,4.09,11.75,11.29,-52.95,-1.04,-0.02,0.07,3
2123,27.177,5,-0.914,-0.27,-0.26,0.15,5.45,33.92,30.63,-0.08,-0.17,-0.06,4.09,-101.17,102.39,-79.04,-0.59,0.52,0.56,3
2124,27.179000000000002,7,-0.8290000000000001,-0.13,0.09,0.54,308.13,-0.51,17.69,-0.19,0.06,0.03,0.0,7.93,-20.45,19.07,-0.02,0.11,1.04,3
2125,27.183000000000003,4,-0.915,0.02,-0.21,0.35,330.51,21.4,-11.44,0.04,-0.04,-0.0,4.09,-1.83,-22.74,1.37,-0.41,-0.18,0.89,3
2126,27.185,3,-0.971,0.17,0.03,-0.17,33.66,-0.48,-19.89,0.02,0.29,0.11,4.09,114.59,62.1,3.97,-0.09,-0.66,0.93,3
2127,27.254,1,-0.39299999999999996,0.64,-0.25,-0.61,63.59,78.26,-75.9,-0.19,0.0,-0.01,4.09,-25.48,-5.8,-16.63,-0.99,-0.05,0.13,3
2128,27.256,0,-0.327,0.65,-0.15,-0.67,90.09,75.3,-64.54,-0.09,-0.08,-0.13,4.09,8.09,18.46,2.44,-0.85,-0.2,0.21,3
2129,27.26,2,0.635,0.2,-0.16,-0.73,277.36,5.19,28.59,-0.17,0.1,0.05,4.09,11.9,-1.22,12.36,0.04,0.37,1.0,3
2130,27.261999999999997,7,-0.8390000000000001,-0.12,0.1,0.52,309.96,-2.96,18.06,-0.24,0.0,-0.04,0.0,10.68,-15.26,32.5,-0.06,0.09,0.97,3
2131,27.266,5,-0.914,-0.18,-0.34,0.14,3.92,41.55,18.53,0.86,0.09,0.2,4.09,-120.24,8.39,-31.89,-0.14,0.55,1.41,3
2132,27.268,3,-0.9790000000000001,0.12,0.01,-0.16,32.9,1.7,-13.8,0.14,0.12,-0.17,4.09,16.48,-10.07,-47.0,-0.01,-0.35,0.81,3
2133,27.378,4,-0.924,0.03,-0.18,0.34,332.42,18.5,-10.74,-0.11,0.1,-0.0,4.09,15.26,-41.5,18.62,-0.3,-0.28,0.91,3
2134,27.38,6,0.626,0.21,0.04,-0.75,276.33,21.9,12.69,-0.15,0.5,-0.33,4.09,-39.37,53.41,69.89,0.2,0.14,0.78,3
2135,27.385,1,-0.379,0.65,-0.22,-0.62,68.24,76.95,-75.21,-0.2,-0.11,-0.14,4.09,-45.01,-34.33,3.51,-0.83,-0.1,0.33,3
2136,27.386,7,-0.855,-0.11,0.13,0.49,313.48,-6.42,18.7,-0.06,-0.06,0.03,0.0,5.95,-30.21,39.67,0.02,0.31,0.98,3
2137,27.392,5,-0.9359999999999999,-0.12,-0.32,0.08,8.82,38.2,12.97,1.05,0.11,0.03,4.09,-33.87,-42.57,125.12,0.31,0.39,1.35,3
2138,27.395,0,-0.32299999999999995,0.66,-0.15,-0.67,87.74,76.21,-66.65,0.03,-0.29,0.19,4.09,-13.12,3.97,23.8,-1.07,-0.46,0.26,3
2139,27.399,2,0.638,0.19,-0.17,-0.73,277.4,3.3,29.33,0.07,0.07,-0.19,4.09,33.42,-14.95,19.99,0.0,0.5,0.68,3
2140,27.4,3,-0.981,0.13,0.01,-0.14,30.48,1.33,-14.66,-0.3,-0.03,0.05,4.09,-22.58,6.56,39.98,-0.19,0.02,1.08,3
2141,27.471999999999998,4,-0.929,0.02,-0.16,0.33,333.38,16.52,-8.81,-0.13,0.02,-0.02,4.09,4.73,11.44,-11.75,-0.42,-0.24,0.87,3
2142,27.474,0,-0.301,0.66,-0.16,-0.67,92.44,78.34,-63.54,-0.05,-0.07,-0.08,4.09,-20.6,-13.28,25.02,-0.9,-0.2,0.16,3
2143,27.479,1,-0.33899999999999997,0.65,-0.2,-0.65,82.71,78.59,-66.39,-0.29,-0.28,-0.08,4.09,-46.69,-20.9,45.62,-0.87,-0.14,0.48,3
2144,27.48,6,0.6709999999999999,0.19,0.09,-0.71,282.19,22.94,7.18,0.14,0.56,-0.24,4.09,-44.25,-3.05,48.37,0.22,0.27,0.89,3
2145,27.484,5,-0.951,-0.1,-0.29,0.04,13.18,34.03,12.1,0.05,0.08,0.19,4.09,4.27,-20.9,43.64,-0.7,0.21,0.67,3
2146,27.486,7,-0.8590000000000001,-0.1,0.16,0.48,314.27,-10.65,19.25,-0.1,-0.0,-0.02,0.0,7.32,-49.59,5.04,0.13,0.26,0.94,3
2147,27.49,4,-0.932,0.02,-0.15,0.33,333.82,15.13,-7.85,-0.06,-0.02,-0.01,4.09,4.73,-23.35,8.39,-0.31,-0.15,0.93,3
2148,27.491999999999997,3,-0.9790000000000001,0.14,0.02,-0.14,30.42,0.55,-16.71,0.09,0.13,-0.06,4.09,-2.59,-46.39,45.17,0.02,-0.42,0.89,3
2149,27.559,2,0.615,0.21,-0.19,-0.74,275.19,4.46,32.8,-0.46,-0.14,-0.07,4.09,30.67,-1.83,-0.15,-0.13,0.17,0.97,3
2150,27.561,6,0.687,0.14,0.09,-0.71,282.81,18.6,3.31,0.86,0.39,0.42,4.09,-0.31,-32.35,-22.13,-0.06,0.87,1.33,3
2151,27.565,1,-0.29600000000000004,0.64,-0.19,-0.69,109.04,80.42,-44.68,-0.36,-0.22,-0.04,4.09,-33.11,-14.65,37.54,-0.91,-0.04,0.53,3
2152,27.566,0,-0.255,0.65,-0.16,-0.7,113.24,81.42,-46.6,-0.15,-0.14,-0.06,4.09,-47.3,-5.95,58.44,-0.91,-0.11,0.29,3
2153,27.57,2,0.604,0.23,-0.21,-0.73,274.45,4.48,35.99,-0.43,-0.07,-0.02,4.09,26.25,-13.58,-1.83,-0.09,0.21,1.02,3
2154,27.572,7,-0.85,-0.08,0.2,0.48,312.45,-15.68,20.33,-0.25,-0.05,-0.01,0.0,-0.76,-48.98,12.05,0.11,0.16,1.0,3
2155,27.576,5,-0.9570000000000001,-0.11,-0.26,0.05,12.11,30.97,12.64,0.04,-0.09,0.03,4.09,-3.05,-22.89,-1.22,-0.51,0.15,0.85,3
2156,27.578000000000003,3,-0.971,0.14,0.04,-0.18,35.77,-1.09,-17.05,-0.02,-0.05,0.01,4.09,-15.26,-1.98,-12.05,0.05,-0.37,0.9,3
2157,27.663,4,-0.9390000000000001,0.02,-0.11,0.32,335.39,11.42,-6.03,-0.05,0.0,0.02,4.09,20.45,-47.15,10.53,-0.26,-0.14,0.97,3
2158,27.665,6,0.659,0.08,0.08,-0.74,277.0,13.18,-0.92,-0.98,0.06,0.09,4.09,10.68,-52.64,-18.16,-0.04,-0.94,1.12,3
2159,27.669,1,-0.268,0.63,-0.18,-0.7,123.2,80.97,-33.79,-0.21,-0.15,0.13,4.09,-23.96,6.56,7.63,-1.14,0.04,0.49,3
2160,27.671,0,-0.213,0.65,-0.16,-0.71,138.96,83.76,-24.21,-0.02,0.03,0.2,4.09,-28.08,19.84,27.92,-1.22,0.01,0.08,3
2161,27.674,2,0.599,0.24,-0.24,-0.73,274.24,2.96,39.42,-0.23,0.11,-0.21,4.09,72.48,-27.62,9.0,0.01,0.37,0.72,3
2162,27.676,7,-0.8590000000000001,-0.06,0.23,0.46,314.77,-19.61,19.04,-0.48,0.05,0.06,0.0,-16.48,1.22,50.2,0.03,-0.19,1.79,3
2163,27.68,5,-0.9620000000000001,-0.11,-0.25,0.04,12.72,29.19,12.27,0.0,-0.01,0.01,4.09,-0.92,-21.51,-2.9,-0.49,0.19,0.86,3
2164,27.682,3,-0.965,0.15,0.05,-0.21,38.55,-2.05,-18.64,-0.03,-0.18,0.07,4.09,-10.07,-33.57,25.18,0.05,-0.17,1.11,3
2165,27.774,4,-0.9440000000000001,0.01,-0.08,0.32,336.37,7.88,-3.75,-0.26,-0.02,0.19,4.09,22.43,-19.38,-10.38,-0.47,-0.21,1.15,3
2166,27.776,6,0.6629999999999999,0.05,0.07,-0.74,277.33,9.67,-2.37,0.36,0.36,-0.07,4.09,3.97,-30.36,-10.99,0.19,0.33,0.99,3
2167,27.781,1,-0.27,0.66,-0.17,-0.68,95.96,81.62,-61.82,0.08,-0.12,0.09,4.09,-2.75,34.64,-7.32,-1.07,-0.25,0.04,3
2168,27.783,0,-0.18100000000000002,0.66,-0.17,-0.71,164.58,85.44,-0.97,-0.02,0.04,-0.04,4.09,-17.55,3.97,29.91,-0.93,0.04,0.09,3
2169,27.787,2,0.584,0.25,-0.33,-0.7,272.9,-1.79,48.6,0.15,0.16,0.25,4.09,84.53,-56.76,16.94,0.18,1.05,0.7,3
2170,27.788,7,-0.8859999999999999,-0.04,0.19,0.42,321.06,-17.37,14.42,-0.48,-0.02,-0.05,0.0,-46.69,77.21,49.9,-0.04,-0.04,1.06,3
2171,27.794,5,-0.965,-0.1,-0.24,0.04,11.66,27.83,11.65,0.03,0.12,0.01,4.09,5.49,-3.36,1.07,-0.43,0.08,0.91,3
2172,27.796999999999997,3,-0.9640000000000001,0.14,0.07,-0.21,39.46,-3.87,-17.83,0.24,0.4,-0.18,4.09,2.14,-15.87,10.07,0.09,-0.69,0.63,3
2173,27.875999999999998,4,-0.897,0.03,-0.15,0.42,323.0,13.89,-10.67,-0.87,-0.48,-0.45,4.09,-75.53,135.04,-65.0,-0.92,-0.55,0.05,3
2174,27.878,6,0.66,0.02,0.06,-0.75,276.62,6.61,-3.58,0.11,0.1,0.01,4.09,6.87,-16.17,1.37,-0.03,0.13,0.99,3
2175,27.884,1,-0.253,0.67,-0.18,-0.67,84.04,83.72,-74.62,-0.2,0.08,0.02,4.09,-5.04,-5.19,36.62,-1.01,0.12,0.12,3
2176,27.886,0,-0.14800000000000002,0.66,-0.17,-0.71,203.29,85.46,35.11,-0.08,-0.01,-0.11,4.09,-32.2,7.63,22.13,-0.89,0.07,0.12,3
2177,27.891,2,0.568,0.24,-0.34,-0.71,269.93,-2.7,48.72,-0.67,-0.45,-0.15,4.09,-103.45,26.25,13.43,-0.22,0.16,1.14,3
2178,27.893,7,-0.914,-0.03,0.1,0.39,327.08,-9.33,8.36,-0.08,-0.29,0.16,0.0,-35.55,104.22,29.3,-0.06,0.32,1.17,3
2179,27.9,5,-0.9690000000000001,-0.09,-0.22,0.05,10.56,26.13,10.19,0.0,-0.02,0.0,4.09,-17.7,-36.32,-13.43,-0.42,0.16,0.91,3
2180,27.904,3,-0.9590000000000001,0.14,0.08,-0.23,42.08,-4.75,-17.92,-0.06,-0.08,-0.0,4.09,2.75,-15.56,21.67,0.07,-0.21,0.98,3
2181,27.982,4,-0.895,0.07,-0.26,0.36,326.16,24.2,-19.65,-0.74,-0.24,0.2,4.09,-122.83,92.93,92.16,-1.05,-0.62,0.7,3
2182,27.984,0,-0.11900000000000001,0.66,-0.16,-0.72,219.81,84.43,48.59,-0.21,-0.02,-0.03,4.09,-26.25,3.97,10.53,-0.97,0.14,0.26,3
2183,27.989,2,0.665,0.2,-0.25,-0.68,282.07,-3.35,36.89,-0.43,0.13,0.02,4.09,-108.03,109.71,161.29,0.22,0.28,1.07,3
2184,27.991,6,0.6579999999999999,0.01,0.04,-0.75,276.3,3.84,-3.46,0.06,0.16,-0.02,4.09,9.31,-22.13,-2.44,0.07,-0.01,1.0,3
2185,27.997,1,-0.237,0.67,-0.19,-0.68,97.35,86.4,-61.29,-0.33,-0.08,-0.15,4.09,7.02,-3.66,15.26,-0.83,0.11,0.31,3
2186,27.999000000000002,7,-0.919,-0.07,0.02,0.39,328.17,1.2,7.66,0.09,-0.15,-0.01,0.0,18.77,112.46,-41.35,-0.06,0.3,0.95,3
2187,28.004,5,-0.972,-0.09,-0.21,0.06,9.43,24.57,9.22,-0.03,0.04,0.0,4.09,11.44,-4.58,1.98,-0.43,0.1,0.9,3
2188,28.006,3,-0.953,0.14,0.09,-0.25,44.52,-5.43,-18.48,-0.09,0.03,-0.02,4.09,-22.58,-15.41,24.41,0.01,-0.27,0.96,3
2189,28.074,4,-0.892,0.1,-0.36,0.26,333.18,36.23,-26.66,0.45,0.14,-0.05,4.09,-55.54,45.47,110.63,-0.1,-0.22,0.98,3
2190,28.076,0,-0.102,0.67,-0.15,-0.72,223.44,84.2,49.78,-0.19,-0.05,0.0,4.09,-21.51,1.68,-6.87,-0.98,0.13,0.26,3
2191,28.081999999999997,1,-0.23800000000000002,0.67,-0.19,-0.68,99.14,86.32,-59.29,-0.41,-0.1,-0.11,4.09,3.36,-11.44,-9.31,-0.89,0.11,0.43,3
2192,28.084,6,0.655,-0.01,0.02,-0.76,275.89,0.12,-2.66,0.17,0.12,-0.1,4.09,16.02,-40.74,-1.83,0.09,0.14,0.91,3
2193,28.089000000000002,2,0.7659999999999999,0.18,-0.15,-0.6,297.55,-1.24,26.77,0.01,0.14,0.04,4.09,-100.86,64.54,54.78,0.16,0.43,0.92,3
2194,28.090999999999998,7,-0.905,-0.11,-0.04,0.41,326.23,9.53,9.56,0.02,0.22,-0.21,0.0,22.74,50.81,-8.85,0.04,-0.01,0.8,3
2195,28.096,5,-0.9740000000000001,-0.09,-0.2,0.06,9.08,23.71,9.7,0.01,0.05,0.0,4.09,10.99,-8.85,-3.2,-0.39,0.11,0.92,3
2196,28.098000000000003,3,-0.945,0.16,0.1,-0.27,47.0,-6.16,-20.66,-0.02,0.07,-0.06,4.09,-27.31,-25.63,31.89,0.05,-0.35,0.86,3
2197,28.179000000000002,4,-0.903,0.07,-0.36,0.22,338.97,38.54,-21.08,1.02,0.2,-0.42,4.09,92.93,-47.61,-61.04,0.41,0.0,1.13,3
2198,28.180999999999997,0,-0.107,0.67,-0.12,-0.73,200.44,84.8,25.26,-0.13,-0.22,-0.09,4.09,-5.19,-22.58,-29.14,-0.9,-0.13,0.27,3
2199,28.184,1,-0.251,0.66,-0.19,-0.69,112.92,84.11,-45.08,-0.3,-0.14,-0.18,4.09,3.97,-15.87,-23.19,-0.78,0.0,0.38,3
2200,28.186,6,0.655,-0.05,-0.02,-0.75,276.06,-5.7,-1.36,0.02,0.19,0.01,4.09,16.63,-52.03,21.67,0.32,0.03,0.99,3
2201,28.19,2,0.8009999999999999,0.13,-0.08,-0.58,302.41,0.6,17.52,-0.17,-0.06,-0.25,4.09,-76.6,-1.07,-9.46,-0.15,0.03,0.79,3
2202,28.191999999999997,7,-0.903,-0.13,-0.05,0.41,326.67,11.36,11.48,-0.0,0.45,-0.25,0.0,8.54,-19.53,23.8,0.13,-0.1,0.74,3
2203,28.195999999999998,5,-0.9740000000000001,-0.1,-0.19,0.07,8.29,22.62,10.86,-0.0,0.0,0.0,4.09,10.07,-16.17,-3.51,-0.38,0.16,0.93,3
2204,28.198,3,-0.932,0.17,0.12,-0.29,50.5,-7.4,-23.4,-0.06,-0.25,0.06,4.09,-26.09,-28.69,31.13,0.17,-0.17,0.97,3
2205,28.284000000000002,4,-0.927,0.02,-0.27,0.26,340.26,29.82,-11.31,0.13,-1.56,1.25,4.09,50.35,-16.48,-9.46,-1.98,1.16,1.94,3
2206,28.285999999999998,0,-0.11900000000000001,0.66,-0.1,-0.74,173.66,83.23,-2.39,-0.15,-0.06,-0.03,4.09,5.8,-2.14,-13.43,-0.93,-0.02,0.28,3
2207,28.289,1,-0.266,0.65,-0.16,-0.69,109.37,80.93,-49.2,-0.34,-0.18,-0.06,4.09,-7.78,-12.05,-19.99,-0.9,-0.05,0.46,3
2208,28.291,6,0.667,-0.07,-0.06,-0.74,278.13,-10.63,-0.04,-0.08,0.3,-0.01,4.09,17.24,-39.98,30.36,0.44,-0.03,0.9,3
2209,28.296,2,0.809,0.13,-0.08,-0.57,304.16,1.32,17.94,-0.41,-0.9,0.45,4.09,44.25,0.15,-67.9,-0.88,-0.21,1.15,3
2210,28.296999999999997,7,-0.912,-0.13,-0.02,0.39,328.81,8.26,12.32,0.21,0.07,-0.19,0.0,24.41,-57.22,22.43,0.01,0.28,0.74,3
2211,28.301,5,-0.976,-0.11,-0.18,0.07,8.29,21.25,11.64,-0.01,0.02,0.0,4.09,4.88,-18.46,4.73,-0.35,0.15,0.92,3
2212,28.303,3,-0.915,0.2,0.16,-0.31,54.28,-9.78,-27.88,0.11,0.14,0.15,4.09,-54.17,-28.53,28.99,0.19,-0.69,0.94,3
2213,28.384,4,-0.92,0.03,-0.26,0.29,335.81,27.66,-13.38,-0.12,0.07,0.01,4.09,-0.15,-43.79,29.45,-0.49,-0.28,0.83,3
2214,28.386,0,-0.125,0.66,-0.1,-0.74,166.69,82.91,-9.17,-0.09,0.06,0.0,4.09,10.07,-7.48,-12.51,-0.99,0.06,0.22,3
2215,28.389,1,-0.27,0.64,-0.15,-0.7,114.46,79.12,-44.81,-0.38,-0.27,0.49,4.09,3.81,15.11,28.38,-1.24,-0.42,0.74,3
2216,28.391,6,0.677,-0.09,-0.09,-0.73,280.02,-14.18,0.66,0.39,0.1,0.08,4.09,5.8,-23.96,-26.09,0.31,0.36,0.99,3
2217,28.395,2,0.805,0.16,-0.09,-0.56,304.24,1.62,21.08,0.09,-0.05,-0.12,4.09,24.57,-38.6,-9.77,-0.09,0.4,0.8,3
2218,28.397,7,-0.9159999999999999,-0.12,0.02,0.38,329.03,3.53,13.54,-0.17,0.12,0.05,0.0,7.17,-45.17,5.34,-0.08,0.02,1.08,3
2219,28.403000000000002,5,-0.98,-0.1,-0.16,0.07,8.24,18.81,11.14,0.03,0.07,0.01,4.09,2.9,-22.74,9.92,-0.29,0.12,0.96,3
2220,28.405,3,-0.894,0.22,0.2,-0.34,59.02,-11.63,-32.18,0.19,0.26,0.39,4.09,-38.76,-38.76,74.92,0.25,-0.92,1.0,3
2221,28.476,4,-0.924,0.02,-0.24,0.3,335.6,25.43,-11.89,0.13,-0.16,0.03,4.09,9.92,-4.27,-28.69,-0.48,-0.03,0.94,3
2222,28.478,0,-0.146,0.66,-0.1,-0.73,151.36,82.69,-22.88,0.01,0.08,0.07,4.09,12.82,5.8,-28.84,-1.06,0.07,0.09,3
2223,28.482,1,-0.24,0.66,-0.19,-0.69,111.85,85.42,-46.78,-0.18,0.3,-0.03,4.09,6.56,31.13,9.61,-1.03,0.22,0.08,3
2224,28.484,6,0.679,-0.09,-0.09,-0.72,280.35,-14.66,0.93,0.32,-0.01,-0.05,4.09,20.29,38.3,0.46,0.2,0.36,0.93,3
2225,28.488000000000003,2,0.775,0.17,-0.11,-0.6,298.97,1.88,22.89,-0.29,0.12,-0.09,4.09,25.79,-3.66,-18.46,0.02,0.1,0.96,3
2226,28.489,7,-0.9209999999999999,-0.11,0.05,0.37,330.23,-0.19,14.3,-0.08,-0.17,-0.02,0.0,8.54,-37.69,13.73,-0.18,0.29,0.94,3
2227,28.493000000000002,5,-0.983,-0.11,-0.14,0.04,10.88,16.4,12.19,-1.07,-0.02,0.74,4.09,23.35,50.51,135.65,-1.56,0.54,1.32,3
2228,28.495,3,-0.887,0.23,0.18,-0.36,60.96,-9.39,-32.64,-0.41,-0.13,-0.08,4.09,54.17,67.6,-30.36,0.02,-0.19,0.99,3
2229,28.583000000000002,4,-0.9229999999999999,0.03,-0.23,0.31,334.53,23.74,-12.15,-0.06,-0.04,0.0,4.09,-1.07,-18.31,-2.14,-0.45,-0.22,0.88,3
2230,28.585,0,-0.17600000000000002,0.66,-0.09,-0.72,130.22,81.58,-41.9,-0.04,0.04,-0.03,4.09,16.02,5.8,-30.06,-0.98,-0.04,0.14,3
2231,28.588,1,-0.235,0.68,-0.2,-0.67,76.62,87.0,-81.69,-0.29,0.03,0.05,4.09,-13.89,17.7,-10.38,-1.05,0.14,0.22,3
2232,28.59,6,0.6809999999999999,-0.05,-0.06,-0.73,280.15,-9.16,1.56,0.09,-0.05,0.08,4.09,-0.46,75.23,-22.74,0.11,0.11,1.06,3
2233,28.594,2,0.759,0.18,-0.12,-0.61,296.62,1.79,25.28,-0.2,0.03,-0.04,4.09,24.41,-24.87,-52.34,-0.07,0.2,0.98,3
2234,28.596,7,-0.9229999999999999,-0.11,0.07,0.36,330.71,-3.04,14.69,-0.14,0.03,0.01,0.0,7.78,-25.33,19.99,-0.02,0.14,1.01,3
2235,28.6,5,-0.96,-0.17,-0.21,-0.06,26.13,22.29,22.9,-0.48,-0.65,-0.43,4.09,74.16,103.76,-81.33,-0.64,0.7,0.16,3
2236,28.601,3,-0.9279999999999999,0.18,0.11,-0.3,51.37,-5.74,-24.44,0.16,0.07,0.07,4.09,104.83,95.52,-86.98,0.18,-0.62,0.87,3
2237,28.676,4,-0.924,0.03,-0.22,0.31,334.26,22.32,-12.49,-0.09,-0.04,0.0,4.09,-0.31,-20.6,0.0,-0.45,-0.19,0.87,3
2238,28.678,0,-0.207,0.67,-0.09,-0.71,113.51,79.7,-56.24,-0.12,0.0,-0.06,4.09,21.82,9.46,-34.79,-0.9,-0.1,0.22,3
2239,28.683000000000003,2,0.746,0.18,-0.14,-0.63,294.2,1.12,25.95,-0.16,0.1,-0.04,4.09,14.8,-15.41,-7.63,0.08,0.24,0.92,3
2240,28.684,6,0.682,-0.0,-0.01,-0.73,280.04,-0.57,0.53,-0.15,0.1,0.14,4.09,-19.38,107.88,34.94,0.12,-0.11,1.12,3
2241,28.688000000000002,1,-0.237,0.69,-0.18,-0.66,57.5,85.02,-101.86,-0.28,-0.07,-0.06,4.09,-4.43,-0.15,-27.77,-0.96,0.01,0.25,3
2242,28.69,7,-0.9259999999999999,-0.11,0.09,0.35,331.89,-5.32,15.13,-0.16,0.01,0.0,0.0,10.83,-16.63,13.43,-0.03,0.14,1.01,3
2243,28.694000000000003,5,-0.935,-0.19,-0.3,0.01,20.6,34.36,24.81,-0.17,-0.02,-0.26,4.09,-12.97,82.09,-88.35,-0.49,0.21,0.54,3
2244,28.695999999999998,3,-0.955,0.12,0.04,-0.27,45.5,-1.13,-14.35,0.18,0.18,-0.05,4.09,84.84,33.87,-7.78,0.04,-0.39,0.84,3
2245,28.772,4,-0.93,0.04,-0.2,0.31,335.4,20.19,-12.33,-0.04,-0.02,0.01,4.09,-5.34,-14.5,8.7,-0.4,-0.21,0.9,3
2246,28.774,0,-0.237,0.67,-0.09,-0.7,103.4,77.85,-63.64,-0.19,0.0,-0.03,4.09,16.94,10.53,-18.31,-0.95,-0.1,0.26,3
2247,28.779,1,-0.24100000000000002,0.7,-0.16,-0.66,59.43,82.97,-101.19,-0.2,-0.06,-0.08,4.09,-17.4,-13.43,-9.46,-0.92,-0.05,0.18,3
2248,28.781,6,0.708,0.04,0.07,-0.7,284.38,9.46,-2.64,-0.01,0.32,-0.24,4.09,-37.54,90.33,64.85,0.19,-0.04,0.82,3
2249,28.785999999999998,2,0.738,0.18,-0.16,-0.63,292.82,-0.23,27.51,-0.12,0.06,-0.06,4.09,17.09,-28.84,-21.82,0.05,0.37,0.95,3
2250,28.788,7,-0.93,-0.11,0.11,0.34,333.44,-7.12,15.75,-0.15,0.04,-0.02,0.0,8.85,-15.11,39.22,0.07,0.15,0.99,3
2251,28.791999999999998,5,-0.9279999999999999,-0.14,-0.35,0.03,17.17,40.52,17.98,1.05,0.25,-0.29,4.09,-69.12,-26.09,-31.89,0.33,0.07,1.25,3
2252,28.795,3,-0.971,0.1,0.01,-0.22,39.18,0.99,-11.06,0.7,0.66,0.2,4.09,-13.73,-8.09,-38.76,0.29,-1.5,1.11,3
2253,28.886999999999997,4,-0.9329999999999999,0.05,-0.19,0.3,336.17,18.99,-12.27,-0.04,0.01,0.01,4.09,2.29,-9.31,4.12,-0.34,-0.2,0.93,3
2254,28.889,0,-0.23399999999999999,0.67,-0.1,-0.7,102.38,78.52,-64.52,-0.18,0.06,0.05,4.09,-9.0,5.34,23.04,-1.04,-0.06,0.23,3
2255,28.895,1,-0.23,0.7,-0.14,-0.67,70.23,82.58,-93.16,-0.36,-0.26,-0.13,4.09,-28.23,-15.87,6.71,-0.84,-0.16,0.43,3
2256,28.898000000000003,7,-0.938,-0.1,0.13,0.31,336.36,-10.09,15.66,-0.1,-0.1,-0.07,0.0,-4.43,-33.26,22.13,0.05,0.28,0.9,3
2257,28.905,2,0.718,0.18,-0.17,-0.65,289.42,-1.01,28.9,-0.25,-0.03,-0.06,4.09,23.04,-6.87,-23.65,0.03,0.3,0.99,3
2258,28.909000000000002,6,0.738,0.05,0.15,-0.66,289.69,16.63,-6.9,0.35,0.35,-0.44,4.09,-37.54,33.57,52.95,0.22,0.26,0.68,3
2259,28.916999999999998,5,-0.9540000000000001,-0.08,-0.29,0.05,11.01,33.57,8.66,0.69,0.38,0.12,4.09,-33.42,-72.17,20.75,-0.36,-0.29,1.49,3
2260,28.919,3,-0.9670000000000001,0.11,0.02,-0.23,40.38,0.67,-13.25,0.11,0.01,-0.15,4.09,-23.8,-7.02,-26.7,0.09,-0.29,0.8,3
2261,28.98,4,-0.935,0.05,-0.18,0.3,336.43,18.44,-12.04,-0.06,0.02,0.0,4.09,5.95,-9.0,1.83,-0.35,-0.22,0.92,3
2262,28.982,0,-0.212,0.67,-0.1,-0.71,112.39,80.59,-55.74,-0.17,-0.07,-0.15,4.09,-25.63,-12.82,49.29,-0.83,-0.1,0.27,3
2263,28.986,1,-0.205,0.69,-0.13,-0.68,84.18,83.72,-82.64,-0.22,-0.25,-0.06,4.09,-32.81,-14.65,30.21,-0.9,-0.23,0.3,3
2264,28.987,6,0.754,0.02,0.18,-0.63,292.4,17.3,-12.05,0.28,0.16,-0.92,4.09,-11.14,-81.94,18.01,0.36,0.47,1.18,3
2265,28.991,2,0.6990000000000001,0.19,-0.18,-0.67,286.77,-0.2,30.46,-0.25,-0.09,-0.03,4.09,25.02,-9.31,-8.09,-0.1,0.28,0.97,3
2266,28.993000000000002,7,-0.935,-0.08,0.16,0.3,336.08,-14.5,15.39,-0.16,-0.09,-0.05,0.0,-12.66,-54.78,17.09,0.06,0.24,0.94,3
2267,28.998,5,-0.956,-0.1,-0.28,-0.01,19.6,31.69,13.48,0.02,-0.16,0.09,4.09,12.97,-37.38,-22.89,-0.54,0.25,0.9,3
2268,29.0,3,-0.9590000000000001,0.12,0.05,-0.25,43.62,-2.01,-14.66,-0.12,-0.02,0.09,4.09,-5.19,-29.75,57.22,-0.07,-0.16,1.08,3
2269,29.076,4,-0.938,0.05,-0.17,0.3,337.17,17.0,-11.2,-0.08,0.01,0.0,4.09,4.73,-25.79,5.49,-0.34,-0.23,0.92,3
2270,29.078000000000003,0,-0.166,0.67,-0.11,-0.72,136.48,83.51,-35.25,0.11,0.18,-0.01,4.09,-31.43,-2.9,47.76,-0.99,0.05,-0.09,3
2271,29.081999999999997,2,0.693,0.2,-0.2,-0.66,286.25,-0.57,32.48,-0.23,-0.02,-0.02,4.09,31.74,-15.72,-10.07,-0.01,0.33,0.94,3
2272,29.084,6,0.75,-0.04,0.17,-0.64,291.49,11.31,-16.17,0.41,0.06,-0.36,4.09,8.7,-59.36,-31.89,-0.04,0.15,0.77,3
2273,29.088,5,-0.963,-0.1,-0.25,-0.01,18.1,29.06,12.56,0.02,0.08,-0.01,4.09,-13.89,-10.38,25.02,-0.48,0.16,0.84,3
2274,29.09,7,-0.93,-0.06,0.21,0.3,335.97,-20.58,14.77,-0.39,-0.07,0.15,0.0,-7.78,-44.86,0.0,0.08,0.11,1.22,3
2275,29.094,4,-0.9440000000000001,0.04,-0.14,0.3,338.06,14.13,-9.49,-0.08,0.03,0.01,4.09,19.07,-27.31,2.44,-0.29,-0.22,0.95,3
2276,29.096,3,-0.951,0.12,0.06,-0.28,46.9,-2.59,-15.74,0.15,-0.27,-0.19,4.09,0.0,-43.79,54.02,0.28,-0.11,0.86,3
2277,29.177,1,-0.147,0.69,-0.11,-0.7,109.42,86.57,-63.93,-0.62,0.25,-0.15,4.09,-12.36,37.23,-41.05,-0.85,0.31,0.45,3
2278,29.179000000000002,6,0.7390000000000001,-0.08,0.14,-0.65,290.12,6.01,-17.85,0.57,0.17,-0.24,4.09,3.05,-26.86,1.22,0.15,0.32,0.9,3
2279,29.184,2,0.672,0.22,-0.25,-0.66,283.92,-2.38,38.14,-0.31,-0.08,-0.08,4.09,69.43,-48.52,-0.46,-0.02,0.37,0.92,3
2280,29.185,0,-0.132,0.67,-0.11,-0.72,161.54,85.04,-12.97,0.03,0.15,0.05,4.09,-26.25,-2.59,19.84,-1.03,0.07,0.04,3
2281,29.19,5,-0.966,-0.09,-0.24,-0.01,18.72,27.44,12.23,-0.0,-0.0,0.04,4.09,-3.66,-16.02,1.83,-0.48,0.16,0.9,3
2282,29.191,7,-0.927,-0.05,0.22,0.3,335.42,-22.28,14.42,-0.61,0.05,0.01,0.0,-22.89,38.15,7.63,-0.04,-0.13,1.17,3
2283,29.195999999999998,4,-0.932,0.04,-0.14,0.33,333.5,13.19,-10.39,-2.14,-0.08,0.97,4.09,-94.91,158.08,-171.2,-2.1,-1.57,1.24,3
2284,29.199,3,-0.941,0.12,0.08,-0.31,50.64,-4.43,-15.77,0.04,0.11,-0.02,4.09,7.78,-24.72,23.5,0.06,-0.37,0.89,3
2285,29.279,1,-0.154,0.71,-0.1,-0.68,67.61,85.16,-105.73,-0.22,-0.1,0.06,4.09,1.37,-1.07,5.49,-1.05,-0.1,0.23,3
2286,29.281,6,0.742,-0.11,0.13,-0.65,291.15,2.77,-18.86,0.24,0.12,0.0,4.09,4.73,-30.06,-20.45,0.1,-0.12,1.04,3
2287,29.285,2,0.6579999999999999,0.23,-0.31,-0.65,282.17,-6.43,44.54,-0.48,-0.15,0.07,4.09,-0.61,-13.28,-19.38,-0.18,0.37,1.14,3
2288,29.287,0,-0.10300000000000001,0.67,-0.1,-0.73,185.39,84.88,8.09,-0.02,-0.04,-0.1,4.09,-23.96,-2.44,18.16,-0.88,-0.0,0.14,3
2289,29.291,5,-0.968,-0.09,-0.23,-0.03,19.92,26.53,11.5,0.0,0.09,0.0,4.09,-10.83,-17.55,-9.0,-0.46,0.09,0.89,3
2290,29.293000000000003,7,-0.9420000000000001,-0.03,0.17,0.29,338.5,-17.39,9.81,-0.39,-0.07,-0.05,0.0,-42.42,80.57,25.63,-0.07,0.03,1.07,3
2291,29.296999999999997,4,-0.8959999999999999,0.11,-0.3,0.31,329.25,27.85,-25.15,-0.54,-0.15,-0.34,4.09,-164.79,90.18,141.6,-0.74,-0.29,0.19,3
2292,29.299,3,-0.9359999999999999,0.11,0.09,-0.32,52.53,-5.69,-15.59,-0.04,0.13,-0.02,4.09,-9.46,-13.28,-3.97,0.03,-0.38,0.93,3
2293,29.395,1,-0.142,0.71,-0.11,-0.68,52.39,86.77,-120.91,-0.28,0.08,-0.09,4.09,4.73,-6.87,25.18,-0.91,0.15,0.21,3
2294,29.397,0,-0.077,0.67,-0.1,-0.73,209.81,84.8,30.32,-0.15,0.04,-0.07,4.09,-25.18,9.92,23.65,-0.92,0.13,0.21,3
2295,29.401,2,0.7,0.21,-0.26,-0.63,287.96,-5.22,38.37,-0.55,0.05,-0.23,4.09,-120.7,106.2,133.06,0.09,0.14,0.96,3
2296,29.403000000000002,6,0.743,-0.12,0.11,-0.65,291.78,0.35,-18.86,0.45,0.06,-0.15,4.09,6.87,-22.43,7.02,0.11,0.15,0.95,3
2297,29.406999999999996,5,-0.9740000000000001,-0.07,-0.21,-0.02,17.91,24.42,9.59,-0.01,0.02,0.0,4.09,-1.83,-21.21,-12.51,-0.43,0.1,0.9,3
2298,29.409000000000002,7,-0.956,-0.04,0.09,0.28,341.21,-8.32,6.8,-0.17,-0.35,0.14,0.0,-4.12,127.26,-29.45,-0.17,0.33,1.14,3
2299,29.413,4,-0.888,0.14,-0.38,0.21,335.76,38.39,-31.76,0.13,-0.07,-0.36,4.09,-26.25,27.01,58.75,-0.27,-0.18,0.56,3
2300,29.415,3,-0.934,0.12,0.1,-0.32,52.92,-6.77,-16.87,-0.04,0.09,0.1,4.09,-7.93,-12.97,-11.75,0.04,-0.38,1.04,3
2301,29.495,1,-0.14,0.7,-0.12,-0.69,46.09,88.1,-126.45,-0.34,-0.04,-0.09,4.09,8.54,-13.89,5.34,-0.91,0.05,0.35,3
2302,29.497,0,-0.051,0.67,-0.1,-0.73,229.22,84.05,47.48,-0.2,0.07,-0.06,4.09,-22.89,6.41,6.87,-0.91,0.17,0.24,3
2303,29.500999999999998,2,0.8109999999999999,0.16,-0.14,-0.55,305.54,-2.58,24.0,0.17,0.2,0.05,4.09,-121.61,102.39,96.44,0.29,0.5,0.91,3
2304,29.503,6,0.745,-0.13,0.08,-0.65,292.42,-2.83,-18.04,0.39,0.06,-0.09,4.09,9.46,-29.45,-7.78,0.15,0.1,0.94,3
2305,29.506999999999998,5,-0.977,-0.08,-0.2,-0.0,16.15,22.89,9.46,-0.0,-0.02,0.0,4.09,7.02,-14.5,-7.02,-0.4,0.16,0.91,3
2306,29.509,7,-0.951,-0.07,-0.02,0.3,339.16,4.6,6.95,0.07,0.1,-0.12,0.0,7.48,102.54,-29.14,0.08,0.02,0.82,3
2307,29.513,4,-0.909,0.1,-0.37,0.16,345.89,40.23,-23.49,0.88,0.42,-0.02,4.09,55.39,-78.28,116.12,0.14,-0.54,1.33,3
2308,29.515,3,-0.9259999999999999,0.13,0.12,-0.33,54.92,-7.7,-18.62,-0.07,-0.08,0.05,4.09,-20.6,-21.21,33.42,0.17,-0.24,1.0,3
2309,29.596999999999998,1,-0.146,0.69,-0.13,-0.69,98.67,88.92,-72.72,-0.37,-0.05,-0.11,4.09,13.58,-12.66,-2.59,-0.87,0.05,0.38,3
2310,29.599,0,-0.036000000000000004,0.68,-0.09,-0.73,237.71,83.7,54.28,-0.23,-0.05,-0.08,4.09,-12.05,9.0,13.43,-0.9,0.1,0.28,3
2311,29.603,2,0.843,0.12,-0.06,-0.52,310.72,0.78,15.07,-0.07,0.02,-0.05,4.09,-62.26,7.78,14.19,-0.0,0.22,0.9,3
2312,29.605,6,0.745,-0.15,0.04,-0.65,292.95,-7.38,-16.32,0.42,0.07,-0.13,4.09,10.99,-48.22,-4.27,0.23,0.08,0.92,3
2313,29.609,5,-0.9790000000000001,-0.08,-0.18,0.01,14.81,21.19,9.9,0.09,0.06,0.01,4.09,13.12,-6.71,2.44,-0.32,0.14,0.95,3
2314,29.611,7,-0.938,-0.1,-0.08,0.32,336.99,12.17,7.69,0.15,0.19,-0.29,0.0,9.31,32.65,-15.26,0.07,0.04,0.75,3
2315,29.615,4,-0.9329999999999999,0.07,-0.33,0.12,353.68,36.45,-15.94,0.48,0.09,-0.46,4.09,-25.79,-52.03,-131.84,0.13,-0.05,0.67,3
2316,29.616999999999997,3,-0.9109999999999999,0.14,0.14,-0.36,59.0,-8.99,-21.55,0.01,0.05,-0.12,4.09,-38.3,-27.92,37.54,0.09,-0.38,0.79,3
2317,29.704,2,0.86,0.11,-0.06,-0.5,314.14,0.25,13.88,-0.13,0.12,-0.36,4.09,3.81,-23.04,43.03,0.04,0.05,0.62,3
2318,29.706,0,-0.037000000000000005,0.68,-0.09,-0.73,234.1,84.41,50.09,-0.16,-0.21,-0.07,4.09,-3.97,-10.22,-23.5,-0.92,-0.13,0.29,3
2319,29.709,5,-0.981,-0.09,-0.17,0.01,14.71,20.05,10.61,-0.01,0.01,0.01,4.09,4.58,-18.16,-0.46,-0.35,0.17,0.93,3
2320,29.711,6,0.7609999999999999,-0.17,0.0,-0.63,296.9,-12.09,-15.54,0.45,0.05,-0.18,4.09,13.12,-41.81,19.53,0.33,0.22,0.85,3
2321,29.715999999999998,4,-0.9440000000000001,0.08,-0.28,0.15,351.07,30.19,-15.98,-1.1,0.16,2.45,4.09,10.99,32.65,1.83,-2.5,-1.15,2.27,3
2322,29.718000000000004,7,-0.934,-0.1,-0.08,0.33,335.85,12.4,8.3,0.07,0.25,-0.07,0.0,10.22,-40.44,17.09,-0.01,-0.02,0.98,3
2323,29.721999999999998,1,-0.172,0.68,-0.12,-0.71,123.82,85.5,-45.97,-0.34,-0.07,-0.05,4.09,2.14,-5.95,-8.24,-0.9,0.03,0.39,3
2324,29.724,3,-0.897,0.16,0.17,-0.37,61.61,-10.09,-25.27,-0.0,-0.02,0.04,4.09,-31.13,-11.75,3.05,0.19,-0.44,0.88,3
2325,29.801,2,0.845,0.12,-0.08,-0.52,311.08,-1.21,16.3,-1.21,-0.08,0.05,4.09,53.56,43.18,-24.41,-0.4,-0.96,1.14,3
2326,29.803,0,-0.042,0.67,-0.07,-0.74,215.29,84.38,30.58,-0.12,0.12,-0.03,4.09,0.0,-9.0,-4.27,-0.99,0.21,0.21,3
2327,29.808000000000003,5,-0.982,-0.09,-0.16,0.01,14.27,18.57,11.06,0.02,0.04,-0.0,4.09,7.32,-18.77,-2.14,-0.31,0.16,0.93,3
2328,29.809,6,0.763,-0.18,-0.05,-0.62,298.21,-17.81,-13.28,0.27,0.06,0.03,4.09,19.07,-45.93,-9.16,0.42,0.05,0.95,3
2329,29.814,4,-0.9470000000000001,0.09,-0.27,0.15,351.55,28.78,-16.92,0.01,0.17,-0.03,4.09,-9.16,-43.33,20.45,-0.44,-0.42,0.82,3
2330,29.816,7,-0.938,-0.1,-0.05,0.33,336.19,9.26,8.72,0.24,0.35,-0.25,0.0,25.18,-47.0,14.5,0.24,-0.03,0.67,3
2331,29.82,1,-0.177,0.67,-0.12,-0.71,127.87,84.59,-41.7,-0.34,-0.13,0.44,4.09,11.44,22.58,21.06,-1.38,-0.22,0.52,3
2332,29.822,3,-0.879,0.19,0.2,-0.38,64.62,-11.97,-30.65,0.12,0.15,-0.15,4.09,-55.69,-59.2,24.87,0.14,-0.62,0.65,3
2333,29.898000000000003,2,0.851,0.15,-0.09,-0.5,313.67,0.05,20.27,0.09,0.03,-0.08,4.09,23.96,-24.87,-55.85,0.01,0.36,0.85,3
2334,29.9,6,0.762,-0.2,-0.09,-0.61,299.25,-22.55,-12.08,0.47,-0.15,0.17,4.09,25.48,-20.6,-23.8,0.42,0.26,1.16,3
2335,29.904,5,-0.985,-0.1,-0.14,0.02,13.88,16.5,11.57,0.01,0.02,0.04,4.09,11.6,-14.5,14.5,-0.28,0.16,1.0,3
2336,29.905,0,-0.05,0.67,-0.06,-0.74,199.15,84.52,14.13,-0.07,-0.05,0.07,4.09,5.65,-0.15,-6.71,-1.14,-0.08,0.15,3
2337,29.909000000000002,4,-0.95,0.08,-0.25,0.16,350.61,26.84,-15.66,-0.02,-0.03,0.02,4.09,8.09,-9.46,-11.9,-0.48,-0.19,0.88,3
2338,29.915,7,-0.95,-0.1,-0.02,0.3,339.71,5.31,10.03,-0.14,-0.34,0.17,0.0,16.94,-41.66,-0.92,-0.35,0.18,1.02,3
2339,29.921,1,-0.153,0.69,-0.16,-0.69,298.69,89.0,130.46,-0.13,0.42,0.07,4.09,-1.22,36.62,17.7,-1.12,0.34,-0.02,3
2340,29.921999999999997,3,-0.845,0.24,0.25,-0.41,70.39,-13.24,-38.34,0.01,0.22,0.37,4.09,-38.91,-18.77,92.62,0.16,-0.66,0.98,3
2341,29.996,2,0.831,0.17,-0.09,-0.52,310.32,1.51,22.72,-0.2,0.07,-0.08,4.09,30.98,-1.22,-19.23,-0.01,0.15,0.84,3
2342,29.998,0,-0.067,0.67,-0.05,-0.74,177.75,84.8,-6.44,-0.05,0.16,0.14,4.09,15.72,-5.65,-29.45,-1.13,0.16,0.12,3
2343,30.002,5,-0.973,-0.15,-0.16,-0.07,24.64,17.2,19.03,-1.54,-0.2,1.03,4.09,117.95,141.14,216.52,-1.83,0.97,1.27,3
2344,30.004,6,0.759,-0.19,-0.09,-0.61,298.38,-22.47,-11.22,0.3,-0.33,-0.07,4.09,7.17,54.02,13.28,0.08,0.27,1.0,3
2345,30.008000000000003,4,-0.953,0.09,-0.24,0.16,350.97,25.13,-15.47,-0.03,-0.03,0.01,4.09,-7.63,-14.34,8.39,-0.46,-0.24,0.87,3
2346,30.01,7,-0.95,-0.1,0.01,0.29,339.83,2.41,11.43,0.02,-0.09,0.05,0.0,6.26,-25.63,20.45,-0.09,0.29,1.0,3
2347,30.014,1,-0.151,0.71,-0.17,-0.67,341.27,86.18,173.24,-0.14,0.09,0.08,4.09,-5.19,12.51,-26.55,-1.08,0.08,-0.01,3
2348,30.016,3,-0.857,0.22,0.19,-0.43,69.19,-7.49,-32.94,-0.31,-0.2,-0.03,4.09,123.44,99.64,-77.36,0.11,-0.23,1.0,3
2349,30.087,2,0.816,0.2,-0.11,-0.53,308.16,1.32,26.07,-0.33,0.18,0.08,4.09,13.58,-18.31,-42.88,-0.02,0.13,1.15,3
2350,30.089000000000002,6,0.7609999999999999,-0.15,-0.06,-0.63,296.15,-16.26,-8.46,0.26,-0.21,-0.06,4.09,5.95,76.75,-41.5,0.11,0.1,0.99,3
2351,30.092,5,-0.92,-0.24,-0.29,-0.13,38.53,27.98,34.97,-0.75,0.28,-0.55,4.09,66.22,130.77,-141.75,-0.88,0.06,-0.03,3
2352,30.094,0,-0.092,0.67,-0.05,-0.74,158.53,83.6,-23.76,-0.1,0.04,-0.11,4.09,23.65,-5.65,-21.06,-0.87,0.04,0.17,3
2353,30.099,4,-0.955,0.09,-0.23,0.17,350.78,23.82,-15.24,-0.04,-0.07,0.0,4.09,10.38,-31.89,4.88,-0.44,-0.18,0.88,3
2354,30.101,7,-0.9540000000000001,-0.1,0.03,0.28,341.35,-0.01,11.93,-0.17,-0.08,-0.02,0.0,4.58,-22.28,21.67,-0.18,0.19,0.97,3
2355,30.105,1,-0.152,0.72,-0.14,-0.66,10.44,85.72,-159.4,-0.38,-0.1,-0.12,4.09,-23.04,-8.09,-11.29,-0.91,0.04,0.32,3
2356,30.107,3,-0.9179999999999999,0.15,0.07,-0.36,57.0,-1.18,-19.49,0.41,0.15,-0.11,4.09,126.8,97.35,-29.14,0.18,-0.61,0.69,3
2357,30.188000000000002,2,0.8109999999999999,0.19,-0.13,-0.54,307.05,-0.0,26.82,0.05,-0.03,-0.08,4.09,14.8,-13.73,1.98,-0.04,0.48,0.8,3
2358,30.19,6,0.755,-0.11,-0.01,-0.65,293.71,-9.22,-9.13,0.29,0.07,0.09,4.09,-5.34,88.65,45.93,0.29,0.12,1.12,3
2359,30.193,5,-0.9109999999999999,-0.18,-0.37,-0.06,32.49,40.42,28.95,0.57,0.04,-0.07,4.09,-96.89,26.55,-50.35,-0.19,0.34,1.08,3
2360,30.195,0,-0.128,0.67,-0.05,-0.73,135.56,81.9,-44.02,-0.26,-0.04,0.02,4.09,30.36,13.58,-41.96,-0.99,-0.1,0.34,3
2361,30.2,4,-0.9620000000000001,0.08,-0.2,0.16,352.08,21.34,-13.9,-0.03,-0.01,0.0,4.09,9.31,-17.55,2.59,-0.41,-0.23,0.89,3
2362,30.201999999999998,7,-0.958,-0.1,0.05,0.26,342.98,-2.82,12.52,-0.15,-0.04,0.0,0.0,13.58,-34.64,31.13,-0.08,0.16,0.99,3
2363,30.206,1,-0.147,0.72,-0.13,-0.67,20.84,85.54,-150.55,-0.39,-0.07,-0.08,4.09,-14.34,-12.82,-2.14,-0.96,0.09,0.38,3
2364,30.208000000000002,3,-0.937,0.11,0.0,-0.33,52.81,3.87,-11.59,0.3,0.09,0.03,4.09,2.29,57.98,-77.51,0.08,-0.51,0.99,3
2365,30.309,2,0.8029999999999999,0.19,-0.14,-0.55,305.37,-0.36,27.17,-0.11,-0.1,-0.01,4.09,-1.98,-6.1,-4.27,-0.11,0.37,0.88,3
2366,30.311,0,-0.16399999999999998,0.67,-0.05,-0.72,115.66,79.83,-61.26,-0.14,0.03,0.02,4.09,17.7,10.68,-28.23,-0.99,-0.06,0.2,3
2367,30.316,5,-0.93,-0.08,-0.36,-0.02,21.48,41.41,12.57,1.14,-0.2,-0.06,4.09,-64.7,-52.95,-113.68,0.34,0.37,1.41,3
2368,30.318,7,-0.9590000000000001,-0.1,0.08,0.25,344.06,-6.08,13.62,-0.13,0.0,-0.04,0.0,12.21,-37.38,14.95,-0.01,0.18,0.99,3
2369,30.322,4,-0.966,0.08,-0.18,0.16,352.92,19.31,-12.85,0.01,-0.02,0.0,4.09,-0.15,-13.89,0.31,-0.33,-0.19,0.93,3
2370,30.324,6,0.769,-0.07,0.07,-0.63,295.25,0.86,-11.35,0.24,0.05,-0.03,4.09,-22.28,76.75,8.39,0.08,0.02,1.02,3
2371,30.326999999999998,1,-0.14,0.71,-0.11,-0.68,53.88,86.52,-120.07,-0.33,-0.06,-0.05,4.09,-16.63,-7.78,-22.74,-0.95,-0.02,0.28,3
2372,30.329,3,-0.948,0.13,0.0,-0.29,47.73,3.96,-13.92,0.06,-0.1,-0.25,4.09,-0.31,-41.5,9.61,0.07,-0.06,0.74,3
2373,30.389,2,0.79,0.19,-0.15,-0.56,302.76,-1.66,28.03,-0.2,0.04,-0.03,4.09,16.63,-26.7,-34.03,-0.01,0.27,0.96,3
2374,30.391,0,-0.191,0.68,-0.04,-0.71,104.6,77.84,-70.23,-0.03,-0.12,-0.03,4.09,13.28,13.73,-11.14,-0.98,-0.39,0.14,3
2375,30.395,5,-0.943,-0.06,-0.33,0.01,15.48,38.36,7.27,0.63,0.47,-0.31,4.09,-5.95,-54.17,86.67,-0.09,-0.39,0.84,3
2376,30.397,6,0.777,-0.05,0.15,-0.61,296.56,9.49,-15.17,0.34,0.2,-0.25,4.09,-30.52,72.78,54.47,0.15,0.1,0.81,3
2377,30.401999999999997,4,-0.9690000000000001,0.08,-0.17,0.16,353.24,17.8,-12.76,-0.07,0.04,0.01,4.09,6.41,-17.85,-1.07,-0.35,-0.27,0.91,3
2378,30.403000000000002,7,-0.9590000000000001,-0.1,0.11,0.24,344.84,-9.91,14.62,-0.14,-0.01,-0.02,0.0,11.75,-35.1,27.47,0.06,0.2,0.97,3
2379,30.406999999999996,1,-0.14300000000000002,0.7,-0.08,-0.69,87.53,84.77,-88.49,-0.31,-0.18,-0.11,4.09,-27.16,-18.46,-14.34,-0.89,-0.16,0.35,3
2380,30.409000000000002,3,-0.9490000000000001,0.12,0.03,-0.29,47.72,0.94,-14.47,-0.01,0.39,0.44,4.09,-20.29,-12.05,32.35,-0.29,-0.42,1.13,3
2381,30.508000000000003,2,0.768,0.19,-0.17,-0.59,298.53,-2.82,29.52,-0.22,-0.07,-0.0,4.09,27.16,-15.72,-24.41,-0.04,0.3,1.03,3
2382,30.51,6,0.7829999999999999,-0.06,0.22,-0.58,298.04,16.22,-20.77,0.42,0.12,-0.36,4.09,-41.2,34.64,38.91,0.05,0.11,0.77,3
2383,30.516,5,-0.9540000000000001,-0.06,-0.29,-0.05,23.38,33.0,9.38,0.1,0.25,0.61,4.09,-9.77,1.53,49.9,-0.6,-0.27,1.4,3
2384,30.518,7,-0.9590000000000001,-0.1,0.15,0.22,346.26,-13.84,15.13,-0.15,0.05,-0.08,0.0,3.36,-35.1,34.48,0.13,0.12,0.9,3
2385,30.522,4,-0.971,0.08,-0.16,0.16,353.4,16.08,-12.08,-0.03,0.02,-0.0,4.09,5.19,-19.84,0.61,-0.31,-0.24,0.92,3
2386,30.524,0,-0.19,0.68,-0.05,-0.7,103.83,78.84,-70.28,-0.1,0.02,-0.09,4.09,-0.76,-1.83,20.29,-0.91,-0.13,0.14,3
2387,30.529,1,-0.131,0.7,-0.06,-0.7,98.97,84.16,-79.55,-0.17,-0.25,-0.14,4.09,-18.46,-24.72,20.75,-0.83,-0.26,0.28,3
2388,30.53,3,-0.948,0.14,0.04,-0.28,46.9,0.58,-17.11,0.26,0.16,-0.11,4.09,-11.75,-32.81,25.02,0.1,-0.46,0.81,3
2389,30.604,2,0.754,0.2,-0.19,-0.59,296.7,-3.08,32.35,-0.18,0.06,0.04,4.09,27.47,-11.9,-10.99,0.08,0.39,0.92,3
2390,30.605999999999998,0,-0.158,0.67,-0.07,-0.72,120.63,81.77,-55.09,-0.23,-0.18,-0.23,4.09,-29.91,-11.29,80.87,-0.74,-0.2,0.34,3
2391,30.611,5,-0.961,-0.06,-0.26,-0.06,23.37,30.0,9.77,0.08,-0.0,0.01,4.09,4.12,-32.96,-11.29,-0.41,0.13,0.9,3
2392,30.613000000000003,6,0.785,-0.09,0.27,-0.55,299.28,18.74,-27.17,0.63,0.38,-0.89,4.09,-34.33,-35.55,21.51,0.36,0.36,0.48,3
2393,30.619,4,-0.975,0.08,-0.13,0.16,354.12,13.73,-11.23,-0.06,0.03,0.0,4.09,8.24,-27.01,5.04,-0.28,-0.22,0.94,3
2394,30.621,7,-0.958,-0.09,0.19,0.2,347.72,-18.7,14.84,-0.16,-0.11,-0.04,0.0,-11.75,-54.02,-3.05,0.13,0.21,0.93,3
2395,30.627,1,-0.09699999999999999,0.69,-0.06,-0.72,137.11,85.78,-44.42,-0.38,-0.21,-0.09,4.09,-28.53,-8.85,35.25,-0.86,-0.17,0.51,3
2396,30.628,3,-0.935,0.14,0.06,-0.32,52.04,-1.59,-17.86,-0.11,0.06,0.02,4.09,-17.4,-32.96,32.65,-0.09,-0.29,0.99,3
2397,30.691999999999997,2,0.74,0.22,-0.21,-0.6,294.95,-2.91,35.0,-0.37,0.06,-0.01,4.09,37.54,-1.07,-12.51,0.04,0.25,1.01,3
2398,30.694000000000003,0,-0.092,0.67,-0.07,-0.73,169.6,84.67,-11.06,-0.01,0.4,0.41,4.09,-44.86,9.92,34.18,-1.4,0.39,0.01,3
2399,30.7,5,-0.9640000000000001,-0.06,-0.25,-0.07,25.1,27.97,10.11,-0.02,0.07,0.0,4.09,-4.43,-15.11,27.31,-0.5,0.1,0.86,3
2400,30.701999999999998,6,0.7859999999999999,-0.15,0.25,-0.55,300.67,13.36,-31.09,0.25,0.63,-1.47,4.09,15.41,-50.66,-24.11,0.76,0.24,-0.25,3
2401,30.706,4,-0.98,0.07,-0.1,0.16,354.93,10.44,-10.01,-0.04,0.02,0.06,4.09,8.39,-36.16,2.9,-0.21,-0.21,1.03,3
2402,30.708000000000002,7,-0.9520000000000001,-0.06,0.24,0.18,349.29,-25.44,12.76,-0.48,-0.24,0.33,0.0,1.53,-37.38,-5.65,0.06,0.31,1.41,3
2403,30.712,1,-0.064,0.69,-0.05,-0.72,171.29,87.34,-13.27,-1.21,1.21,0.53,4.09,-33.42,36.77,-33.57,-1.36,1.56,1.15,3
2404,30.714000000000002,3,-0.922,0.15,0.08,-0.35,55.69,-2.54,-19.59,0.08,0.01,0.11,4.09,-16.48,-28.99,50.96,0.11,-0.34,1.07,3
2405,30.81,2,0.722,0.25,-0.25,-0.59,293.84,-3.73,41.59,-0.39,-0.15,-0.01,4.09,96.28,-17.4,-34.33,-0.21,0.42,1.04,3
2406,30.811999999999998,6,0.779,-0.19,0.22,-0.56,300.73,7.96,-32.95,0.25,0.07,0.12,4.09,-4.12,-32.81,-21.82,-0.02,-0.38,1.05,3
2407,30.818,5,-0.9670000000000001,-0.07,-0.23,-0.08,25.94,26.18,10.51,0.19,0.18,0.05,4.09,11.75,-7.48,-6.71,-0.34,-0.02,1.02,3
2408,30.82,0,-0.057,0.68,-0.07,-0.73,204.63,85.75,21.0,0.12,-0.07,0.02,4.09,-28.53,4.58,27.62,-1.01,-0.02,-0.03,3
2409,30.825,4,-0.978,0.08,-0.07,0.18,352.99,6.64,-10.83,-0.9,-0.08,-0.02,4.09,-23.19,-17.09,-28.23,-1.0,-0.4,0.83,3
2410,30.826999999999998,7,-0.956,-0.05,0.22,0.19,348.98,-23.19,11.63,-0.48,0.44,-0.16,0.0,-34.03,54.78,49.9,0.12,-0.42,0.98,3
2411,30.833000000000002,1,-0.063,0.71,-0.04,-0.7,68.07,88.06,-117.41,-0.07,-0.06,0.0,4.09,10.22,-3.66,26.4,-1.01,-0.05,0.12,3
2412,30.835,3,-0.9159999999999999,0.14,0.1,-0.36,58.15,-4.4,-18.92,0.32,0.29,-0.18,4.09,-6.26,-22.43,29.45,0.1,-0.59,0.65,3
2413,30.901999999999997,2,0.723,0.28,-0.29,-0.56,295.95,-6.21,47.85,-0.03,0.12,0.05,4.09,5.04,29.3,88.96,0.18,0.77,0.7,3
2414,30.904,0,-0.031,0.68,-0.07,-0.73,224.83,85.06,38.71,-0.04,-0.14,-0.1,4.09,-26.86,-1.83,22.74,-0.91,-0.08,0.12,3
2415,30.909000000000002,5,-0.971,-0.06,-0.22,-0.08,25.31,24.42,9.28,0.04,0.1,0.01,4.09,-14.5,-43.33,-24.72,-0.38,0.05,0.94,3
2416,30.91,6,0.787,-0.21,0.21,-0.54,303.25,5.99,-34.18,0.74,-0.05,-0.22,4.09,1.83,-28.99,-8.7,0.11,0.1,1.06,3
2417,30.915,4,-0.966,0.1,-0.15,0.19,350.33,14.61,-14.69,-1.09,0.23,-0.25,4.09,-67.9,146.33,3.81,-1.03,-0.77,0.27,3
2418,30.916999999999998,7,-0.9740000000000001,-0.02,0.16,0.16,354.84,-18.02,5.81,-0.21,-0.29,0.05,0.0,-21.67,79.65,4.43,0.05,0.34,1.09,3
2419,30.921,1,-0.045,0.71,-0.06,-0.7,328.3,88.63,142.49,-0.26,0.11,-0.11,4.09,-7.32,-3.36,15.26,-0.9,0.19,0.21,3
2420,30.923000000000002,3,-0.9079999999999999,0.14,0.11,-0.38,60.49,-5.07,-19.57,0.03,-0.02,-0.03,4.09,7.48,-19.07,18.46,0.13,-0.33,0.9,3
2421,30.994,2,0.737,0.27,-0.26,-0.57,297.24,-4.45,43.24,-0.65,0.06,-0.33,4.09,-140.38,59.51,-11.6,-0.04,-0.06,0.94,3
2422,30.996,0,0.002,0.68,-0.06,-0.73,244.81,83.44,55.68,-0.15,-0.04,-0.12,4.09,-32.04,9.46,26.86,-0.86,0.07,0.22,3
2423,31.0,5,-0.977,-0.05,-0.2,-0.06,23.18,22.22,8.1,-0.02,0.04,0.01,4.09,3.97,-15.11,-2.59,-0.4,0.09,0.91,3
2424,31.002,6,0.779,-0.23,0.19,-0.55,302.85,2.45,-34.88,0.59,-0.04,-0.22,4.09,6.26,-20.9,-5.8,0.12,0.05,0.96,3
2425,31.006,4,-0.94,0.13,-0.27,0.17,348.56,27.08,-22.41,-0.03,0.4,-0.19,4.09,-55.69,93.54,39.83,-0.24,-0.65,0.62,3
2426,31.008000000000003,7,-0.98,-0.02,0.1,0.17,353.88,-10.64,4.16,-0.21,-0.18,0.12,0.0,-7.93,101.78,-20.45,-0.05,0.19,1.11,3
2427,31.011999999999997,1,-0.047,0.71,-0.06,-0.7,300.1,88.6,115.02,-0.31,-0.06,-0.05,4.09,15.72,-6.56,0.31,-0.95,-0.01,0.31,3
2428,31.013,3,-0.898,0.14,0.12,-0.4,63.07,-6.26,-20.28,-0.02,0.03,0.0,4.09,-17.09,-18.77,26.86,0.05,-0.3,0.96,3
2429,31.12,2,0.816,0.19,-0.17,-0.52,307.86,-4.35,28.98,-0.34,0.25,0.08,4.09,-137.63,83.31,192.26,0.19,0.27,1.13,3
2430,31.122,0,0.039,0.69,-0.06,-0.72,262.94,81.7,70.38,-0.24,0.07,0.04,4.09,-29.6,14.8,22.13,-0.98,0.24,0.3,3
2431,31.125,5,-0.98,-0.05,-0.18,-0.06,22.65,20.61,7.62,0.09,0.06,0.01,4.09,5.04,-5.49,0.46,-0.29,0.06,0.96,3
2432,31.127,7,-0.981,-0.04,0.02,0.19,352.25,-0.85,4.69,-0.04,-0.12,-0.1,0.0,13.28,90.64,-45.62,-0.06,0.15,0.87,3
2433,31.131,4,-0.9279999999999999,0.14,-0.31,0.14,349.23,32.5,-25.06,0.74,0.29,-0.21,4.09,4.88,-11.6,-40.44,0.24,-0.33,1.07,3
2434,31.133000000000003,3,-0.887,0.15,0.14,-0.41,65.48,-6.77,-22.58,0.08,0.05,-0.01,4.09,-25.33,-22.43,39.06,0.13,-0.44,0.88,3
2435,31.136999999999997,1,-0.052000000000000005,0.7,-0.07,-0.71,272.8,88.36,88.78,-0.38,-0.09,-0.09,4.09,9.16,3.36,9.0,-0.9,0.0,0.41,3
2436,31.139,6,0.785,-0.24,0.17,-0.55,304.35,-0.02,-33.89,0.54,-0.13,-0.2,4.09,4.58,-35.4,1.07,0.05,0.02,0.97,3
2437,31.195999999999998,2,0.9009999999999999,0.11,-0.07,-0.42,324.29,-2.12,14.57,0.33,-0.02,-0.17,4.09,-119.17,65.46,52.8,0.21,0.41,0.72,3
2438,31.199,0,0.061,0.7,-0.05,-0.71,274.6,80.8,79.74,0.08,0.52,0.31,4.09,-19.68,2.44,-18.92,-1.21,0.71,-0.04,3
2439,31.203000000000003,5,-0.981,-0.06,-0.17,-0.06,22.54,19.6,8.15,0.03,0.02,0.01,4.09,7.78,-13.12,2.14,-0.3,0.1,0.96,3
2440,31.205,7,-0.973,-0.05,-0.05,0.22,349.02,7.27,4.64,0.11,0.1,-0.3,0.0,-1.07,56.0,-31.89,0.09,-0.04,0.66,3
2441,31.209,4,-0.9309999999999999,0.14,-0.29,0.18,346.35,29.2,-24.12,1.13,0.17,-0.27,4.09,24.57,20.6,-97.81,0.68,-0.05,1.14,3
2442,31.21,3,-0.866,0.16,0.16,-0.44,70.12,-7.92,-25.62,-0.01,0.03,0.07,4.09,-17.4,-17.55,30.82,0.16,-0.44,0.99,3
2443,31.318,1,-0.055,0.7,-0.08,-0.71,251.79,87.8,68.59,-0.28,-0.05,-0.13,4.09,5.8,-17.85,-3.2,-0.86,0.03,0.3,3
2444,31.32,0,0.054000000000000006,0.69,-0.02,-0.72,268.34,83.35,71.82,-0.13,-0.08,0.01,4.09,-15.87,-12.51,-19.68,-1.01,0.06,0.16,3
2445,31.323,2,0.92,0.06,-0.04,-0.39,328.44,-1.3,8.12,-0.04,-0.07,0.43,4.09,-14.8,1.98,1.53,-0.04,0.26,1.55,3
2446,31.325,6,0.8079999999999999,-0.26,0.08,-0.52,310.77,-8.74,-30.83,0.47,-0.07,-0.19,4.09,13.12,-54.63,-2.9,0.27,-0.01,0.9,3
2447,31.329,5,-0.983,-0.06,-0.16,-0.06,22.95,18.26,8.43,0.09,0.07,0.0,4.09,7.02,-7.63,1.37,-0.3,0.11,0.96,3
2448,31.33,7,-0.97,-0.06,-0.08,0.22,348.61,10.83,4.26,0.28,0.11,-0.16,0.0,3.97,-2.59,6.41,0.15,0.08,0.87,3
2449,31.335,4,-0.94,0.11,-0.28,0.16,349.26,29.65,-19.43,-0.31,-0.1,-0.18,4.09,-14.65,-31.59,-9.0,-0.59,-0.66,0.53,3
2450,31.337,3,-0.855,0.17,0.18,-0.46,72.36,-8.99,-27.56,-0.09,0.02,-0.1,4.09,-24.11,-25.18,16.94,0.06,-0.38,0.81,3
2451,31.416,1,-0.06,0.68,-0.07,-0.72,205.36,86.41,22.14,-0.43,0.02,-0.08,4.09,-2.9,-30.82,-15.41,-0.89,0.11,0.49,3
2452,31.418000000000003,6,0.8190000000000001,-0.28,0.03,-0.5,314.81,-13.11,-30.07,0.53,-0.1,-0.18,4.09,31.59,-59.36,-14.5,0.38,0.05,0.93,3
2453,31.421,2,0.9229999999999999,0.1,-0.03,-0.37,330.44,0.46,11.75,0.11,0.05,-0.34,4.09,41.66,1.83,23.5,0.06,0.24,0.62,3
2454,31.423000000000002,0,0.037000000000000005,0.68,-0.01,-0.73,235.42,84.71,38.84,-0.29,0.19,-0.22,4.09,3.81,-19.84,-37.23,-0.75,0.27,0.33,3
2455,31.427,5,-0.9840000000000001,-0.06,-0.15,-0.06,22.65,16.84,8.7,-0.01,0.02,0.02,4.09,-9.77,-29.75,3.81,-0.3,0.11,0.96,3
2456,31.429000000000002,7,-0.975,-0.06,-0.07,0.21,350.56,8.68,4.93,-0.34,0.37,0.89,0.0,-0.92,-21.06,28.08,-0.41,-0.22,1.78,3
2457,31.433000000000003,4,-0.95,0.11,-0.26,0.14,352.62,27.26,-18.49,0.01,-0.16,0.02,4.09,18.46,-11.9,-10.99,-0.49,-0.17,0.88,3
2458,31.435,3,-0.828,0.2,0.22,-0.47,76.87,-10.51,-33.29,-0.11,0.18,-0.27,4.09,-97.2,-43.49,31.74,-0.04,-0.44,0.64,3
2459,31.515,1,-0.063,0.67,-0.07,-0.74,193.33,84.32,10.0,-0.4,0.12,-0.09,4.09,0.76,4.12,-3.51,-0.93,0.24,0.45,3
2460,31.517,6,0.833,-0.28,-0.03,-0.47,319.46,-18.28,-28.18,0.73,-0.44,-0.0,4.09,32.2,-30.21,29.6,0.4,0.34,1.2,3
2461,31.521,2,0.917,0.11,-0.06,-0.38,328.74,-1.14,13.83,-0.27,0.02,0.02,4.09,31.43,-19.23,-53.25,-0.14,-0.0,1.03,3
2462,31.523000000000003,0,0.013999999999999999,0.68,0.01,-0.74,199.67,85.12,3.71,0.05,-0.25,0.09,4.09,8.7,-3.97,-6.26,-1.16,-0.22,-0.03,3
2463,31.526999999999997,5,-0.987,-0.07,-0.13,-0.07,22.93,14.14,8.67,0.01,0.09,0.09,4.09,24.72,-16.17,31.13,-0.3,0.08,1.07,3
2464,31.528000000000002,7,-0.981,-0.06,-0.03,0.18,353.26,4.33,6.44,-0.28,-0.75,0.13,0.0,16.94,-54.32,-7.17,-0.61,0.64,1.08,3
2465,31.533,4,-0.953,0.11,-0.24,0.15,351.96,25.18,-17.71,-0.11,0.09,0.0,4.09,7.48,-28.38,-5.04,-0.49,-0.39,0.8,3
2466,31.535,3,-0.81,0.25,0.29,-0.45,77.52,-13.92,-42.54,0.0,0.07,0.27,4.09,-41.96,-7.32,14.65,0.19,-0.79,0.92,3
2467,31.616999999999997,1,-0.034,0.69,-0.1,-0.72,257.21,84.61,73.76,-0.3,0.34,-0.12,4.09,-3.81,61.8,51.57,-0.88,0.6,0.1,3
2468,31.619,0,-0.012,0.68,0.01,-0.74,173.54,84.84,-20.37,-0.11,-0.13,0.16,4.09,19.38,5.19,-36.32,-1.11,-0.15,0.17,3
2469,31.623,2,0.897,0.13,-0.07,-0.42,323.95,-1.48,16.82,0.11,-0.0,-0.26,4.09,38.45,-6.71,-26.55,0.08,0.33,0.69,3
2470,31.625,6,0.845,-0.28,-0.04,-0.45,322.38,-18.53,-27.93,0.99,-0.71,-0.03,4.09,10.07,45.32,-23.04,0.39,0.62,1.25,3
2471,31.628,5,-0.971,-0.13,-0.14,-0.14,33.11,13.61,17.55,-0.97,0.3,0.14,4.09,83.62,57.83,64.85,-1.28,0.28,0.75,3
2472,31.63,7,-0.981,-0.07,0.0,0.18,353.4,1.05,8.16,-0.02,-0.17,-0.06,0.0,19.84,-32.04,20.29,-0.12,0.32,0.9,3
2473,31.635,4,-0.956,0.1,-0.23,0.15,352.47,23.93,-17.14,-0.07,0.02,0.0,4.09,-9.31,3.51,-3.05,-0.47,-0.3,0.83,3
2474,31.636,3,-0.8170000000000001,0.25,0.25,-0.45,76.0,-10.38,-40.45,-0.27,-0.06,-0.13,4.09,91.09,92.77,-6.41,0.07,-0.37,0.84,3
2475,31.715,2,0.877,0.16,-0.08,-0.45,319.86,-0.07,20.2,-0.3,0.26,0.07,4.09,19.99,-19.99,-53.71,-0.01,-0.02,1.06,3
2476,31.717,0,-0.055,0.68,0.03,-0.73,135.3,82.26,-56.36,-0.13,-0.05,-0.06,4.09,19.84,7.32,-46.84,-0.91,-0.16,0.2,3
2477,31.721999999999998,1,-0.013999999999999999,0.72,-0.1,-0.68,302.37,82.2,117.83,-0.16,0.02,0.23,4.09,-6.71,16.78,-15.41,-1.21,0.26,0.07,3
2478,31.724,6,0.831,-0.25,-0.01,-0.5,315.87,-15.26,-25.22,0.3,-0.14,-0.12,4.09,-2.75,78.89,-45.47,0.25,-0.13,0.92,3
2479,31.728,5,-0.9440000000000001,-0.17,-0.23,-0.16,38.18,22.3,25.81,-1.09,0.26,-0.13,4.09,70.5,145.26,-52.34,-1.36,0.32,0.3,3
2480,31.73,7,-0.976,-0.08,0.03,0.2,351.11,-1.46,10.07,-0.22,0.14,-0.05,0.0,17.09,-27.47,-3.51,-0.14,-0.03,0.99,3
2481,31.735,4,-0.9570000000000001,0.1,-0.22,0.15,352.13,23.46,-16.87,-0.06,-0.03,-0.0,4.09,15.41,-10.83,-12.36,-0.47,-0.28,0.83,3
2482,31.737,3,-0.872,0.21,0.14,-0.42,66.65,-4.16,-28.86,0.26,-0.04,0.16,4.09,121.15,114.44,-46.54,0.28,-0.7,0.93,3
2483,31.815,1,-0.039,0.74,-0.07,-0.67,344.9,84.1,159.73,-0.13,-0.1,-0.07,4.09,4.12,1.83,-60.58,-0.92,-0.07,0.1,3
2484,31.816999999999997,0,-0.08900000000000001,0.68,0.03,-0.72,120.94,79.47,-68.67,-0.17,0.08,-0.01,4.09,20.9,14.04,-28.84,-0.98,-0.07,0.23,3
2485,31.822,2,0.865,0.16,-0.1,-0.46,317.28,-1.48,21.62,-0.17,-0.05,0.01,4.09,15.87,-11.9,18.31,-0.05,0.35,0.93,3
2486,31.824,7,-0.977,-0.09,0.05,0.19,351.77,-3.45,10.86,-0.12,0.0,-0.03,0.0,7.02,-17.24,23.8,-0.03,0.12,0.98,3
2487,31.826999999999998,5,-0.909,-0.16,-0.37,-0.11,38.57,39.24,29.25,0.22,0.21,-0.2,4.09,-37.08,135.8,-45.93,-0.22,0.05,0.82,3
2488,31.829,6,0.8220000000000001,-0.22,0.06,-0.52,310.56,-7.23,-24.89,0.38,-0.24,-0.17,4.09,-5.8,83.01,-5.19,0.05,0.05,0.95,3
2489,31.835,4,-0.9620000000000001,0.1,-0.2,0.16,352.73,21.21,-15.73,-0.05,0.06,-0.0,4.09,7.32,-18.92,0.31,-0.38,-0.33,0.86,3
2490,31.837,3,-0.9,0.15,0.06,-0.4,62.4,0.44,-18.93,0.23,0.22,-0.07,4.09,76.6,5.8,1.53,-0.01,-0.58,0.81,3
2491,31.925,1,-0.066,0.74,-0.04,-0.66,27.24,83.29,-158.08,-0.31,-0.18,-0.15,4.09,-1.83,-1.68,-25.33,-0.87,-0.16,0.23,3
2492,31.927,0,-0.11800000000000001,0.69,0.03,-0.72,111.09,77.55,-75.98,-0.08,-0.0,-0.07,4.09,16.02,13.73,-27.62,-0.91,-0.18,0.14,3
2493,31.93,2,0.8590000000000001,0.16,-0.12,-0.47,315.92,-2.79,23.02,-0.19,-0.06,-0.01,4.09,15.56,-25.18,-16.17,-0.12,0.29,0.96,3
2494,31.932,6,0.8240000000000001,-0.2,0.13,-0.52,309.72,0.89,-27.22,0.56,-0.05,-0.04,4.09,-27.77,89.72,54.32,0.17,0.03,1.08,3
2495,31.936999999999998,5,-0.897,-0.07,-0.42,-0.12,37.69,47.36,19.41,1.1,-0.28,-0.12,4.09,-121.15,-17.7,-21.21,0.21,0.3,1.4,3
2496,31.941,7,-0.981,-0.09,0.07,0.16,354.99,-6.05,11.2,-0.12,-0.04,-0.03,0.0,4.43,-22.89,41.81,-0.02,0.19,0.96,3
2497,31.948,4,-0.965,0.09,-0.19,0.16,353.23,19.57,-14.78,-0.03,-0.02,0.01,4.09,-0.46,-17.7,4.88,-0.35,-0.25,0.92,3
2498,31.951999999999998,3,-0.9129999999999999,0.14,0.05,-0.38,59.37,1.06,-16.66,0.37,0.03,-0.18,4.09,-13.28,24.87,-69.12,0.22,-0.75,0.83,3
2499,32.016999999999996,1,-0.063,0.74,-0.02,-0.67,42.16,83.71,-145.0,-0.39,-0.13,-0.09,4.09,-32.35,-16.02,-4.58,-0.94,-0.14,0.31,3
2500,32.019,6,0.8270000000000001,-0.18,0.22,-0.49,309.95,10.6,-30.81,0.59,0.02,-0.36,4.09,-45.17,79.35,40.74,0.17,0.11,0.85,3
2501,32.023,2,0.845,0.17,-0.13,-0.49,313.36,-3.26,25.01,-0.13,0.09,0.01,4.09,23.04,-11.9,-29.14,0.07,0.23,0.99,3
2502,32.024,0,-0.132,0.69,0.04,-0.71,105.86,76.03,-80.59,-0.02,0.04,0.01,4.09,-6.41,-1.22,2.59,-0.97,-0.17,0.08,3
2503,32.028,5,-0.9259999999999999,-0.02,-0.35,-0.15,35.77,39.59,10.75,0.6,0.07,0.13,4.09,-19.38,-117.65,-7.78,-0.43,-0.2,1.17,3
2504,32.03,7,-0.983,-0.09,0.09,0.13,357.75,-8.82,11.65,-0.15,-0.01,0.02,0.0,6.56,-27.77,19.53,0.01,0.17,1.01,3
2505,32.034,4,-0.9670000000000001,0.09,-0.18,0.16,353.44,18.5,-14.11,-0.04,0.0,0.0,4.09,10.38,-8.7,-1.07,-0.36,-0.25,0.91,3
2506,32.036,3,-0.91,0.14,0.05,-0.39,59.87,1.21,-16.91,-0.09,-0.14,-0.02,4.09,-6.56,5.65,-23.04,0.01,-0.26,0.95,3
2507,32.107,1,-0.049,0.72,0.0,-0.69,68.15,84.84,-122.17,-0.23,-0.14,-0.1,4.09,-25.02,-19.38,-0.15,-0.9,-0.21,0.19,3
2508,32.109,0,-0.12,0.69,0.04,-0.71,108.32,77.21,-78.8,-0.11,0.01,-0.04,4.09,-8.54,-8.85,20.14,-0.9,-0.18,0.18,3
2509,32.111999999999995,2,0.8270000000000001,0.18,-0.15,-0.51,309.83,-3.25,27.07,-0.17,0.1,-0.1,4.09,25.02,-20.45,-43.79,0.05,0.21,0.92,3
2510,32.114000000000004,6,0.8170000000000001,-0.18,0.29,-0.46,309.16,18.19,-37.0,0.62,0.01,-0.48,4.09,-34.48,24.26,31.28,0.1,0.09,0.86,3
2511,32.118,5,-0.924,-0.04,-0.32,-0.21,44.16,34.82,14.8,-0.15,-0.14,0.04,4.09,2.59,-30.06,27.77,-0.62,0.4,0.77,3
2512,32.12,7,-0.983,-0.09,0.12,0.11,0.41,-12.98,11.47,-0.16,-0.03,-0.04,0.0,-1.53,-51.73,47.15,0.07,0.17,0.95,3
2513,32.124,4,-0.9690000000000001,0.08,-0.17,0.16,353.06,17.76,-12.5,-0.09,0.0,-0.01,4.09,28.08,-12.97,-2.75,-0.39,-0.21,0.89,3
2514,32.126,3,-0.9129999999999999,0.14,0.06,-0.38,59.17,-0.01,-17.21,0.09,0.1,-0.13,4.09,-4.12,-40.28,24.87,-0.03,-0.37,0.79,3
2515,32.223,1,-0.03,0.71,0.01,-0.71,102.13,86.66,-90.38,-0.33,-0.13,-0.15,4.09,-22.13,-36.16,37.08,-0.84,-0.16,0.34,3
2516,32.225,6,0.815,-0.21,0.31,-0.44,310.14,18.94,-40.92,0.72,-0.03,-0.7,4.09,-14.04,-31.43,0.61,0.21,0.24,0.68,3
2517,32.229,2,0.813,0.19,-0.16,-0.53,307.28,-4.05,28.57,-0.15,-0.14,-0.02,4.09,15.26,-11.6,3.97,-0.07,0.45,0.9,3
2518,32.23,0,-0.102,0.69,0.03,-0.72,115.57,78.93,-72.7,-0.15,-0.01,-0.02,4.09,-14.5,-16.63,30.21,-0.95,-0.17,0.2,3
2519,32.235,5,-0.9329999999999999,-0.05,-0.29,-0.21,43.36,31.38,14.06,0.1,0.05,0.0,4.09,-7.48,-27.31,8.39,-0.49,0.18,0.89,3
2520,32.236999999999995,7,-0.9790000000000001,-0.08,0.17,0.07,3.63,-19.07,11.15,-0.12,-0.09,0.05,0.0,5.8,-46.23,9.31,0.24,0.24,0.99,3
2521,32.24,4,-0.975,0.06,-0.15,0.15,354.79,15.26,-10.12,0.02,-0.04,-0.0,4.09,9.61,-30.98,16.17,-0.32,-0.12,0.94,3
2522,32.242,3,-0.904,0.14,0.08,-0.4,61.83,-1.55,-18.02,0.0,0.06,0.07,4.09,-9.0,-13.58,9.46,-0.01,-0.38,1.01,3
2523,32.319,1,0.004,0.69,0.0,-0.72,196.34,87.66,1.67,-0.38,0.04,-0.08,4.09,-9.61,-1.37,23.04,-0.89,0.01,0.4,3
2524,32.321,6,0.8140000000000001,-0.24,0.29,-0.44,311.37,15.01,-42.36,1.13,-0.63,0.44,4.09,14.04,-23.65,6.56,-0.11,-0.1,1.03,3
2525,32.327,2,0.8170000000000001,0.2,-0.17,-0.51,308.86,-4.18,30.62,-0.23,-0.02,-0.07,4.09,32.96,19.53,33.42,0.06,0.37,0.94,3
2526,32.328,0,-0.057,0.67,0.02,-0.74,143.72,82.25,-46.97,-0.12,0.14,0.04,4.09,-28.53,-11.6,33.87,-1.03,0.05,0.18,3
2527,32.334,5,-0.9359999999999999,-0.05,-0.27,-0.21,43.47,29.46,13.93,-0.01,0.06,-0.0,4.09,1.83,-21.97,-0.15,-0.52,0.16,0.85,3
2528,32.336,7,-0.97,-0.08,0.22,0.07,2.75,-24.06,12.1,-0.18,-0.2,0.08,0.0,12.21,-58.75,-0.46,0.24,0.37,1.04,3
2529,32.341,4,-0.981,0.06,-0.12,0.14,356.64,12.41,-8.52,-0.12,-0.04,0.02,4.09,19.53,-33.42,9.46,-0.21,-0.2,0.99,3
2530,32.342,3,-0.8959999999999999,0.13,0.09,-0.41,64.2,-2.94,-18.22,0.37,0.1,-0.06,4.09,4.43,-30.67,32.04,0.2,-0.64,0.83,3
2531,32.409,1,0.021,0.7,0.0,-0.72,240.09,87.56,44.3,-0.31,-0.15,0.35,4.09,-12.05,9.31,-19.68,-1.49,0.13,0.41,3
2532,32.411,0,-0.019,0.67,0.0,-0.74,176.77,84.27,-15.8,-0.04,-0.11,0.19,4.09,-28.69,3.05,39.98,-1.18,-0.11,0.15,3
2533,32.414,2,0.813,0.23,-0.19,-0.5,309.34,-4.37,34.35,-0.08,0.0,-0.1,4.09,50.51,-26.86,-30.82,0.03,0.45,0.8,3
2534,32.416,6,0.816,-0.26,0.26,-0.44,312.45,11.63,-42.22,0.63,-0.03,0.2,4.09,1.98,-33.72,-33.72,0.02,-0.37,1.28,3
2535,32.421,5,-0.9440000000000001,-0.05,-0.25,-0.21,42.3,26.86,13.01,0.08,0.02,0.01,4.09,-10.07,-21.06,5.49,-0.41,0.14,0.92,3
2536,32.423,7,-0.963,-0.09,0.24,0.09,359.65,-25.85,13.97,-0.38,0.34,-0.08,0.0,-10.53,7.93,3.51,0.14,-0.41,1.22,3
2537,32.427,4,-0.9840000000000001,0.04,-0.09,0.15,356.06,9.72,-5.79,-0.16,-0.01,0.11,4.09,28.69,-18.77,-11.9,-0.43,-0.15,1.11,3
2538,32.428000000000004,3,-0.89,0.12,0.1,-0.43,66.19,-3.96,-17.12,0.29,0.0,-0.18,4.09,3.05,-18.77,-10.68,0.25,-0.53,0.62,3
2539,32.52,1,0.005,0.72,0.02,-0.7,47.57,87.81,-148.46,0.04,-0.16,0.11,4.09,2.59,10.53,1.22,-1.1,-0.16,-0.06,3
2540,32.522,6,0.816,-0.28,0.25,-0.44,313.46,9.17,-42.7,0.75,-0.18,-0.33,4.09,3.2,-26.86,-18.16,0.1,0.03,1.02,3
2541,32.525,2,0.7909999999999999,0.26,-0.23,-0.5,306.95,-5.81,40.37,0.04,-0.14,0.15,4.09,66.99,-34.03,-0.31,0.03,0.86,0.81,3
2542,32.527,0,0.015,0.68,-0.0,-0.73,215.32,85.49,20.4,-0.02,-0.06,-0.12,4.09,-32.5,17.7,37.54,-0.9,-0.05,0.08,3
2543,32.531,5,-0.945,-0.04,-0.24,-0.22,43.28,25.25,11.86,-0.03,0.07,-0.01,4.09,-13.12,-21.82,-2.9,-0.46,0.12,0.9,3
2544,32.533,7,-0.975,-0.05,0.2,0.08,3.09,-22.41,8.51,-0.39,0.02,-0.06,0.0,-56.61,75.99,13.73,0.0,0.06,1.02,3
2545,32.537,4,-0.953,0.06,-0.16,0.25,342.71,15.97,-11.28,-0.88,0.03,-0.18,4.09,-96.59,175.17,-151.67,-0.65,-0.65,0.18,3
2546,32.539,3,-0.877,0.11,0.12,-0.45,69.58,-6.31,-17.62,-0.18,0.13,0.17,4.09,9.16,-20.9,19.23,-0.02,-0.2,1.08,3
2547,32.617,1,0.011000000000000001,0.72,0.01,-0.69,4.29,87.51,168.89,-0.17,-0.14,-0.01,4.09,5.19,-6.87,33.57,-0.98,-0.12,0.11,3
2548,32.619,6,0.82,-0.28,0.23,-0.44,314.52,7.77,-42.34,0.72,-0.3,-0.43,4.09,4.27,-14.95,-10.53,0.02,0.18,0.96,3
2549,32.623000000000005,2,0.762,0.27,-0.25,-0.53,302.01,-5.45,43.1,-0.77,-0.02,-0.28,4.09,-61.8,35.71,11.14,-0.16,0.0,1.04,3
2550,32.624,0,0.054000000000000006,0.69,-0.01,-0.72,258.73,84.46,60.8,-0.07,0.0,0.02,4.09,-27.31,12.97,32.35,-0.99,0.09,0.1,3
2551,32.628,5,-0.945,-0.04,-0.23,-0.23,44.05,24.41,11.75,-0.08,0.01,0.0,4.09,6.26,13.28,28.08,-0.49,0.23,0.85,3
2552,32.63,7,-0.99,-0.01,0.12,0.07,5.29,-13.55,2.2,-0.34,-0.41,0.18,0.0,-37.69,114.14,2.14,-0.11,0.43,1.23,3
2553,32.634,4,-0.9209999999999999,0.14,-0.3,0.22,340.9,29.03,-25.65,-0.31,0.05,-0.21,4.09,-142.52,85.91,47.61,-0.57,-0.44,0.43,3
2554,32.635999999999996,3,-0.866,0.08,0.13,-0.47,72.64,-8.69,-16.07,0.11,0.11,-0.06,4.09,6.41,-26.55,26.55,0.1,-0.3,0.87,3
2555,32.72,1,0.021,0.72,-0.02,-0.69,318.03,86.03,123.9,-0.31,0.01,-0.11,4.09,13.73,-5.19,16.17,-0.9,0.07,0.28,3
2556,32.722,6,0.8240000000000001,-0.27,0.21,-0.45,314.61,5.58,-39.9,0.63,-0.22,-0.24,4.09,10.22,-13.58,-21.67,0.05,0.04,1.0,3
2557,32.725,2,0.8290000000000001,0.24,-0.2,-0.46,313.54,-6.12,35.84,-0.26,0.14,-0.01,4.09,-91.09,99.49,159.61,0.11,0.39,1.0,3
2558,32.727,0,0.085,0.69,0.0,-0.72,271.27,82.9,70.24,-0.2,0.04,0.04,4.09,-32.04,0.76,8.39,-1.01,0.14,0.24,3
2559,32.731,5,-0.945,-0.04,-0.22,-0.24,44.68,23.4,11.75,0.05,0.03,0.01,4.09,-6.71,-11.29,7.02,-0.38,0.15,0.93,3
2560,32.733000000000004,7,-0.9940000000000001,-0.01,0.02,0.1,2.09,-1.93,1.13,-0.03,-0.21,-0.01,0.0,10.38,119.93,-61.04,-0.03,0.23,0.98,3
2561,32.738,4,-0.897,0.2,-0.37,0.15,343.07,36.77,-35.25,0.32,0.0,-0.24,4.09,-53.56,12.66,77.51,-0.23,-0.31,0.76,3
2562,32.74,3,-0.855,0.07,0.15,-0.49,75.41,-10.38,-15.42,-0.03,0.04,-0.06,4.09,4.73,-23.5,14.34,0.13,-0.26,0.9,3
2563,32.828,1,0.016,0.72,-0.03,-0.69,309.7,85.66,117.01,-0.42,0.05,-0.13,4.09,18.46,-16.02,-5.95,-0.88,0.12,0.41,3
2564,32.83,6,0.826,-0.26,0.18,-0.47,314.2,2.74,-36.66,0.61,-0.25,-0.27,4.09,18.92,-18.92,-23.35,0.03,0.12,0.95,3
2565,32.836,2,0.903,0.19,-0.12,-0.37,328.94,-4.26,25.44,-0.06,0.04,0.21,4.09,-90.33,75.68,88.04,0.05,0.43,1.11,3
2566,32.836999999999996,0,0.099,0.69,0.02,-0.72,268.22,82.98,64.65,-0.22,0.05,-0.04,4.09,-18.62,-0.15,-9.77,-0.94,0.12,0.29,3
2567,32.843,5,-0.946,-0.05,-0.21,-0.24,44.86,22.49,12.01,0.05,0.09,0.01,4.09,4.58,-12.51,3.36,-0.4,0.17,0.91,3
2568,32.844,7,-0.985,-0.04,-0.07,0.16,356.28,8.1,2.83,0.14,0.08,-0.23,0.0,20.14,65.61,-54.32,0.04,0.02,0.8,3
2569,32.849000000000004,4,-0.9109999999999999,0.17,-0.36,0.09,351.98,39.06,-29.33,0.64,-0.05,0.16,4.09,51.88,-37.08,29.91,-0.27,-0.37,1.23,3
2570,32.851,3,-0.847,0.07,0.16,-0.5,77.03,-11.18,-16.49,-0.17,-0.01,0.04,4.09,-21.21,-5.65,9.61,0.14,-0.14,1.01,3
2571,32.93,2,0.9359999999999999,0.13,-0.06,-0.32,336.02,-1.9,16.72,0.18,-0.14,-0.04,4.09,-50.35,18.92,4.88,0.07,0.35,0.76,3
2572,32.931999999999995,6,0.833,-0.25,0.13,-0.48,314.64,-0.72,-32.65,0.46,-0.27,-0.24,4.09,26.4,-38.6,-11.75,0.02,0.05,0.92,3
2573,32.939,1,-0.0,0.7,-0.04,-0.72,255.71,86.77,64.61,-0.47,-0.0,-0.14,4.09,19.23,-21.21,-25.18,-0.85,0.05,0.49,3
2574,32.941,0,0.096,0.68,0.03,-0.72,257.81,83.9,53.34,-0.22,-0.04,-0.05,4.09,-4.58,-0.46,-14.95,-0.93,0.01,0.27,3
2575,32.946999999999996,5,-0.948,-0.05,-0.2,-0.24,44.37,21.26,12.16,0.07,0.07,-0.0,4.09,13.73,-12.21,-6.87,-0.34,0.08,0.95,3
2576,32.948,7,-0.9740000000000001,-0.05,-0.1,0.2,351.53,12.67,3.42,0.21,0.16,-0.37,0.0,16.63,-3.2,-33.72,0.13,-0.04,0.69,3
2577,32.954,4,-0.924,0.15,-0.33,0.12,350.39,34.73,-26.32,0.46,-0.09,-0.24,4.09,7.02,-21.51,-112.92,-0.1,-0.1,0.84,3
2578,32.955999999999996,3,-0.84,0.08,0.17,-0.51,78.36,-11.76,-18.92,-0.02,0.13,0.04,4.09,-33.26,-17.85,37.84,0.11,-0.3,0.99,3
2579,33.012,1,-0.028999999999999998,0.68,-0.03,-0.73,189.7,85.31,0.26,-0.39,-0.14,-0.11,4.09,3.81,-11.29,-25.02,-0.86,-0.12,0.47,3
2580,33.014,6,0.847,-0.23,0.08,-0.47,317.08,-4.77,-28.29,0.42,-0.16,-0.16,4.09,30.06,-51.88,22.74,0.18,-0.01,0.93,3
2581,33.019,2,0.9390000000000001,0.11,-0.06,-0.32,336.36,-2.45,14.72,-0.27,0.07,-0.13,4.09,8.54,-23.8,5.95,-0.15,0.01,0.91,3
2582,33.022,0,0.08800000000000001,0.68,0.04,-0.73,246.31,84.49,42.03,-0.1,0.14,-0.01,4.09,6.56,-8.7,-25.48,-0.97,0.19,0.18,3
2583,33.025999999999996,5,-0.9520000000000001,-0.06,-0.19,-0.23,43.18,19.81,12.76,-0.0,0.03,0.01,4.09,4.27,-21.06,-1.98,-0.33,0.16,0.94,3
2584,33.028,7,-0.9740000000000001,-0.05,-0.08,0.2,350.72,10.12,3.65,0.16,0.26,0.0,0.0,-3.2,-62.41,44.56,-0.1,-0.12,1.41,3
2585,33.035,4,-0.912,0.19,-0.28,0.24,337.92,24.65,-31.63,0.12,-0.01,0.46,4.09,55.24,-36.77,142.21,-0.81,-0.63,0.9,3
2586,33.036,3,-0.818,0.11,0.2,-0.53,82.24,-12.52,-23.8,-0.05,-0.04,-0.16,4.09,-61.19,-29.75,39.98,0.21,-0.3,0.77,3
2587,33.128,2,0.938,0.11,-0.08,-0.32,335.64,-5.11,14.56,-0.37,-0.25,0.29,4.09,10.53,-11.6,-9.92,-0.33,0.31,1.33,3
2588,33.13,6,0.8690000000000001,-0.23,0.03,-0.44,322.36,-8.08,-25.4,0.57,-0.12,-0.25,4.09,34.79,-62.26,24.57,0.35,0.2,0.95,3
2589,33.134,1,-0.047,0.66,-0.01,-0.75,169.64,82.56,-19.56,-0.43,-0.08,-0.07,4.09,1.07,6.26,-10.53,-0.86,-0.08,0.54,3
2590,33.135999999999996,0,0.06,0.67,0.04,-0.74,212.32,84.79,9.88,-0.15,-0.19,-0.02,4.09,9.92,-6.71,-18.77,-0.94,-0.16,0.2,3
2591,33.14,5,-0.9570000000000001,-0.07,-0.17,-0.22,42.26,17.41,13.26,-0.03,0.03,0.01,4.09,13.12,-30.52,-2.29,-0.31,0.19,0.94,3
2592,33.141,7,-0.981,-0.06,-0.05,0.17,354.34,7.3,5.78,-0.12,-0.06,-0.22,0.0,14.95,-30.52,78.43,-0.4,0.15,0.81,3
2593,33.145,4,-0.9440000000000001,0.13,-0.26,0.16,349.86,26.38,-21.83,0.19,-0.6,0.2,4.09,32.5,-31.28,54.17,-0.55,0.22,1.06,3
2594,33.147,3,-0.7979999999999999,0.14,0.26,-0.53,85.15,-15.62,-30.69,0.37,0.27,0.01,4.09,-70.65,-50.66,33.87,0.25,-0.92,0.63,3
2595,33.216,1,-0.036000000000000004,0.67,-0.01,-0.74,175.63,83.34,-14.48,-0.69,-0.7,0.03,4.09,-19.53,38.3,61.49,-0.83,-0.58,0.85,3
2596,33.218,6,0.88,-0.23,0.0,-0.42,325.79,-10.52,-24.35,0.72,-0.44,-0.33,4.09,0.76,-17.55,-22.89,0.31,0.48,0.77,3
2597,33.223,2,0.93,0.12,-0.09,-0.34,333.55,-5.14,16.35,-0.16,0.09,-0.2,4.09,27.77,4.58,-17.4,0.04,0.04,0.85,3
2598,33.224000000000004,0,0.043,0.67,0.05,-0.74,190.03,84.52,-11.73,0.07,-0.11,0.15,4.09,12.82,-2.14,-29.6,-1.15,-0.12,0.05,3
2599,33.228,5,-0.9590000000000001,-0.09,-0.15,-0.23,42.37,14.13,14.03,0.0,0.09,0.11,4.09,13.73,-37.08,41.96,-0.32,0.18,1.08,3
2600,33.23,7,-0.9840000000000001,-0.07,-0.02,0.17,355.2,3.19,7.32,-0.07,0.31,0.05,0.0,16.78,-40.28,1.07,-0.01,-0.13,1.05,3
2601,33.234,4,-0.955,0.12,-0.23,0.14,353.48,24.61,-18.38,-0.01,-0.0,0.01,4.09,8.54,-12.82,-1.68,-0.43,-0.31,0.85,3
2602,33.236999999999995,3,-0.757,0.19,0.32,-0.54,91.01,-16.56,-40.78,-0.32,0.08,0.14,4.09,-42.57,-20.6,45.62,0.18,-0.5,1.05,3
2603,33.318000000000005,1,-0.006,0.7,-0.04,-0.72,251.88,87.04,61.39,-0.15,-0.05,0.11,4.09,6.41,30.82,-5.19,-1.13,-0.04,0.24,3
2604,33.32,6,0.8759999999999999,-0.22,-0.01,-0.43,323.97,-12.08,-22.22,0.8,-0.5,-0.25,4.09,36.93,21.36,-44.86,0.28,0.55,1.04,3
2605,33.324,2,0.915,0.14,-0.1,-0.36,329.83,-5.0,19.4,-0.22,0.05,0.02,4.09,38.45,-4.58,-52.03,-0.05,0.14,1.07,3
2606,33.326,0,0.019,0.67,0.05,-0.74,166.46,84.21,-33.54,0.05,0.04,0.1,4.09,28.99,1.98,-31.74,-1.08,0.02,0.07,3
2607,33.329,5,-0.927,-0.13,-0.16,-0.31,53.33,12.23,20.94,-1.33,0.47,0.52,4.09,91.09,100.56,134.28,-1.6,0.92,0.87,3
2608,33.330999999999996,7,-0.985,-0.07,0.02,0.15,356.14,-0.68,8.58,-0.07,0.01,-0.02,0.0,9.77,-30.52,4.58,-0.05,0.11,0.97,3
2609,33.335,4,-0.958,0.11,-0.22,0.14,354.13,23.55,-17.86,-0.05,0.0,0.0,4.09,6.56,-20.6,6.41,-0.43,-0.27,0.87,3
2610,33.336999999999996,3,-0.778,0.18,0.26,-0.54,87.67,-12.54,-35.37,-0.45,0.06,-0.02,4.09,105.13,99.49,-62.26,0.04,-0.27,1.03,3
2611,33.42,1,-0.011000000000000001,0.72,-0.03,-0.7,331.71,87.61,141.01,0.02,0.04,0.02,4.09,-3.81,1.07,-18.01,-1.01,0.06,-0.03,3
2612,33.421,6,0.873,-0.18,0.01,-0.45,320.43,-8.19,-19.11,0.29,-0.22,-0.07,4.09,2.14,81.18,-12.21,0.13,0.04,0.99,3
2613,33.425,2,0.905,0.16,-0.11,-0.38,327.73,-4.94,21.89,-0.06,-0.07,0.04,4.09,15.56,-14.8,-18.62,-0.01,0.36,0.96,3
2614,33.428000000000004,0,-0.036000000000000004,0.68,0.05,-0.73,135.01,81.48,-60.48,-0.07,0.09,-0.13,4.09,41.81,14.5,-54.63,-0.86,-0.03,0.14,3
2615,33.431999999999995,5,-0.882,-0.17,-0.28,-0.34,62.34,22.57,31.91,-0.72,0.21,-0.24,4.09,67.9,125.58,-85.75,-0.85,0.52,0.19,3
2616,33.435,7,-0.987,-0.08,0.04,0.14,357.79,-3.08,9.4,-0.04,-0.04,0.0,0.0,9.61,-18.31,24.41,-0.01,0.18,0.98,3
2617,33.441,4,-0.9620000000000001,0.11,-0.21,0.13,354.89,21.82,-17.09,0.03,-0.01,0.02,4.09,-1.22,-11.75,0.0,-0.34,-0.24,0.92,3
2618,33.443000000000005,3,-0.855,0.14,0.14,-0.48,73.7,-5.98,-22.58,0.33,-0.23,0.07,4.09,104.06,138.09,-138.7,0.51,-0.64,0.87,3
2619,33.536,1,-0.025,0.72,-0.01,-0.7,60.6,87.87,-130.99,-0.23,-0.02,-0.0,4.09,-16.02,-0.15,-46.84,-0.99,-0.08,0.19,3
2620,33.538000000000004,0,-0.086,0.69,0.06,-0.72,116.97,77.96,-74.84,-0.17,-0.11,-0.01,4.09,33.87,16.63,-41.05,-0.95,-0.3,0.25,3
2621,33.542,2,0.889,0.16,-0.14,-0.41,323.35,-6.88,23.07,-0.12,0.16,-0.09,4.09,-4.12,-50.05,-60.42,0.15,0.17,0.91,3
2622,33.544000000000004,7,-0.988,-0.08,0.05,0.12,359.37,-4.54,9.99,-0.21,0.03,-0.06,0.0,11.44,-16.02,10.68,-0.12,0.09,0.95,3
2623,33.547,5,-0.875,-0.15,-0.38,-0.27,59.26,35.75,34.16,0.02,-0.05,-0.14,4.09,-5.19,64.39,-124.21,-0.41,0.41,0.64,3
2624,33.549,6,0.872,-0.16,0.09,-0.46,318.77,0.36,-20.81,0.4,-0.2,-0.17,4.09,-32.5,99.33,16.17,0.06,0.12,0.94,3
2625,33.553000000000004,4,-0.9620000000000001,0.11,-0.21,0.14,353.85,21.63,-16.6,-0.06,0.03,0.0,4.09,17.85,3.51,-12.66,-0.43,-0.29,0.85,3
2626,33.555,3,-0.9059999999999999,0.13,0.03,-0.4,61.62,3.19,-14.77,0.42,0.13,-0.09,4.09,43.33,56.0,-25.79,0.14,-0.59,0.82,3
2627,33.628,1,-0.038,0.72,0.03,-0.69,83.93,84.48,-109.23,-0.31,-0.02,-0.14,4.09,-13.12,-6.1,-13.58,-0.86,-0.1,0.29,3
2628,33.63,6,0.861,-0.16,0.19,-0.45,316.91,10.22,-26.66,0.55,-0.03,-0.17,4.09,-79.19,94.91,24.41,0.14,0.06,0.99,3
2629,33.634,2,0.875,0.14,-0.15,-0.44,319.51,-8.0,22.93,-0.15,-0.0,-0.0,4.09,3.2,2.29,-5.49,0.05,0.28,0.94,3
2630,33.637,0,-0.114,0.69,0.05,-0.71,109.9,76.29,-79.21,-0.14,-0.05,0.07,4.09,8.85,2.29,-3.2,-1.0,-0.26,0.2,3
2631,33.641,5,-0.89,-0.08,-0.4,-0.2,48.88,43.26,25.06,1.02,-0.52,0.29,4.09,-43.79,-14.04,-99.64,0.02,0.56,1.66,3
2632,33.641999999999996,7,-0.988,-0.09,0.07,0.11,0.81,-6.38,10.93,-0.11,-0.03,0.03,0.0,10.22,-18.92,16.17,-0.01,0.19,1.02,3
2633,33.646,4,-0.963,0.1,-0.2,0.15,353.73,20.87,-15.93,0.0,-0.03,0.01,4.09,0.61,-5.95,-1.37,-0.36,-0.23,0.91,3
2634,33.647,3,-0.919,0.12,-0.0,-0.37,57.75,5.56,-12.69,-0.09,-0.17,-0.3,4.09,23.5,10.22,-60.58,0.07,0.11,0.68,3
2635,33.724000000000004,1,-0.038,0.71,0.04,-0.7,95.11,83.76,-98.86,-0.43,-0.12,-0.11,4.09,-2.29,-11.75,-3.81,-0.87,-0.22,0.42,3
2636,33.726,6,0.846,-0.18,0.28,-0.42,315.65,18.56,-34.85,0.59,-0.17,-0.82,4.09,-75.38,45.62,19.99,0.09,0.35,0.56,3
2637,33.73,2,0.866,0.15,-0.16,-0.45,317.24,-8.17,23.7,-0.39,0.01,-0.0,4.09,19.38,-14.34,-33.57,-0.05,0.09,1.07,3
2638,33.731,0,-0.111,0.69,0.05,-0.71,109.46,76.89,-79.57,-0.02,-0.15,0.0,4.09,-8.54,-3.97,18.62,-0.96,-0.44,0.07,3
2639,33.736999999999995,5,-0.9009999999999999,-0.07,-0.36,-0.23,50.32,37.91,22.21,1.45,-0.55,-1.07,4.09,-47.3,-118.87,116.27,1.35,0.07,0.92,3
2640,33.739000000000004,7,-0.986,-0.09,0.09,0.1,1.33,-9.36,11.9,0.0,0.06,-0.07,0.0,6.1,-37.23,43.49,0.16,0.15,0.91,3
2641,33.743,4,-0.9640000000000001,0.11,-0.19,0.15,353.53,20.09,-16.22,-0.08,-0.0,-0.01,4.09,-0.46,-20.29,0.61,-0.41,-0.28,0.87,3
2642,33.745,3,-0.9209999999999999,0.1,0.01,-0.38,58.14,3.13,-11.26,-0.21,0.49,0.83,4.09,-2.14,-8.09,70.34,-0.5,-0.07,1.42,3
2643,33.821999999999996,1,-0.042,0.7,0.04,-0.71,115.31,83.05,-78.67,-0.31,-0.19,-0.16,4.09,-0.76,-12.36,18.31,-0.79,-0.29,0.31,3
2644,33.824,6,0.8320000000000001,-0.23,0.32,-0.39,315.5,21.19,-42.26,0.75,-0.2,-0.48,4.09,-45.47,-19.07,19.07,0.01,0.16,0.94,3
2645,33.827,2,0.852,0.16,-0.18,-0.47,314.63,-9.18,26.43,-0.07,0.02,-0.05,4.09,30.06,-14.34,-6.41,0.12,0.41,0.84,3
2646,33.829,0,-0.09,0.68,0.03,-0.72,118.42,79.41,-71.11,-0.18,0.1,-0.1,4.09,-4.88,-13.12,27.92,-0.93,-0.08,0.2,3
2647,33.833,5,-0.9279999999999999,-0.03,-0.31,-0.21,43.63,33.71,13.11,0.35,0.26,0.32,4.09,-23.96,8.09,98.57,-0.6,-0.08,1.27,3
2648,33.835,7,-0.985,-0.09,0.13,0.07,4.6,-14.38,11.61,-0.15,-0.07,-0.07,0.0,-0.92,-47.61,20.45,0.12,0.22,0.89,3
2649,33.839,4,-0.968,0.11,-0.17,0.14,354.78,17.92,-15.57,-0.01,0.0,0.0,4.09,-1.22,-16.94,7.32,-0.32,-0.25,0.91,3
2650,33.841,3,-0.92,0.12,0.02,-0.37,57.69,3.19,-14.12,0.21,0.02,0.0,4.09,-10.38,-42.11,42.42,0.08,-0.38,0.96,3
2651,33.927,1,-0.017,0.69,0.03,-0.72,140.31,85.56,-54.63,-0.43,-0.08,-0.09,4.09,-15.11,-9.31,47.45,-0.89,-0.11,0.49,3
2652,33.929,0,-0.055999999999999994,0.68,0.02,-0.73,140.39,82.63,-50.38,-0.2,-0.12,-0.05,4.09,-19.07,-13.12,63.32,-0.91,-0.15,0.26,3
2653,33.931999999999995,2,0.84,0.18,-0.2,-0.47,313.02,-9.08,29.78,-0.26,0.17,0.02,4.09,20.9,-6.1,-26.4,0.17,0.23,0.97,3
2654,33.936,6,0.84,-0.26,0.3,-0.36,319.51,18.62,-44.39,1.2,-0.32,-0.58,4.09,7.48,-69.58,-37.69,-0.03,0.59,1.64,3
2655,33.94,5,-0.935,-0.04,-0.28,-0.21,43.24,30.68,13.57,-0.01,-0.09,-0.01,4.09,10.83,-20.9,-1.37,-0.46,0.29,0.83,3
2656,33.942,7,-0.9790000000000001,-0.08,0.18,0.06,4.92,-19.74,11.4,-0.22,-0.07,-0.01,0.0,-5.8,-57.68,10.99,0.12,0.24,1.0,3
2657,33.946,4,-0.972,0.1,-0.16,0.14,355.61,16.05,-14.48,-0.03,0.01,0.01,4.09,21.67,-12.66,-7.93,-0.3,-0.22,0.95,3
2658,33.948,3,-0.9009999999999999,0.11,0.05,-0.42,63.53,0.3,-14.36,-0.02,0.07,-0.07,4.09,-15.72,-23.04,13.89,-0.05,-0.3,0.89,3
2659,34.048,1,0.018000000000000002,0.69,0.02,-0.73,192.33,86.85,-4.74,-0.29,0.01,-0.14,4.09,-16.48,10.22,29.45,-0.81,-0.05,0.35,3
2660,34.05,6,0.8440000000000001,-0.28,0.27,-0.37,320.99,14.59,-43.89,0.43,-0.24,-0.23,4.09,26.7,-38.91,1.83,-0.1,-0.25,0.93,3
2661,34.054,2,0.812,0.2,-0.23,-0.5,307.97,-9.74,34.03,-0.08,0.02,-0.05,4.09,55.69,-26.7,-60.12,0.1,0.42,0.94,3
2662,34.056,0,-0.015,0.67,0.0,-0.74,176.74,84.37,-16.46,0.12,0.01,0.09,4.09,-13.58,5.65,44.56,-1.09,-0.04,-0.01,3
2663,34.061,5,-0.9329999999999999,-0.04,-0.27,-0.23,45.87,28.97,13.88,-0.01,0.05,0.02,4.09,-16.02,-22.13,12.51,-0.51,0.17,0.85,3
2664,34.063,7,-0.9690000000000001,-0.09,0.22,0.08,2.15,-24.1,12.81,-0.42,0.31,0.12,0.0,0.92,0.0,-62.1,0.13,-0.16,1.2,3
2665,34.067,4,-0.973,0.08,-0.15,0.16,354.12,15.23,-12.65,-0.02,-0.12,0.0,4.09,10.22,-24.57,-0.61,-0.34,-0.11,0.97,3
2666,34.069,3,-0.893,0.12,0.06,-0.43,65.47,-0.5,-15.54,-0.0,-0.02,-0.03,4.09,-2.14,-30.98,18.46,0.02,-0.38,0.95,3
2667,34.144,1,0.017,0.71,0.03,-0.71,102.79,88.7,-95.39,-0.19,-0.32,0.01,4.09,1.53,34.48,-33.11,-1.01,-0.4,0.14,3
2668,34.146,6,0.851,-0.3,0.25,-0.35,323.7,12.68,-44.29,0.82,-0.34,-0.62,4.09,9.92,-31.13,20.75,0.17,0.33,0.9,3
2669,34.149,2,0.792,0.25,-0.25,-0.5,306.28,-8.74,40.36,-0.12,0.07,-0.14,4.09,65.16,2.14,34.18,0.15,0.45,0.71,3
2670,34.152,0,0.026000000000000002,0.69,-0.01,-0.73,233.21,85.75,37.59,0.11,0.19,0.14,4.09,-21.97,21.36,35.4,-1.13,0.25,-0.04,3
2671,34.157,5,-0.941,-0.04,-0.25,-0.22,43.84,26.98,12.05,-0.0,0.04,0.01,4.09,-10.53,-18.92,-16.94,-0.49,0.1,0.89,3
2672,34.158,7,-0.976,-0.06,0.2,0.07,3.79,-21.99,9.38,-0.36,0.26,-0.1,0.0,-66.99,61.34,38.15,0.06,-0.11,0.97,3
2673,34.162,4,-0.977,0.08,-0.12,0.15,354.92,12.27,-11.71,-0.54,-0.32,0.34,4.09,-5.49,21.36,-61.34,-1.01,-0.3,1.28,3
2674,34.164,3,-0.884,0.11,0.09,-0.45,68.02,-3.3,-15.78,0.16,0.12,-0.03,4.09,-3.97,-28.69,13.73,0.01,-0.45,0.92,3
2675,34.244,2,0.774,0.29,-0.3,-0.47,306.16,-10.58,48.75,0.01,-0.22,0.55,4.09,77.36,-46.08,-24.26,0.14,1.28,0.96,3
2676,34.246,6,0.862,-0.3,0.23,-0.34,326.46,10.78,-42.94,0.61,-0.32,-0.31,4.09,7.48,-26.86,-40.28,0.04,-0.01,0.98,3
2677,34.25,1,0.023,0.72,0.03,-0.69,26.51,87.55,-171.72,-0.25,-0.26,0.04,4.09,-3.51,1.07,40.44,-1.04,-0.28,0.19,3
2678,34.251999999999995,0,0.048,0.69,-0.01,-0.72,261.5,84.98,64.31,-0.07,-0.03,-0.06,4.09,-19.38,3.05,19.23,-0.94,0.04,0.1,3
2679,34.257,5,-0.946,-0.03,-0.23,-0.23,43.18,25.16,10.4,0.03,0.01,0.01,4.09,-13.89,-17.55,8.7,-0.4,0.09,0.93,3
2680,34.258,7,-0.9890000000000001,-0.01,0.14,0.05,7.96,-15.56,1.76,-0.29,-0.38,0.05,0.0,-28.69,96.44,2.75,-0.05,0.4,1.13,3
2681,34.262,4,-0.941,0.14,-0.2,0.23,342.58,18.77,-21.68,-0.94,0.61,-0.52,4.09,-112.3,103.45,50.51,-0.37,-1.22,-0.1,3
2682,34.264,3,-0.878,0.11,0.1,-0.45,69.32,-4.29,-16.61,0.06,-0.02,-0.03,4.09,-2.14,-12.51,6.87,0.15,-0.33,0.93,3
2683,34.326,1,0.045,0.72,0.01,-0.69,328.86,85.75,130.68,-0.12,0.19,-0.11,4.09,6.71,-13.73,14.5,-0.88,0.22,0.11,3
2684,34.328,6,0.861,-0.31,0.2,-0.35,326.51,7.8,-42.51,0.74,-0.3,-0.36,4.09,13.43,-17.4,-30.06,0.18,0.13,0.99,3
2685,34.332,2,0.772,0.3,-0.29,-0.48,306.11,-8.75,48.41,-0.68,0.12,-0.24,4.09,-85.45,67.6,51.42,-0.01,0.11,1.02,3
2686,34.334,0,0.069,0.69,-0.01,-0.72,267.36,83.18,68.59,-0.17,-0.09,-0.06,4.09,-12.36,-4.73,27.47,-0.95,0.01,0.2,3
2687,34.339,5,-0.95,-0.03,-0.22,-0.22,42.52,23.44,9.69,-0.07,-0.01,0.0,4.09,5.8,-20.29,-8.85,-0.42,0.2,0.89,3
2688,34.341,7,-0.996,-0.01,0.04,0.08,4.76,-4.66,1.44,-0.18,-0.25,0.07,0.0,20.9,126.5,-59.51,-0.11,0.23,1.04,3
2689,34.344,4,-0.914,0.2,-0.31,0.16,345.36,30.61,-33.15,-0.45,-0.17,-0.37,4.09,-100.25,89.87,27.01,-0.72,-0.21,0.22,3
2690,34.346,3,-0.868,0.1,0.12,-0.47,72.12,-6.23,-16.56,-0.3,-0.05,0.1,4.09,6.56,-12.97,-0.92,-0.01,-0.06,1.14,3
2691,34.43,1,0.038,0.72,-0.0,-0.69,316.32,86.15,119.48,-0.32,0.12,-0.06,4.09,17.24,-16.48,-7.78,-0.95,0.17,0.3,3
2692,34.431,6,0.863,-0.3,0.17,-0.37,326.24,4.38,-40.16,0.58,-0.35,-0.31,4.09,18.46,-26.09,-24.57,0.06,0.05,0.95,3
2693,34.436,2,0.846,0.24,-0.21,-0.43,317.61,-8.46,36.04,-0.51,0.13,-0.02,4.09,-153.5,95.52,93.08,-0.01,0.16,1.1,3
2694,34.439,0,0.087,0.69,-0.02,-0.72,268.82,81.12,69.12,-0.28,0.18,-0.01,4.09,-5.49,7.63,3.51,-0.97,0.29,0.31,3
2695,34.442,5,-0.9540000000000001,-0.03,-0.21,-0.22,41.35,22.33,8.9,-0.01,0.01,0.01,4.09,-15.11,-5.04,2.44,-0.4,0.14,0.91,3
2696,34.444,7,-0.987,-0.05,-0.07,0.13,358.83,8.45,4.7,0.12,-0.02,-0.12,0.0,28.99,90.18,-63.78,0.0,0.08,0.82,3
2697,34.457,4,-0.8959999999999999,0.22,-0.36,0.14,344.06,36.18,-37.36,0.34,-0.05,-0.14,4.09,44.25,2.59,19.07,-0.28,-0.36,0.87,3
2698,34.459,3,-0.867,0.12,0.13,-0.47,71.62,-6.33,-19.1,-0.12,-0.04,0.05,4.09,-41.35,1.98,-8.54,0.1,-0.23,1.03,3
2699,34.536,1,0.02,0.7,-0.01,-0.71,276.29,87.46,81.57,-0.49,-0.06,-0.05,4.09,28.99,-15.72,-15.56,-0.93,-0.09,0.59,3
2700,34.538000000000004,0,0.08800000000000001,0.69,-0.01,-0.72,271.6,81.42,71.49,-0.23,-0.07,-0.11,4.09,-0.46,3.81,-7.48,-0.87,0.04,0.3,3
2701,34.544000000000004,2,0.915,0.14,-0.11,-0.36,330.13,-5.73,20.23,0.6,-0.24,0.43,4.09,-120.24,72.33,88.2,0.39,1.04,1.1,3
2702,34.546,7,-0.975,-0.07,-0.12,0.18,354.34,14.97,5.22,0.27,0.08,-0.47,0.0,8.24,17.09,-31.13,0.16,0.05,0.59,3
2703,34.55,5,-0.9590000000000001,-0.02,-0.19,-0.21,40.09,20.51,7.61,0.07,0.06,-0.01,4.09,20.9,-5.19,1.22,-0.34,0.08,0.93,3
2704,34.552,6,0.871,-0.3,0.13,-0.37,328.11,0.42,-37.97,0.6,-0.38,-0.38,4.09,15.72,-52.19,-23.5,0.14,0.16,0.91,3
2705,34.559,4,-0.919,0.16,-0.34,0.14,348.14,35.04,-27.58,1.12,-0.14,0.16,4.09,70.5,-36.77,20.9,0.23,-0.06,1.49,3
2706,34.561,3,-0.857,0.14,0.15,-0.47,73.17,-6.9,-22.58,0.04,0.01,-0.06,4.09,-46.84,-19.07,27.92,0.1,-0.4,0.84,3
2707,34.638000000000005,2,0.9329999999999999,0.09,-0.06,-0.34,333.33,-3.37,11.96,-0.14,-0.02,-0.19,4.09,4.27,25.94,53.41,-0.04,0.11,0.75,3
2708,34.64,6,0.875,-0.31,0.08,-0.36,330.41,-4.79,-36.7,0.55,-0.25,-0.2,4.09,26.4,-52.64,-21.82,0.3,-0.05,0.96,3
2709,34.645,1,-0.008,0.7,-0.02,-0.72,217.39,88.06,25.37,-0.33,-0.1,-0.17,4.09,16.02,-16.02,-17.7,-0.83,-0.08,0.36,3
2710,34.647,0,0.073,0.69,-0.0,-0.72,261.16,83.1,61.45,-0.31,-0.1,-0.13,4.09,4.58,-18.62,-53.1,-0.86,-0.05,0.37,3
2711,34.652,5,-0.9620000000000001,-0.03,-0.17,-0.21,39.91,18.63,8.34,-0.0,-0.01,0.01,4.09,-2.14,-30.21,-6.56,-0.3,0.11,0.96,3
2712,34.654,7,-0.977,-0.07,-0.1,0.18,354.26,12.89,5.79,0.12,0.24,-0.16,0.0,26.55,-76.45,4.73,-0.1,-0.1,1.4,3
2713,34.66,4,-0.946,0.11,-0.29,0.1,356.85,31.4,-18.14,-0.6,-0.45,1.58,4.09,-6.41,13.43,8.24,-2.78,-1.24,2.01,3
2714,34.661,3,-0.8340000000000001,0.17,0.18,-0.49,77.18,-8.1,-27.62,0.02,-0.2,-0.05,4.09,-54.93,-34.79,39.83,0.32,-0.33,0.78,3
2715,34.731,1,-0.03,0.68,-0.02,-0.73,174.97,86.37,-15.21,-0.41,0.03,-0.07,4.09,22.13,3.51,-20.9,-0.91,0.05,0.46,3
2716,34.733000000000004,6,0.895,-0.29,0.04,-0.34,334.84,-7.07,-33.29,0.7,-0.51,-0.4,4.09,28.38,-30.36,47.0,0.25,0.49,0.97,3
2717,34.739000000000004,2,0.935,0.11,-0.06,-0.33,334.55,-2.78,14.3,-0.84,-0.4,0.67,4.09,32.2,-15.26,-87.89,-0.63,-0.53,1.16,3
2718,34.74,0,0.04,0.68,0.01,-0.73,222.82,85.42,24.33,0.05,-0.08,0.05,4.09,26.55,5.04,-43.18,-1.06,-0.04,0.01,3
2719,34.745,5,-0.966,-0.04,-0.15,-0.21,39.32,16.31,7.84,0.1,0.05,0.01,4.09,-5.49,-21.06,-5.8,-0.27,0.1,0.98,3
2720,34.746,7,-0.982,-0.09,-0.06,0.15,357.07,8.46,9.06,-0.02,-0.31,-0.2,0.0,12.66,-48.22,23.19,-0.22,0.43,0.9,3
2721,34.75,4,-0.948,0.12,-0.27,0.1,356.29,29.63,-19.37,0.04,0.11,0.02,4.09,-3.81,-51.27,33.26,-0.44,-0.28,0.83,3
2722,34.751999999999995,3,-0.799,0.19,0.24,-0.52,83.28,-11.02,-34.42,-0.38,0.23,0.34,4.09,-63.78,-49.9,15.72,-0.05,-0.61,1.3,3
2723,34.832,1,-0.046,0.7,-0.03,-0.71,146.98,88.37,-40.67,-0.53,-0.62,-0.03,4.09,12.66,59.05,43.33,-0.92,-0.57,0.53,3
2724,34.834,6,0.905,-0.27,0.02,-0.32,336.71,-7.71,-31.15,0.69,-0.77,-0.28,4.09,10.53,31.74,-45.47,0.18,0.44,1.09,3
2725,34.839,2,0.93,0.13,-0.08,-0.34,333.97,-3.03,17.15,0.38,-0.32,-0.13,4.09,28.23,-15.56,-13.28,0.14,0.74,0.68,3
2726,34.841,0,-0.002,0.68,0.01,-0.73,182.53,86.18,-11.9,-0.03,-0.18,0.16,4.09,34.48,0.92,-18.16,-1.15,-0.21,0.08,3
2727,34.845,5,-0.968,-0.02,-0.14,-0.21,39.18,14.6,6.12,-0.13,0.04,0.18,4.09,-19.07,-3.51,57.83,-0.45,0.14,1.12,3
2728,34.847,7,-0.986,-0.1,-0.02,0.14,358.6,4.27,10.47,-0.1,-0.13,-0.04,0.0,8.24,-45.62,25.18,-0.21,0.32,0.9,3
2729,34.851,4,-0.956,0.12,-0.25,0.09,358.34,26.82,-18.33,0.03,-0.02,-0.01,4.09,-11.14,6.56,-22.58,-0.43,-0.26,0.86,3
2730,34.853,3,-0.794,0.21,0.28,-0.49,82.87,-13.99,-39.68,-0.18,0.05,-0.11,4.09,8.54,18.16,26.86,0.1,-0.44,0.79,3
2731,34.95,1,-0.035,0.72,-0.05,-0.69,345.22,87.02,158.09,-0.27,-0.19,0.09,4.09,-1.53,6.87,-7.63,-1.12,-0.12,0.32,3
2732,34.952,6,0.893,-0.26,0.05,-0.36,331.21,-5.93,-30.26,0.55,-0.51,-0.33,4.09,3.66,67.9,-37.54,0.12,0.3,0.97,3
2733,34.957,2,0.899,0.15,-0.09,-0.4,325.48,-2.62,20.0,-0.37,0.2,0.04,4.09,14.19,-32.65,-69.73,-0.03,-0.02,1.1,3
2734,34.959,0,-0.031,0.68,0.01,-0.73,153.12,85.28,-38.9,-0.04,-0.02,-0.02,4.09,20.45,-2.44,-29.14,-0.95,-0.08,0.14,3
2735,34.961999999999996,5,-0.932,-0.05,-0.18,-0.31,53.09,17.32,11.83,-1.07,0.72,0.08,4.09,38.6,114.44,137.94,-1.45,0.14,0.48,3
2736,34.964,7,-0.986,-0.1,0.01,0.13,358.75,0.49,11.6,-0.17,0.02,-0.02,0.0,5.34,-34.18,28.84,-0.15,0.19,0.98,3
2737,34.968,4,-0.955,0.12,-0.25,0.11,356.62,26.38,-18.82,-0.07,0.02,-0.0,4.09,6.71,-9.61,-4.27,-0.49,-0.3,0.82,3
2738,34.971,3,-0.8240000000000001,0.21,0.21,-0.48,77.4,-8.47,-33.34,-0.15,-0.01,0.0,4.09,84.53,118.71,-68.66,0.09,-0.45,0.91,3
2739,35.038000000000004,2,0.8809999999999999,0.15,-0.11,-0.43,320.93,-3.63,21.15,-0.47,0.05,0.07,4.09,2.44,-23.8,-9.31,-0.15,0.04,1.14,3
2740,35.04,6,0.878,-0.24,0.11,-0.4,325.08,0.39,-30.8,0.43,-0.29,-0.14,4.09,-29.91,98.27,14.95,0.05,0.0,1.01,3
2741,35.044000000000004,1,-0.046,0.73,-0.04,-0.68,17.81,85.69,-169.33,-0.15,-0.1,-0.05,4.09,1.68,-5.95,-30.98,-0.95,-0.11,0.1,3
2742,35.046,0,-0.06,0.68,0.01,-0.73,133.48,83.33,-56.6,-0.07,0.07,-0.06,4.09,22.43,1.37,-32.81,-0.91,-0.02,0.13,3
2743,35.05,5,-0.914,-0.06,-0.27,-0.29,53.98,27.73,17.69,-0.41,0.09,-0.17,4.09,68.82,95.83,-90.03,-0.73,0.35,0.49,3
2744,35.052,7,-0.986,-0.1,0.03,0.13,359.08,-2.43,11.87,-0.11,0.03,0.01,0.0,2.9,-28.99,12.05,-0.06,0.16,1.01,3
2745,35.07,4,-0.961,0.12,-0.22,0.11,357.7,24.01,-17.73,0.02,-0.03,0.0,4.09,1.98,-37.84,13.28,-0.39,-0.25,0.89,3
2746,35.071999999999996,3,-0.873,0.18,0.11,-0.44,67.85,-1.64,-24.46,0.14,-0.1,0.01,4.09,97.96,100.25,-50.05,0.19,-0.47,0.89,3
2747,35.135,1,-0.062,0.73,-0.02,-0.68,50.42,84.89,-136.84,-0.25,-0.11,-0.11,4.09,-0.15,-10.83,-15.87,-0.89,-0.15,0.21,3
2748,35.137,6,0.867,-0.23,0.2,-0.4,321.97,9.69,-33.87,0.53,-0.06,-0.25,4.09,-56.3,100.56,44.25,0.15,-0.05,0.88,3
2749,35.141999999999996,2,0.879,0.15,-0.12,-0.44,320.18,-5.24,21.57,-0.08,-0.04,-0.07,4.09,3.05,-25.18,-9.0,0.03,0.34,0.91,3
2750,35.144,0,-0.09,0.68,0.01,-0.73,123.64,81.11,-64.0,-0.21,-0.05,-0.05,4.09,22.89,-0.61,-12.21,-0.92,-0.16,0.27,3
2751,35.147,5,-0.912,-0.04,-0.35,-0.21,45.87,38.39,16.79,0.24,-0.22,-0.1,4.09,6.87,52.34,-84.38,-0.27,0.31,0.87,3
2752,35.149,7,-0.987,-0.1,0.06,0.11,0.61,-5.66,11.78,-0.12,0.06,0.0,0.0,3.2,-27.47,41.05,0.0,0.12,1.0,3
2753,35.154,4,-0.9670000000000001,0.12,-0.2,0.1,359.17,21.6,-16.67,0.01,-0.06,0.0,4.09,0.61,-21.97,1.83,-0.38,-0.24,0.9,3
2754,35.156,3,-0.902,0.15,0.03,-0.41,61.96,3.51,-16.94,0.12,0.1,-0.11,4.09,66.83,35.71,-20.29,-0.08,-0.3,0.78,3
2755,35.242,1,-0.06,0.72,-0.01,-0.69,64.94,84.82,-123.47,-0.39,-0.09,-0.14,4.09,-18.62,-20.6,5.49,-0.88,-0.12,0.36,3
2756,35.244,6,0.855,-0.23,0.29,-0.36,321.02,19.82,-39.77,0.7,-0.09,-0.53,4.09,-49.59,50.81,60.73,0.18,0.13,0.83,3
2757,35.247,2,0.868,0.14,-0.15,-0.46,317.28,-7.32,21.96,-0.12,0.04,-0.11,4.09,11.44,-36.32,-39.98,0.05,0.27,0.87,3
2758,35.249,0,-0.10400000000000001,0.68,-0.0,-0.73,123.83,80.91,-61.55,-0.24,0.03,-0.0,4.09,12.05,6.87,4.88,-0.99,-0.06,0.31,3
2759,35.254,5,-0.9179999999999999,-0.02,-0.36,-0.16,38.46,41.18,11.23,0.97,-0.4,-0.19,4.09,-20.9,-39.83,-70.8,0.32,0.11,1.31,3
2760,35.256,7,-0.988,-0.09,0.09,0.08,3.72,-9.33,11.35,-0.09,-0.03,-0.07,0.0,0.15,-41.96,38.76,0.04,0.21,0.93,3
2761,35.26,4,-0.97,0.12,-0.19,0.1,359.49,19.96,-16.49,-0.04,0.01,0.0,4.09,-1.37,-14.34,0.46,-0.37,-0.3,0.88,3
2762,35.262,3,-0.919,0.13,0.02,-0.37,57.76,3.29,-14.6,0.27,0.28,-0.18,4.09,2.59,-38.15,-12.36,-0.02,-0.52,0.68,3
2763,35.342,1,-0.034,0.71,-0.01,-0.7,89.82,87.57,-101.02,-0.47,-0.07,-0.15,4.09,-29.45,-16.48,39.98,-0.85,-0.07,0.48,3
2764,35.344,0,-0.105,0.68,-0.01,-0.73,124.72,81.34,-60.05,-0.18,-0.2,0.05,4.09,-1.83,-4.88,19.38,-0.99,-0.26,0.3,3
2765,35.348,2,0.8490000000000001,0.14,-0.16,-0.48,312.97,-8.24,23.37,-0.28,0.1,0.01,4.09,19.68,-19.07,-47.91,0.1,0.12,1.03,3
2766,35.35,6,0.85,-0.25,0.33,-0.32,322.62,24.13,-44.19,0.87,-0.29,-0.72,4.09,-17.55,-23.65,18.62,0.16,0.38,0.83,3
2767,35.355,5,-0.94,0.0,-0.31,-0.15,33.87,35.48,6.11,0.73,0.16,-0.17,4.09,-35.4,-77.21,-8.09,-0.06,-0.38,1.1,3
2768,35.358000000000004,7,-0.9840000000000001,-0.09,0.14,0.07,4.28,-15.17,11.74,-0.21,-0.24,-0.04,0.0,12.05,-75.23,-35.55,0.03,0.41,0.93,3
2769,35.361,4,-0.973,0.12,-0.17,0.1,0.19,18.04,-16.28,-0.03,0.02,0.0,4.09,1.22,-17.85,0.31,-0.33,-0.29,0.89,3
2770,35.363,3,-0.909,0.14,0.05,-0.39,60.58,1.29,-16.4,-0.54,-0.06,0.05,4.09,-37.54,14.34,-32.2,-0.22,0.04,1.09,3
2771,35.455999999999996,1,0.005,0.7,-0.01,-0.71,236.46,88.47,42.65,-0.49,0.09,-0.06,4.09,-27.16,7.48,17.09,-0.92,0.12,0.49,3
2772,35.458,0,-0.079,0.68,-0.02,-0.73,144.88,83.45,-40.97,0.03,0.0,-0.06,4.09,-22.58,-20.45,56.76,-0.94,-0.0,0.01,3
2773,35.461999999999996,2,0.825,0.15,-0.19,-0.51,308.45,-8.8,26.72,-0.41,0.24,-0.02,4.09,41.81,-6.41,-39.83,0.2,-0.05,1.05,3
2774,35.464,6,0.858,-0.27,0.31,-0.31,325.28,20.8,-44.29,1.23,-1.04,-0.24,4.09,15.72,-48.68,-34.03,-0.19,0.41,1.43,3
2775,35.467,5,-0.943,0.01,-0.27,-0.19,38.37,31.33,5.83,-0.17,-0.16,0.16,4.09,8.54,-34.33,7.02,-0.71,0.24,0.73,3
2776,35.469,7,-0.97,-0.1,0.2,0.1,359.65,-21.65,13.98,-0.17,0.03,0.18,0.0,0.15,-57.98,27.16,0.27,0.2,1.14,3
2777,35.474000000000004,4,-0.977,0.12,-0.15,0.1,0.45,15.81,-15.47,-0.08,-0.02,0.0,4.09,15.72,-32.96,1.53,-0.35,-0.26,0.91,3
2778,35.476,3,-0.9059999999999999,0.14,0.06,-0.39,60.84,0.14,-18.07,0.29,0.13,-0.19,4.09,0.76,-42.42,43.33,0.1,-0.56,0.67,3
2779,35.564,1,0.016,0.7,0.0,-0.71,242.64,88.52,47.07,-0.34,-0.08,0.09,4.09,-12.66,23.96,-18.16,-1.2,0.02,0.37,3
2780,35.566,0,-0.037000000000000005,0.67,-0.03,-0.74,183.99,83.89,-4.77,-0.04,-0.12,0.16,4.09,-47.91,1.22,35.25,-1.14,-0.13,0.17,3
2781,35.571999999999996,2,0.8140000000000001,0.18,-0.21,-0.51,307.29,-8.99,30.86,-0.09,0.15,-0.19,4.09,57.68,-11.29,-6.26,0.23,0.3,0.7,3
2782,35.574,7,-0.968,-0.08,0.22,0.08,1.83,-24.83,12.18,-0.59,0.43,0.52,0.0,-27.16,24.41,39.37,0.15,-0.14,1.5,3
2783,35.579,5,-0.956,-0.0,-0.24,-0.17,35.88,26.91,5.33,0.09,-0.01,0.0,4.09,-3.97,-38.45,-1.37,-0.32,0.04,0.94,3
2784,35.580999999999996,3,-0.889,0.14,0.08,-0.43,65.6,-1.42,-18.86,0.06,-0.18,0.08,4.09,7.93,-28.23,28.84,0.19,-0.28,1.03,3
2785,35.589,4,-0.982,0.1,-0.12,0.1,1.14,12.71,-13.35,-0.01,-0.0,0.0,4.09,19.23,-14.65,-2.9,-0.25,-0.21,0.93,3
2786,35.592,6,0.8640000000000001,-0.29,0.26,-0.32,327.34,15.21,-43.7,0.57,0.05,0.29,4.09,1.83,-49.29,1.53,0.1,-0.4,1.27,3
2787,35.658,1,-0.0,0.73,0.03,-0.69,49.47,86.3,-146.59,0.06,-0.46,0.09,4.09,-10.22,27.62,-0.92,-1.13,-0.36,-0.12,3
2788,35.66,0,0.009000000000000001,0.67,-0.02,-0.74,214.07,84.18,20.59,0.11,0.0,-0.01,4.09,-34.48,2.59,21.51,-0.93,-0.03,0.02,3
2789,35.665,2,0.7979999999999999,0.23,-0.24,-0.5,306.54,-8.84,37.86,-0.33,0.11,0.07,4.09,70.95,-7.93,-12.36,0.12,0.29,1.06,3
2790,35.668,6,0.8740000000000001,-0.3,0.24,-0.3,330.72,13.52,-43.2,0.7,-0.45,-0.46,4.09,3.2,-34.94,15.26,0.06,0.19,0.97,3
2791,35.673,5,-0.955,-0.01,-0.23,-0.19,37.85,25.75,6.52,0.03,0.06,0.01,4.09,10.53,-3.05,15.11,-0.45,0.04,0.9,3
2792,35.675,7,-0.9790000000000001,-0.04,0.19,0.06,5.58,-21.24,6.71,-0.26,0.1,-0.18,0.0,-59.66,69.12,32.04,0.02,0.0,0.89,3
2793,35.68,4,-0.983,0.09,-0.1,0.12,358.88,10.48,-12.16,-1.12,0.16,0.62,4.09,-16.78,54.47,-88.2,-1.43,-0.98,1.17,3
2794,35.681999999999995,3,-0.8759999999999999,0.12,0.1,-0.46,69.71,-4.33,-17.65,0.13,0.16,0.02,4.09,-1.68,-19.84,18.46,0.01,-0.5,0.92,3
2795,35.758,1,0.026000000000000002,0.74,0.02,-0.67,7.6,84.67,170.13,-0.17,-0.01,-0.06,4.09,-6.41,-3.2,46.23,-0.94,0.01,0.07,3
2796,35.76,6,0.878,-0.31,0.22,-0.3,332.39,11.32,-43.07,0.69,-0.34,-0.3,4.09,6.71,-15.11,-7.02,0.16,0.04,1.02,3
2797,35.765,2,0.779,0.26,-0.28,-0.5,304.76,-10.51,43.93,-0.37,0.11,-0.08,4.09,1.98,0.92,-1.22,0.09,0.18,0.82,3
2798,35.768,0,0.047,0.68,-0.01,-0.74,236.54,83.48,39.05,-0.08,-0.05,-0.03,4.09,-31.13,3.2,26.4,-0.95,0.02,0.17,3
2799,35.773,5,-0.956,-0.01,-0.21,-0.2,39.24,23.82,6.12,0.03,0.03,0.0,4.09,-7.78,-17.7,7.32,-0.39,0.04,0.92,3
2800,35.775,7,-0.992,-0.0,0.11,0.05,8.03,-13.03,1.19,-0.32,-0.34,0.14,0.0,-18.01,104.83,-17.09,-0.09,0.33,1.18,3
2801,35.78,4,-0.9590000000000001,0.12,-0.19,0.18,350.02,18.77,-17.93,-0.85,0.53,-0.32,4.09,-69.43,91.86,57.98,-0.79,-0.96,0.27,3
2802,35.782,3,-0.867,0.11,0.11,-0.47,71.84,-5.23,-17.97,-0.03,-0.11,-0.03,4.09,6.26,-22.89,20.9,0.15,-0.22,0.95,3
2803,35.86,1,0.045,0.74,-0.0,-0.68,338.03,83.91,140.38,-0.22,0.09,-0.1,4.09,-0.31,-21.51,12.51,-0.91,0.13,0.16,3
2804,35.861999999999995,6,0.888,-0.3,0.19,-0.3,334.02,8.79,-40.57,0.6,-0.35,-0.29,4.09,7.48,-16.48,-9.77,0.13,0.03,0.97,3
2805,35.867,2,0.8170000000000001,0.23,-0.23,-0.47,310.72,-9.15,37.58,-0.43,0.17,-0.22,4.09,-84.84,78.28,99.79,0.09,0.11,0.9,3
2806,35.869,0,0.075,0.68,-0.0,-0.73,251.96,82.38,52.03,-0.15,-0.01,-0.08,4.09,-21.82,10.68,18.01,-0.9,0.08,0.22,3
2807,35.874,5,-0.961,-0.01,-0.2,-0.19,37.67,22.38,6.51,0.04,0.01,0.01,4.09,8.85,-11.6,-7.32,-0.34,0.07,0.95,3
2808,35.876,7,-0.996,-0.02,0.01,0.09,3.52,-1.48,1.91,-0.1,-0.22,0.02,0.0,19.68,127.11,-49.44,-0.11,0.25,1.01,3
2809,35.88,4,-0.94,0.16,-0.28,0.12,352.65,28.78,-24.39,-0.05,0.1,-0.09,4.09,-65.61,75.53,41.96,-0.39,-0.45,0.72,3
2810,35.881,3,-0.862,0.11,0.12,-0.48,73.19,-6.14,-18.39,0.06,0.04,-0.05,4.09,-19.23,-9.0,9.46,0.12,-0.38,0.89,3
2811,35.96,1,0.046,0.72,-0.01,-0.69,314.13,84.64,117.32,-0.3,0.03,-0.04,4.09,15.26,-15.41,3.2,-0.95,0.09,0.26,3
2812,35.961999999999996,6,0.897,-0.29,0.15,-0.3,335.07,5.97,-37.69,0.57,-0.42,-0.35,4.09,9.77,-30.82,-23.04,0.09,0.13,0.97,3
2813,35.966,2,0.89,0.17,-0.15,-0.39,324.64,-7.72,25.57,-0.09,0.07,0.11,4.09,-115.66,89.57,102.08,0.14,0.37,1.03,3
2814,35.967,0,0.094,0.68,0.0,-0.73,258.6,81.57,56.66,-0.23,-0.03,-0.02,4.09,-11.14,5.65,2.9,-0.97,0.05,0.31,3
2815,35.972,5,-0.963,-0.02,-0.19,-0.19,37.68,20.96,6.87,0.02,0.03,0.0,4.09,12.82,-12.82,-1.37,-0.35,0.08,0.94,3
2816,35.974000000000004,7,-0.986,-0.05,-0.08,0.14,358.63,9.96,4.57,0.21,0.09,-0.28,0.0,32.65,89.26,-59.51,0.09,0.01,0.73,3
2817,35.978,4,-0.9329999999999999,0.16,-0.32,0.06,358.49,34.77,-24.5,0.67,-0.08,-0.16,4.09,16.33,-18.46,76.14,0.07,-0.09,1.1,3
2818,35.979,3,-0.853,0.12,0.14,-0.49,74.89,-6.87,-20.2,0.03,0.07,-0.03,4.09,-34.03,-14.65,23.5,0.09,-0.45,0.89,3
2819,36.061,2,0.9359999999999999,0.11,-0.08,-0.32,335.19,-4.9,15.3,0.18,-0.08,-0.1,4.09,-74.62,41.35,67.9,0.14,0.45,0.8,3
2820,36.063,6,0.902,-0.28,0.1,-0.31,335.64,0.8,-34.66,0.51,-0.33,-0.35,4.09,20.29,-49.29,-34.48,0.2,0.04,0.88,3
2821,36.066,1,0.035,0.71,-0.02,-0.7,296.8,85.38,101.64,-0.43,0.05,-0.14,4.09,14.8,-11.44,-15.87,-0.86,0.1,0.42,3
2822,36.068000000000005,0,0.098,0.68,0.01,-0.73,258.74,82.07,55.59,0.22,0.6,0.26,4.09,-1.98,-1.68,-20.45,-1.13,0.57,-0.01,3
2823,36.073,5,-0.965,-0.03,-0.18,-0.19,37.37,19.95,7.95,0.02,0.01,0.01,4.09,7.78,-12.97,0.31,-0.34,0.13,0.93,3
2824,36.074,7,-0.975,-0.08,-0.12,0.17,355.15,15.38,6.25,0.27,0.1,-0.43,0.0,21.06,4.12,-15.26,0.14,0.04,0.63,3
2825,36.078,4,-0.955,0.11,-0.27,0.03,5.52,31.03,-15.61,1.6,-0.27,-0.77,4.09,85.91,-115.97,8.85,1.09,0.21,1.27,3
2826,36.08,3,-0.836,0.15,0.16,-0.5,77.64,-7.3,-24.21,-0.14,-0.04,0.09,4.09,-24.87,-18.77,0.0,0.12,-0.33,1.05,3
2827,36.145,1,0.011000000000000001,0.71,-0.02,-0.71,276.19,87.74,82.57,-0.5,-0.09,-0.15,4.09,19.84,-14.95,-32.65,-0.84,-0.08,0.49,3
2828,36.147,6,0.9109999999999999,-0.27,0.05,-0.31,337.94,-3.86,-31.82,0.66,-0.32,-0.31,4.09,30.82,-38.6,-0.31,0.4,0.22,0.91,3
2829,36.150999999999996,2,0.946,0.06,-0.06,-0.31,337.27,-4.73,9.28,0.55,-0.44,0.42,4.09,7.63,1.07,45.01,0.08,1.43,1.89,3
2830,36.153,0,0.08,0.67,0.03,-0.74,238.44,83.39,35.65,-0.13,0.07,-0.12,4.09,6.71,-18.01,-40.28,-0.82,0.13,0.23,3
2831,36.158,5,-0.9670000000000001,-0.04,-0.17,-0.18,36.67,18.57,8.67,0.01,-0.01,0.0,4.09,6.26,-14.8,-1.07,-0.32,0.14,0.93,3
2832,36.16,7,-0.9790000000000001,-0.08,-0.1,0.16,356.68,12.52,7.79,-0.17,0.36,0.98,0.0,0.0,-29.45,41.81,-0.99,-0.25,2.23,3
2833,36.164,4,-0.9640000000000001,0.09,-0.25,0.05,5.14,27.82,-12.53,-0.25,-0.05,-0.07,4.09,-35.71,-32.81,7.48,-0.61,-0.26,0.75,3
2834,36.165,3,-0.8240000000000001,0.16,0.2,-0.51,79.51,-9.26,-27.78,0.09,0.11,-0.16,4.09,-56.92,-46.69,33.72,0.08,-0.52,0.68,3
2835,36.260999999999996,1,-0.017,0.68,-0.0,-0.73,177.51,86.34,-14.81,-0.47,0.03,-0.07,4.09,5.65,-17.09,-24.26,-0.92,0.02,0.59,3
2836,36.263000000000005,6,0.9209999999999999,-0.25,0.01,-0.3,340.49,-7.75,-28.38,0.56,-0.54,-0.06,4.09,27.01,-33.11,37.99,0.24,0.28,1.2,3
2837,36.266,2,0.946,0.11,-0.06,-0.3,338.49,-3.19,13.7,0.13,-0.12,-0.24,4.09,39.67,-14.34,-14.04,0.07,0.27,0.77,3
2838,36.268,0,0.051,0.67,0.04,-0.74,208.59,83.68,7.47,-0.04,-0.12,-0.03,4.09,10.83,-4.12,-26.25,-1.06,-0.14,0.17,3
2839,36.273,5,-0.97,-0.05,-0.15,-0.18,36.52,16.15,8.65,0.03,-0.0,0.02,4.09,-4.58,-30.82,5.19,-0.26,0.14,0.97,3
2840,36.274,7,-0.983,-0.09,-0.07,0.14,358.43,9.21,9.77,-0.2,-0.53,-0.07,0.0,9.92,-50.2,25.18,-0.56,0.86,0.91,3
2841,36.278,4,-0.968,0.09,-0.23,0.04,6.49,25.91,-12.69,-0.09,0.03,-0.02,4.09,18.77,-9.92,-24.72,-0.52,-0.2,0.8,3
2842,36.28,3,-0.802,0.19,0.25,-0.51,82.7,-11.95,-34.48,0.25,0.04,0.59,4.09,-53.71,-38.76,14.04,0.38,-1.09,1.15,3
2843,36.361,1,-0.015,0.71,-0.02,-0.71,255.47,89.41,64.41,-0.3,-0.17,-0.22,4.09,5.04,56.76,47.45,-0.8,-0.03,0.26,3
2844,36.363,6,0.93,-0.24,0.0,-0.27,343.02,-7.59,-27.2,0.61,-0.88,-0.25,4.09,16.94,27.77,-21.51,0.17,0.58,1.09,3
2845,36.367,2,0.9329999999999999,0.12,-0.08,-0.33,334.36,-4.33,16.02,-0.07,-0.04,0.03,4.09,24.26,-0.46,-33.72,0.05,0.32,0.92,3
2846,36.368,0,0.026000000000000002,0.67,0.04,-0.74,188.86,84.04,-10.13,-0.0,-0.05,0.15,4.09,17.4,1.98,-21.51,-1.09,-0.07,0.16,3
2847,36.373000000000005,5,-0.966,-0.06,-0.14,-0.21,39.87,14.08,10.29,-0.56,0.41,0.44,4.09,25.63,34.03,117.8,-1.07,0.17,1.28,3
2848,36.378,7,-0.985,-0.1,-0.03,0.13,359.0,5.04,11.47,-0.04,-0.04,-0.06,0.0,11.44,-31.74,39.52,-0.13,0.22,0.9,3
2849,36.382,4,-0.971,0.09,-0.22,0.05,5.87,24.56,-12.12,-0.04,0.1,-0.01,4.09,1.22,5.65,-8.24,-0.43,-0.24,0.87,3
2850,36.383,3,-0.7809999999999999,0.21,0.26,-0.53,85.92,-10.54,-37.28,-0.58,0.05,-0.21,4.09,51.27,53.1,1.98,-0.08,-0.12,0.95,3
2851,36.454,1,-0.008,0.72,-0.03,-0.69,344.98,86.77,153.67,-0.27,-0.14,0.1,4.09,-2.9,7.78,-9.77,-1.13,-0.05,0.21,3
2852,36.455999999999996,6,0.9259999999999999,-0.22,0.02,-0.3,339.15,-5.81,-25.24,0.35,-0.49,-0.23,4.09,16.17,48.37,-24.87,0.1,0.19,1.01,3
2853,36.461,2,0.914,0.14,-0.1,-0.37,329.46,-4.22,19.31,-0.29,0.02,0.12,4.09,14.5,-14.5,-29.91,-0.13,0.17,1.11,3
2854,36.461999999999996,0,-0.003,0.67,0.04,-0.74,165.55,83.4,-31.26,-0.05,0.09,-0.1,4.09,21.97,1.98,-31.28,-0.9,0.02,0.15,3
2855,36.466,5,-0.919,-0.09,-0.21,-0.32,55.95,18.76,18.42,-0.49,0.36,-0.65,4.09,31.89,104.83,75.99,-0.49,0.34,0.1,3
2856,36.468,7,-0.987,-0.11,-0.0,0.12,0.74,1.68,12.57,-0.1,0.01,0.03,0.0,6.87,-28.23,29.3,-0.13,0.2,1.0,3
2857,36.473,4,-0.972,0.09,-0.21,0.05,5.27,23.74,-12.07,-0.03,0.02,0.01,4.09,5.49,-32.96,9.16,-0.44,-0.24,0.88,3
2858,36.475,3,-0.823,0.19,0.18,-0.51,78.73,-5.51,-29.46,-0.09,-0.04,-0.1,4.09,104.37,93.84,-63.48,0.13,-0.38,0.83,3
2859,36.569,1,-0.017,0.73,-0.01,-0.68,24.9,86.23,-167.23,-0.24,-0.11,-0.11,4.09,-4.88,-5.95,-25.33,-0.9,-0.13,0.2,3
2860,36.571,6,0.9229999999999999,-0.2,0.08,-0.32,336.13,0.74,-25.21,0.34,-0.39,-0.0,4.09,-14.5,87.59,14.34,0.03,0.05,1.07,3
2861,36.575,2,0.9079999999999999,0.15,-0.11,-0.38,327.91,-5.12,20.49,-0.13,-0.07,-0.01,4.09,5.04,-20.75,-14.95,-0.06,0.31,0.95,3
2862,36.577,0,-0.036000000000000004,0.68,0.04,-0.74,141.25,81.84,-53.49,-0.09,0.04,-0.09,4.09,18.16,15.41,-43.49,-0.9,-0.08,0.16,3
2863,36.580999999999996,5,-0.9129999999999999,-0.07,-0.28,-0.28,53.51,28.66,19.45,-0.34,0.03,-0.18,4.09,-18.62,80.26,-80.87,-0.56,0.33,0.53,3
2864,36.583,7,-0.988,-0.11,0.02,0.1,2.65,-0.45,13.22,-0.09,0.03,-0.06,0.0,9.92,-19.84,28.08,-0.07,0.18,0.93,3
2865,36.586,4,-0.9790000000000001,0.08,-0.18,0.05,6.18,20.52,-10.3,-0.04,0.01,0.0,4.09,5.49,-30.82,3.51,-0.38,-0.19,0.91,3
2866,36.589,3,-0.872,0.14,0.07,-0.46,69.83,0.11,-18.54,0.41,0.1,-0.11,4.09,104.68,38.76,-0.15,0.14,-0.51,0.74,3
2867,36.65,1,-0.024,0.73,0.01,-0.68,53.7,85.28,-139.47,-0.3,-0.07,-0.06,4.09,-19.38,1.22,-17.09,-0.95,-0.12,0.24,3
2868,36.652,6,0.9179999999999999,-0.19,0.16,-0.31,334.48,9.73,-27.36,0.5,-0.21,-0.1,4.09,-34.48,96.59,31.74,0.11,-0.01,1.04,3
2869,36.656,2,0.9,0.15,-0.12,-0.39,325.95,-5.26,21.6,-0.07,0.01,-0.04,4.09,26.4,-13.28,-22.13,0.04,0.27,0.93,3
2870,36.659,0,-0.07200000000000001,0.68,0.05,-0.73,122.83,79.2,-69.79,-0.18,0.09,-0.02,4.09,13.58,21.51,-27.47,-0.96,-0.05,0.22,3
2871,36.663000000000004,5,-0.912,-0.02,-0.32,-0.25,49.39,35.56,14.25,0.72,-0.49,-0.2,4.09,-41.35,9.16,-55.24,0.43,0.21,1.25,3
2872,36.664,7,-0.988,-0.12,0.04,0.08,4.12,-2.93,14.28,-0.16,0.02,-0.02,0.0,9.31,-30.82,26.86,-0.11,0.21,0.99,3
2873,36.668,4,-0.982,0.07,-0.17,0.05,6.77,18.82,-9.92,-0.02,-0.0,0.0,4.09,-0.61,-13.58,3.97,-0.34,-0.15,0.93,3
2874,36.67,3,-0.9,0.11,0.04,-0.42,64.02,1.21,-13.03,1.09,0.34,1.12,4.09,22.58,7.17,-44.71,0.4,-1.57,1.82,3
2875,36.751999999999995,1,-0.02,0.73,0.04,-0.69,70.51,84.58,-124.85,-0.36,-0.06,-0.11,4.09,-25.63,-7.93,-8.85,-0.91,-0.16,0.35,3
2876,36.754,6,0.9109999999999999,-0.19,0.24,-0.27,335.08,19.42,-30.76,0.65,-0.24,-0.57,4.09,-45.01,70.19,53.56,0.18,0.24,0.77,3
2877,36.759,2,0.89,0.17,-0.13,-0.4,324.19,-5.15,23.9,-0.1,0.06,-0.09,4.09,24.72,-9.31,-33.42,0.04,0.24,0.88,3
2878,36.760999999999996,0,-0.079,0.69,0.05,-0.72,114.4,79.56,-77.04,-0.1,0.21,-0.06,4.09,7.78,8.85,9.16,-0.94,-0.02,0.18,3
2879,36.766,5,-0.907,-0.01,-0.3,-0.3,54.11,32.32,13.74,1.11,-0.38,-0.39,4.09,-38.3,-61.04,66.38,0.56,-0.19,1.18,3
2880,36.766999999999996,7,-0.988,-0.13,0.06,0.07,5.66,-5.96,15.03,-0.13,0.01,-0.02,0.0,4.43,-28.08,20.6,-0.03,0.23,0.94,3
2881,36.772,4,-0.9840000000000001,0.07,-0.16,0.05,7.13,17.5,-9.54,-0.02,0.01,0.0,4.09,1.37,-6.71,1.37,-0.32,-0.18,0.94,3
2882,36.775999999999996,3,-0.9009999999999999,0.13,0.05,-0.41,62.73,1.31,-16.27,0.21,0.02,-0.23,4.09,-29.75,-3.05,-28.08,0.11,-0.41,0.7,3
2883,36.868,2,0.875,0.19,-0.14,-0.42,321.38,-4.8,27.04,-0.21,-0.1,-0.0,4.09,18.31,-9.46,-16.48,-0.06,0.34,1.09,3
2884,36.87,6,0.9,-0.21,0.3,-0.24,336.02,25.8,-35.66,0.7,-0.26,-0.68,4.09,-41.35,5.04,44.1,0.25,0.26,0.76,3
2885,36.875,1,-0.003,0.71,0.06,-0.7,101.14,84.81,-97.56,-0.24,-0.27,-0.11,4.09,-31.89,-23.35,15.11,-0.86,-0.37,0.2,3
2886,36.876999999999995,0,-0.071,0.69,0.03,-0.72,115.65,81.18,-75.47,-0.14,-0.04,-0.06,4.09,-8.39,-4.88,24.72,-0.94,-0.15,0.2,3
2887,36.88,5,-0.91,-0.01,-0.27,-0.31,55.24,29.39,12.64,0.06,0.1,0.04,4.09,14.04,-45.78,-26.09,-0.54,0.09,0.89,3
2888,36.882,7,-0.986,-0.13,0.09,0.06,6.16,-9.82,15.4,-0.17,-0.02,-0.08,0.0,4.27,-60.88,4.88,-0.07,0.24,0.87,3
2889,36.885999999999996,4,-0.986,0.07,-0.15,0.05,7.23,16.37,-9.09,-0.04,0.02,0.01,4.09,5.8,-22.74,4.58,-0.31,-0.19,0.93,3
2890,36.887,3,-0.893,0.13,0.08,-0.42,64.92,-1.57,-17.58,0.0,0.06,0.06,4.09,-13.28,-33.87,37.23,-0.0,-0.31,1.0,3
2891,36.968,1,0.032,0.7,0.06,-0.71,139.52,87.23,-62.08,-0.4,-0.09,-0.13,4.09,-25.18,-18.92,34.79,-0.86,-0.18,0.39,3
2892,36.97,6,0.903,-0.24,0.3,-0.2,339.89,26.05,-37.37,0.57,-0.33,-0.9,4.09,-7.63,-59.66,1.07,0.25,0.4,0.72,3
2893,36.975,2,0.863,0.2,-0.16,-0.44,319.12,-5.35,29.2,-0.25,0.02,-0.07,4.09,24.57,-13.12,-5.19,-0.08,0.3,0.92,3
2894,36.977,0,-0.034,0.69,0.02,-0.72,135.95,84.68,-57.12,-0.16,-0.07,-0.05,4.09,-26.7,-9.92,74.77,-0.93,-0.13,0.2,3
2895,36.981,5,-0.917,-0.01,-0.25,-0.31,53.99,27.09,11.51,0.0,0.03,0.0,4.09,-16.94,-9.16,23.04,-0.48,0.12,0.86,3
2896,36.983000000000004,7,-0.975,-0.13,0.16,0.07,3.15,-17.31,17.06,-0.09,0.06,-0.0,0.0,-3.66,-60.58,10.83,0.21,0.21,0.97,3
2897,36.986,4,-0.9890000000000001,0.06,-0.12,0.04,8.13,13.99,-8.0,-0.06,0.03,-0.0,4.09,6.56,-37.08,11.14,-0.28,-0.15,0.95,3
2898,36.988,3,-0.884,0.14,0.1,-0.44,67.02,-3.02,-19.21,0.21,0.15,0.06,4.09,0.15,-24.11,30.06,0.09,-0.59,0.93,3
2899,37.073,1,0.059000000000000004,0.68,0.06,-0.73,202.09,86.57,-1.38,-0.37,-0.04,-0.07,4.09,-6.87,0.92,18.92,-0.9,-0.12,0.42,3
2900,37.075,6,0.903,-0.26,0.26,-0.21,339.94,21.29,-39.19,0.72,-0.37,-0.59,4.09,10.07,-53.1,-37.99,0.08,0.1,1.0,3
2901,37.079,2,0.857,0.22,-0.17,-0.43,318.73,-5.42,31.84,-0.14,0.08,-0.07,4.09,41.66,-8.24,12.36,0.06,0.35,0.87,3
2902,37.080999999999996,0,0.02,0.69,0.01,-0.73,205.11,86.69,8.33,-0.04,0.11,0.11,4.09,-27.31,4.88,31.74,-1.13,0.12,0.12,3
2903,37.085,5,-0.9179999999999999,-0.01,-0.24,-0.32,54.6,25.22,11.07,-0.01,-0.02,0.01,4.09,-9.46,-20.9,10.68,-0.44,0.19,0.88,3
2904,37.086,7,-0.971,-0.12,0.2,0.06,4.14,-22.24,15.82,-0.49,0.11,0.15,0.0,-13.12,-7.93,-3.81,0.01,0.14,1.23,3
2905,37.091,4,-0.9940000000000001,0.05,-0.09,0.03,9.48,10.06,-6.19,-0.05,0.05,0.08,4.09,15.26,-34.94,15.87,-0.25,-0.21,1.05,3
2906,37.093,3,-0.871,0.14,0.11,-0.46,70.33,-3.9,-19.95,0.02,-0.06,-0.05,4.09,-9.92,-25.48,22.74,0.11,-0.28,0.87,3
2907,37.17,1,0.057999999999999996,0.69,0.06,-0.72,194.49,87.69,-9.21,-0.41,0.65,0.08,4.09,1.22,32.35,-33.26,-0.98,0.4,0.47,3
2908,37.173,6,0.9079999999999999,-0.28,0.23,-0.22,341.09,16.74,-39.12,0.56,-0.52,-0.45,4.09,6.71,-25.02,15.26,0.03,0.25,0.92,3
2909,37.177,2,0.841,0.26,-0.21,-0.43,317.7,-7.2,38.27,-0.05,-0.07,0.1,4.09,105.29,-23.65,10.99,0.02,0.72,0.88,3
2910,37.179,0,0.052000000000000005,0.69,0.02,-0.72,236.19,86.14,36.17,-0.03,-0.07,-0.05,4.09,-30.67,-1.98,21.97,-0.94,-0.02,0.09,3
2911,37.183,5,-0.9229999999999999,-0.01,-0.22,-0.32,54.22,23.16,9.73,0.06,-0.02,0.02,4.09,-1.22,-12.51,-12.05,-0.37,0.19,0.93,3
2912,37.185,7,-0.976,-0.08,0.19,0.05,5.87,-21.79,11.32,-0.48,0.28,0.08,0.0,-57.83,75.07,43.49,-0.01,-0.1,1.19,3
2913,37.189,4,-0.986,0.07,-0.12,0.09,2.69,13.4,-10.0,-1.28,-0.11,0.04,4.09,-61.04,169.07,-193.18,-1.45,-0.29,0.61,3
2914,37.191,3,-0.8590000000000001,0.12,0.13,-0.48,73.33,-6.02,-19.79,0.18,0.07,-0.06,4.09,14.04,-19.68,8.09,0.14,-0.49,0.8,3
2915,37.272,1,0.05,0.7,0.06,-0.71,116.63,88.89,-86.62,-0.17,-0.12,0.09,4.09,0.46,-6.26,20.75,-1.09,-0.18,0.19,3
2916,37.274,6,0.9109999999999999,-0.29,0.21,-0.21,342.96,15.05,-39.51,0.68,-0.37,-0.29,4.09,-7.78,-26.55,-23.8,0.2,-0.02,1.04,3
2917,37.278,2,0.81,0.3,-0.24,-0.44,313.41,-7.65,44.63,-0.78,0.13,-0.6,4.09,-48.37,10.07,-16.48,-0.24,-0.23,0.84,3
2918,37.28,0,0.085,0.69,0.03,-0.72,262.19,84.69,59.04,-0.06,0.01,-0.08,4.09,-29.6,4.73,19.99,-0.9,0.06,0.12,3
2919,37.284,5,-0.927,-0.0,-0.2,-0.31,53.07,22.09,8.44,0.02,0.02,0.01,4.09,-15.87,-19.99,-1.07,-0.38,0.08,0.93,3
2920,37.285,7,-0.991,-0.04,0.12,0.02,11.44,-14.23,4.48,-0.37,-0.2,-0.04,0.0,-43.79,99.64,13.89,-0.13,0.29,1.03,3
2921,37.29,4,-0.9640000000000001,0.12,-0.22,0.09,359.75,23.8,-17.23,-0.78,0.42,-0.13,4.09,-91.86,80.41,91.25,-0.94,-0.72,0.36,3
2922,37.292,3,-0.8490000000000001,0.11,0.14,-0.5,75.96,-7.14,-19.53,0.17,0.0,-0.11,4.09,4.73,-11.29,26.55,0.2,-0.45,0.75,3
2923,37.369,1,0.077,0.7,0.05,-0.71,283.99,87.54,79.84,-0.23,0.13,-0.09,4.09,0.15,-7.78,37.99,-0.88,0.15,0.28,3
2924,37.371,6,0.914,-0.3,0.19,-0.2,344.36,13.58,-39.43,0.48,-0.47,-0.29,4.09,-0.76,-16.48,-5.19,0.02,0.06,0.97,3
2925,37.38,2,0.862,0.24,-0.19,-0.4,321.4,-7.44,34.92,-0.26,0.19,-0.1,4.09,-118.56,88.5,102.84,0.13,0.23,0.96,3
2926,37.382,0,0.11699999999999999,0.69,0.04,-0.71,272.76,83.04,66.28,-0.12,-0.0,-0.04,4.09,-32.04,-3.51,18.01,-0.96,0.07,0.18,3
2927,37.387,5,-0.9309999999999999,0.0,-0.18,-0.32,52.82,20.11,7.02,0.02,0.03,0.01,4.09,2.14,-11.29,0.61,-0.34,0.09,0.94,3
2928,37.389,7,-0.9990000000000001,-0.02,0.03,0.04,9.58,-3.12,1.98,-0.16,-0.24,0.02,0.0,0.61,121.77,-29.75,-0.11,0.26,1.02,3
2929,37.395,4,-0.94,0.17,-0.29,0.04,2.36,32.27,-24.16,0.41,-0.01,0.02,4.09,-50.35,41.05,56.46,-0.17,-0.34,1.03,3
2930,37.397,3,-0.8320000000000001,0.11,0.15,-0.52,79.86,-7.69,-19.69,-0.08,-0.02,-0.02,4.09,-0.46,-17.4,31.74,0.14,-0.24,0.93,3
2931,37.461,1,0.08199999999999999,0.7,0.03,-0.71,287.1,85.78,83.91,-0.28,0.02,-0.14,4.09,7.48,-7.02,-5.19,-0.86,0.04,0.3,3
2932,37.463,6,0.92,-0.29,0.17,-0.2,345.81,11.09,-38.2,0.44,-0.4,-0.23,4.09,13.89,-36.62,-11.9,0.04,-0.07,0.98,3
2933,37.467,2,0.924,0.17,-0.11,-0.32,334.33,-5.54,23.14,0.02,0.04,0.06,4.09,-93.38,76.14,98.42,0.15,0.4,0.99,3
2934,37.468,0,0.135,0.68,0.05,-0.72,272.14,82.31,63.36,-0.25,0.14,0.06,4.09,-10.83,-3.2,-6.87,-0.97,0.19,0.34,3
2935,37.472,5,-0.93,-0.0,-0.18,-0.32,53.16,19.71,7.23,-0.01,0.05,0.01,4.09,5.95,-1.83,4.43,-0.37,0.08,0.94,3
2936,37.474000000000004,7,-0.9940000000000001,-0.05,-0.07,0.07,6.85,8.7,4.84,0.11,-0.04,-0.13,0.0,35.25,75.07,-34.94,-0.07,0.07,0.93,3
2937,37.479,4,-0.938,0.17,-0.31,-0.01,8.59,35.21,-21.72,0.78,-0.24,-0.15,4.09,27.31,-25.18,23.5,0.13,-0.13,1.17,3
2938,37.48,3,-0.8220000000000001,0.11,0.16,-0.54,81.85,-8.3,-20.78,-0.11,0.06,0.01,4.09,-20.29,-3.97,5.49,0.06,-0.28,0.98,3
2939,37.563,2,0.9570000000000001,0.12,-0.05,-0.26,343.53,-2.32,14.81,0.07,-0.18,0.06,4.09,-41.2,30.21,47.91,0.02,0.47,0.98,3
2940,37.565,6,0.9359999999999999,-0.28,0.12,-0.18,349.75,7.67,-34.54,0.47,-0.52,-0.37,4.09,14.04,-47.76,-6.41,0.14,0.14,0.91,3
2941,37.568000000000005,1,0.071,0.69,0.03,-0.72,257.25,86.04,55.07,-0.48,0.07,-0.14,4.09,11.6,-27.47,-22.28,-0.85,0.03,0.55,3
2942,37.57,0,0.134,0.68,0.05,-0.72,268.17,82.68,58.97,-0.17,-0.04,-0.07,4.09,-5.65,-2.29,-6.71,-0.92,-0.0,0.21,3
2943,37.575,5,-0.93,-0.01,-0.18,-0.32,53.42,19.1,7.83,-0.04,0.01,-0.0,4.09,7.93,-14.5,-8.7,-0.36,0.12,0.91,3
2944,37.577,7,-0.987,-0.07,-0.12,0.08,5.78,14.27,6.9,0.19,0.32,-0.27,0.0,8.09,29.14,-5.19,0.05,-0.2,0.78,3
2945,37.585,4,-0.948,0.18,-0.25,0.06,0.16,27.1,-24.88,0.85,-0.46,0.26,4.09,11.29,-43.95,-22.28,-0.01,0.31,1.48,3
2946,37.586999999999996,3,-0.8140000000000001,0.11,0.17,-0.54,83.17,-9.1,-22.33,-0.02,0.03,0.0,4.09,-23.19,-13.58,16.33,0.1,-0.33,0.94,3
2947,37.675,1,0.055999999999999994,0.66,0.04,-0.74,211.32,83.35,9.69,-0.37,-0.1,-0.09,4.09,2.29,-19.68,-12.36,-0.87,-0.11,0.44,3
2948,37.677,6,0.945,-0.28,0.07,-0.16,353.92,2.75,-33.04,0.43,-0.33,-0.19,4.09,17.85,-64.85,10.68,0.25,-0.07,0.95,3
2949,37.681,2,0.961,0.11,-0.06,-0.25,344.92,-3.46,13.9,-0.3,-0.2,-0.03,4.09,6.1,-56.15,-67.44,-0.33,0.2,1.0,3
2950,37.681999999999995,0,0.132,0.68,0.07,-0.72,256.05,83.74,45.55,-0.16,0.13,0.09,4.09,-18.16,-2.14,-37.54,-1.04,0.16,0.29,3
2951,37.686,5,-0.937,-0.02,-0.16,-0.31,51.84,16.81,7.63,0.02,0.0,0.01,4.09,-6.1,-26.55,-3.81,-0.28,0.11,0.96,3
2952,37.688,7,-0.988,-0.06,-0.12,0.07,6.42,14.35,6.44,0.21,-0.13,-0.84,0.0,-2.14,-80.41,27.47,0.05,0.21,0.93,3
2953,37.693000000000005,4,-0.9570000000000001,0.17,-0.23,0.08,0.2,24.0,-22.61,-0.07,-0.05,-0.13,4.09,14.34,-42.42,70.5,-0.46,-0.14,0.8,3
2954,37.695,3,-0.799,0.13,0.2,-0.55,85.67,-10.36,-26.13,0.26,-0.01,-0.07,4.09,-45.17,-47.91,59.36,0.2,-0.57,0.7,3
2955,37.779,1,0.054000000000000006,0.66,0.04,-0.75,204.95,82.09,3.12,-0.42,-0.07,-0.12,4.09,-3.51,-12.97,1.53,-0.83,-0.08,0.55,3
2956,37.781,0,0.11900000000000001,0.68,0.09,-0.72,237.48,85.77,26.43,-0.14,-0.08,-0.1,4.09,-9.31,8.39,-23.5,-0.91,-0.08,0.16,3
2957,37.786,2,0.956,0.12,-0.07,-0.26,343.54,-4.29,15.67,-0.05,-0.06,0.19,4.09,19.07,-16.78,1.68,0.01,0.36,1.23,3
2958,37.787,6,0.953,-0.27,0.03,-0.13,359.07,-0.18,-31.8,0.53,-0.58,-0.33,4.09,6.1,-36.93,31.59,0.36,0.25,0.98,3
2959,37.793,5,-0.9420000000000001,-0.02,-0.14,-0.31,50.92,14.14,7.05,0.02,-0.02,0.03,4.09,-6.1,-23.65,-1.37,-0.22,0.1,1.01,3
2960,37.795,7,-0.992,-0.07,-0.08,0.06,8.16,10.07,7.71,-0.13,0.21,-0.05,0.0,4.12,-22.13,42.72,-0.23,-0.03,0.88,3
2961,37.799,4,-0.968,0.14,-0.21,0.03,7.01,23.22,-17.69,-0.12,0.12,0.0,4.09,22.43,-24.87,24.41,-0.5,-0.36,0.81,3
2962,37.801,3,-0.753,0.17,0.25,-0.58,92.93,-10.71,-33.74,0.04,0.22,0.29,4.09,-82.7,-24.11,46.08,0.07,-0.8,1.04,3
2963,37.876999999999995,1,0.055999999999999994,0.64,0.03,-0.76,208.66,80.07,7.45,-0.74,-0.55,0.2,4.09,11.14,32.81,49.29,-0.97,-0.66,0.99,3
2964,37.88,6,0.958,-0.27,0.02,-0.09,3.7,-0.67,-31.45,0.42,-1.29,0.18,4.09,18.92,30.98,-5.19,0.21,0.48,1.32,3
2965,37.885999999999996,2,0.9490000000000001,0.14,-0.1,-0.27,341.51,-6.44,18.32,0.06,-0.15,-0.25,4.09,28.53,-12.21,-2.14,0.12,0.46,0.62,3
2966,37.889,0,0.10800000000000001,0.68,0.1,-0.72,218.07,87.19,7.28,0.1,0.05,0.26,4.09,9.77,0.46,-25.63,-1.25,0.07,0.01,3
2967,37.895,5,-0.932,-0.03,-0.13,-0.34,54.84,13.06,8.42,-0.94,0.54,0.62,4.09,69.27,92.62,161.9,-1.38,0.66,1.33,3
2968,37.898,7,-0.995,-0.07,-0.05,0.04,9.39,6.33,8.33,-0.27,0.15,-0.06,0.0,12.51,-27.16,17.4,-0.35,0.01,0.86,3
2969,37.902,4,-0.973,0.13,-0.19,0.01,9.88,21.73,-16.17,0.06,-0.04,0.03,4.09,-18.01,9.31,-2.29,-0.35,-0.27,0.92,3
2970,37.904,3,-0.741,0.2,0.25,-0.59,93.82,-7.63,-36.32,-0.33,0.05,0.03,4.09,62.87,79.8,-34.33,0.06,-0.4,0.99,3
2971,37.982,1,0.079,0.68,0.01,-0.73,251.88,83.4,50.32,-0.08,0.01,0.05,4.09,-14.65,23.04,11.75,-1.04,0.06,0.21,3
2972,37.984,6,0.961,-0.25,0.04,-0.11,0.71,1.77,-29.47,0.28,-0.63,-0.32,4.09,38.3,60.12,-55.54,0.09,0.2,0.93,3
2973,37.988,2,0.937,0.18,-0.11,-0.28,339.23,-5.79,23.0,-0.23,0.15,0.22,4.09,29.45,6.56,-8.85,-0.02,0.29,1.29,3
2974,37.989000000000004,0,0.085,0.68,0.1,-0.72,176.97,86.99,-32.19,-0.12,0.05,-0.07,4.09,21.67,1.37,-14.95,-0.91,0.0,0.18,3
2975,37.994,5,-0.879,-0.08,-0.25,-0.4,67.08,21.61,21.11,-0.43,0.08,-0.63,4.09,59.97,72.17,-73.7,-0.5,0.41,0.08,3
2976,37.995,7,-0.996,-0.08,-0.03,0.03,10.82,3.3,9.66,-0.06,0.01,0.01,0.0,17.4,-29.14,-6.26,-0.14,0.16,0.98,3
2977,37.999,4,-0.972,0.13,-0.19,0.02,8.9,21.44,-16.73,-0.06,-0.04,0.01,4.09,19.38,-24.87,-1.68,-0.4,-0.23,0.9,3
2978,38.001,3,-0.792,0.18,0.16,-0.56,85.21,-3.13,-28.24,0.17,-0.04,0.07,4.09,88.5,79.65,-52.8,0.15,-0.64,0.85,3
2979,38.064,1,0.078,0.69,0.03,-0.72,256.91,85.17,54.39,-0.31,0.07,-0.06,4.09,-5.65,0.0,-33.11,-0.92,0.08,0.36,3
2980,38.066,6,0.9590000000000001,-0.23,0.09,-0.15,355.38,5.77,-27.41,0.37,-0.41,0.01,4.09,1.98,85.75,-18.16,0.11,-0.03,1.13,3
2981,38.07,2,0.93,0.18,-0.12,-0.29,337.47,-6.69,24.48,-0.13,-0.05,-0.04,4.09,8.85,-23.5,-10.99,-0.03,0.36,0.89,3
2982,38.071,0,0.06,0.69,0.1,-0.72,150.17,86.04,-56.69,-0.14,0.09,-0.08,4.09,21.82,7.02,-27.77,-0.91,-0.01,0.2,3
2983,38.076,5,-0.885,-0.05,-0.3,-0.35,62.62,30.19,20.36,-0.11,0.03,0.16,4.09,-31.59,74.77,-57.22,-0.66,0.4,0.89,3
2984,38.078,7,-0.995,-0.1,-0.0,0.02,11.39,0.4,11.1,-0.13,0.0,-0.0,0.0,13.12,-26.55,25.94,-0.14,0.19,0.98,3
2985,38.082,4,-0.978,0.12,-0.17,0.02,9.36,19.43,-14.82,-0.05,-0.01,-0.0,4.09,10.22,-19.99,3.05,-0.36,-0.22,0.9,3
2986,38.083,3,-0.8220000000000001,0.16,0.09,-0.54,80.42,0.78,-20.95,0.29,-0.03,-0.02,4.09,69.73,41.2,-27.47,0.11,-0.61,0.85,3
2987,38.166,1,0.066,0.69,0.04,-0.72,241.98,87.16,39.19,-0.32,-0.11,-0.08,4.09,-12.05,-0.46,-13.43,-0.91,-0.13,0.34,3
2988,38.168,6,0.948,-0.23,0.16,-0.16,351.52,13.57,-29.56,0.45,-0.4,-0.24,4.09,-31.59,85.75,21.97,0.08,0.07,0.94,3
2989,38.172,2,0.924,0.19,-0.13,-0.3,335.83,-7.61,25.83,-0.14,0.02,-0.03,4.09,9.0,-17.24,-12.82,0.02,0.33,0.92,3
2990,38.174,0,0.033,0.69,0.1,-0.72,132.83,84.16,-71.97,-0.17,0.07,-0.06,4.09,21.97,7.93,-19.23,-0.94,-0.04,0.23,3
2991,38.178000000000004,5,-0.877,0.01,-0.34,-0.34,61.96,36.77,15.46,0.39,-0.39,-0.13,4.09,-43.18,40.89,43.64,-0.06,0.24,1.0,3
2992,38.18,7,-0.9940000000000001,-0.11,0.02,0.01,12.95,-2.33,12.39,-0.09,0.08,-0.03,0.0,15.41,-26.55,24.26,-0.05,0.13,0.97,3
2993,38.184,4,-0.982,0.11,-0.15,0.01,10.56,17.53,-13.45,-0.01,-0.04,0.0,4.09,7.17,-17.4,3.05,-0.34,-0.22,0.92,3
2994,38.185,3,-0.8420000000000001,0.13,0.06,-0.52,77.2,2.02,-15.93,0.23,-0.17,-0.4,4.09,11.29,-3.97,-86.98,0.26,-0.45,0.41,3
2995,38.268,1,0.067,0.69,0.06,-0.72,221.49,88.04,17.35,-0.34,-0.03,-0.11,4.09,-12.97,-1.68,-12.21,-0.87,-0.08,0.37,3
2996,38.27,6,0.938,-0.23,0.23,-0.13,352.66,21.58,-31.64,0.58,-0.35,-0.32,4.09,-40.74,72.02,51.88,0.13,0.06,0.94,3
2997,38.274,2,0.914,0.2,-0.15,-0.32,333.45,-8.01,27.65,-0.19,0.04,-0.01,4.09,23.65,-11.44,-31.28,0.04,0.32,0.94,3
2998,38.278,0,0.008,0.69,0.09,-0.71,120.77,82.86,-81.62,-0.12,-0.5,0.22,4.09,15.11,8.85,6.1,-1.14,-0.63,0.02,3
2999,38.281,5,-0.861,0.01,-0.3,-0.41,69.23,32.31,15.41,1.0,-0.84,-0.22,4.09,-66.53,-98.11,-83.62,0.43,-0.13,1.41,3
3000,38.283,7,-0.992,-0.12,0.05,-0.02,15.3,-5.67,13.5,-0.1,-0.02,0.02,0.0,13.89,-32.96,31.13,0.01,0.28,1.0,3
3001,38.287,4,-0.985,0.1,-0.14,0.01,11.58,15.68,-12.31,-0.03,-0.02,0.0,4.09,0.76,-17.09,7.78,-0.29,-0.19,0.94,3
3002,38.288000000000004,3,-0.843,0.13,0.08,-0.52,76.92,-0.18,-17.56,-0.61,-0.09,0.11,4.09,-47.91,27.31,-0.61,-0.15,0.23,1.23,3
3003,38.37,1,0.073,0.68,0.08,-0.72,196.08,86.64,-10.04,-0.35,-0.06,-0.07,4.09,-33.11,-6.26,2.59,-0.92,-0.14,0.38,3
3004,38.372,0,0.013999999999999999,0.7,0.08,-0.71,115.22,84.39,-86.62,-0.03,-0.02,0.01,4.09,3.51,-0.92,18.31,-0.99,-0.13,0.04,3
3005,38.376,2,0.9009999999999999,0.22,-0.15,-0.34,330.9,-7.34,30.59,-0.14,0.05,-0.05,4.09,41.2,-14.8,-36.77,0.03,0.38,0.89,3
3006,38.378,6,0.917,-0.25,0.3,-0.09,352.97,29.9,-36.57,0.51,-0.42,-0.62,4.09,-42.88,40.28,46.08,0.09,0.16,0.76,3
3007,38.382,5,-0.87,0.03,-0.26,-0.42,68.15,28.37,10.22,0.56,0.17,0.26,4.09,17.4,-5.49,61.49,-0.64,0.09,0.84,3
3008,38.385,7,-0.9890000000000001,-0.13,0.08,-0.03,16.35,-9.05,14.39,-0.07,0.07,-0.08,0.0,5.95,-33.72,31.28,0.07,0.17,0.91,3
3009,38.389,4,-0.986,0.1,-0.13,0.0,12.0,14.66,-12.16,-0.09,0.04,-0.0,4.09,2.44,-8.85,-1.37,-0.34,-0.24,0.92,3
3010,38.391,3,-0.851,0.15,0.1,-0.5,74.65,-1.19,-20.14,0.15,0.06,-0.08,4.09,-4.88,-49.9,30.21,0.01,-0.49,0.82,3
3011,38.482,1,0.09300000000000001,0.67,0.09,-0.73,204.72,85.32,-4.14,-0.23,-0.12,-0.13,4.09,-20.9,-23.04,27.92,-0.84,-0.14,0.31,3
3012,38.484,0,0.03,0.7,0.07,-0.71,122.7,86.32,-79.85,-0.17,-0.0,-0.08,4.09,-14.04,-5.49,21.06,-0.92,-0.08,0.18,3
3013,38.488,2,0.885,0.25,-0.17,-0.36,327.72,-6.9,33.98,-0.23,0.1,0.05,4.09,19.38,-10.53,-12.36,0.01,0.38,0.96,3
3014,38.489000000000004,6,0.907,-0.27,0.32,-0.04,356.9,34.44,-38.12,0.55,-0.57,-0.7,4.09,-26.86,3.81,44.25,0.13,0.29,0.75,3
3015,38.494,5,-0.88,0.02,-0.24,-0.41,66.49,25.66,10.83,0.06,-0.08,0.02,4.09,-12.97,-25.18,-1.83,-0.38,0.17,0.97,3
3016,38.496,7,-0.983,-0.13,0.12,-0.05,18.27,-14.07,14.41,-0.15,-0.07,-0.1,0.0,1.98,-56.3,25.63,0.1,0.28,0.84,3
3017,38.5,4,-0.9890000000000001,0.09,-0.11,0.0,12.39,12.83,-10.72,-0.04,-0.0,0.01,4.09,15.87,-27.62,7.78,-0.26,-0.18,0.96,3
3018,38.501999999999995,3,-0.838,0.15,0.12,-0.51,77.44,-3.28,-22.03,0.13,-0.04,-0.03,4.09,-30.21,-16.02,-7.02,0.18,-0.5,0.85,3
3019,38.589,1,0.133,0.65,0.09,-0.74,230.56,82.27,18.38,-0.36,-0.02,-0.05,4.09,-26.7,-4.73,32.5,-0.9,-0.09,0.45,3
3020,38.591,0,0.068,0.69,0.06,-0.71,207.21,88.32,2.39,-0.13,0.07,0.08,4.09,-37.69,-5.65,15.26,-1.11,0.11,0.13,3
3021,38.595,2,0.871,0.26,-0.18,-0.37,325.13,-7.3,36.43,-0.24,0.03,-0.07,4.09,29.91,-16.48,-18.01,-0.03,0.41,0.9,3
3022,38.597,6,0.9109999999999999,-0.28,0.3,-0.02,359.33,32.11,-38.88,0.5,-1.8,0.25,4.09,3.36,-19.07,-29.3,-0.3,0.44,1.28,3
3023,38.601,5,-0.879,0.01,-0.22,-0.42,67.66,23.51,10.22,0.01,0.01,0.01,4.09,2.75,-24.87,6.56,-0.4,0.15,0.92,3
3024,38.602,7,-0.972,-0.13,0.18,-0.08,20.25,-21.91,13.67,-0.22,-0.1,0.3,0.0,3.2,-51.42,27.47,0.29,0.49,1.12,3
3025,38.606,4,-0.993,0.08,-0.09,-0.01,13.99,9.94,-8.71,-0.03,0.04,0.03,4.09,24.57,-40.89,16.17,-0.18,-0.18,0.98,3
3026,38.608000000000004,3,-0.8240000000000001,0.16,0.14,-0.53,79.97,-4.33,-24.11,0.27,0.06,-0.09,4.09,-20.6,-24.87,27.47,0.13,-0.65,0.74,3
3027,38.687,1,0.162,0.65,0.09,-0.74,244.22,80.72,29.67,-0.38,-0.15,0.35,4.09,-20.29,9.16,16.02,-1.36,-0.12,0.5,3
3028,38.689,6,0.919,-0.29,0.26,-0.04,359.68,27.71,-38.49,0.46,-0.18,0.1,4.09,2.29,-47.0,-50.05,-0.19,-0.52,1.17,3
3029,38.694,2,0.863,0.28,-0.21,-0.37,324.44,-8.82,39.54,-0.23,0.04,0.0,4.09,45.93,-16.94,0.92,0.03,0.49,0.91,3
3030,38.695,0,0.092,0.7,0.07,-0.71,259.39,87.88,52.16,0.08,-0.21,0.18,4.09,-34.48,5.65,17.55,-1.19,-0.11,-0.12,3
3031,38.699,5,-0.882,0.01,-0.2,-0.43,67.39,21.51,9.78,-0.02,0.01,0.02,4.09,-5.49,-15.72,-2.75,-0.38,0.16,0.93,3
3032,38.701,7,-0.971,-0.13,0.2,-0.05,16.68,-23.12,14.28,-0.33,0.82,0.12,0.0,-38.45,14.95,22.13,0.1,-0.48,1.34,3
3033,38.705,4,-0.997,0.05,-0.06,-0.01,15.14,6.46,-5.24,-0.15,0.01,0.25,4.09,24.72,-33.72,-5.8,-0.39,-0.09,1.26,3
3034,38.707,3,-0.8079999999999999,0.15,0.16,-0.55,83.29,-5.39,-25.38,0.14,-0.04,0.06,4.09,9.31,-19.07,15.41,0.19,-0.56,0.84,3
3035,38.779,1,0.147,0.67,0.11,-0.71,246.27,85.63,31.22,-0.03,-0.54,0.06,4.09,5.95,25.79,-0.92,-1.08,-0.4,-0.06,3
3036,38.781,6,0.924,-0.3,0.23,-0.03,1.12,24.37,-38.92,0.56,-0.66,-0.45,4.09,2.9,-32.5,6.71,0.13,0.17,1.0,3
3037,38.786,2,0.841,0.31,-0.25,-0.36,322.49,-10.95,46.12,0.06,0.1,0.22,4.09,60.58,-21.82,9.0,0.36,0.8,0.82,3
3038,38.787,0,0.12300000000000001,0.7,0.08,-0.7,284.49,86.43,73.93,-0.05,-0.01,-0.05,4.09,-44.25,1.07,19.68,-0.94,0.0,0.06,3
3039,38.794000000000004,5,-0.885,0.01,-0.2,-0.42,66.91,20.7,9.39,-0.03,0.05,0.01,4.09,-9.31,-14.5,0.31,-0.4,0.17,0.92,3
3040,38.796,7,-0.98,-0.08,0.16,-0.08,22.0,-19.38,7.72,-0.3,0.04,-0.02,0.0,-45.78,76.9,35.71,0.01,0.16,1.02,3
3041,38.802,4,-0.987,0.08,-0.11,0.09,2.97,11.14,-10.74,-1.35,0.05,-0.27,4.09,-88.65,176.7,-103.76,-1.13,-0.86,0.23,3
3042,38.803000000000004,3,-0.79,0.13,0.18,-0.57,87.43,-7.3,-24.73,0.01,0.01,0.02,4.09,22.43,-35.86,40.13,0.08,-0.41,0.97,3
3043,38.889,1,0.158,0.69,0.1,-0.7,277.07,84.89,62.13,-0.21,-0.06,-0.05,4.09,-7.93,-3.97,38.45,-0.94,-0.01,0.22,3
3044,38.891,6,0.927,-0.31,0.22,-0.02,3.38,22.75,-38.8,0.36,-0.58,-0.31,4.09,1.98,-21.51,-0.92,-0.03,0.04,0.95,3
3045,38.897,2,0.8320000000000001,0.31,-0.26,-0.38,320.35,-11.55,46.92,-0.8,0.13,-0.19,4.09,-88.96,37.54,-18.01,-0.17,0.12,1.11,3
3046,38.899,0,0.16,0.69,0.1,-0.7,291.15,84.9,76.12,-0.17,-0.01,-0.06,4.09,-37.84,6.87,18.62,-0.93,0.01,0.18,3
3047,38.904,5,-0.8859999999999999,0.01,-0.18,-0.43,66.86,19.36,8.07,0.02,0.03,0.01,4.09,-13.12,-3.2,13.58,-0.33,0.1,0.95,3
3048,38.906,7,-0.991,-0.04,0.1,-0.08,23.37,-11.21,3.27,-0.31,-0.11,0.05,0.0,-35.55,104.83,-21.97,-0.09,0.21,1.08,3
3049,38.911,4,-0.955,0.18,-0.23,0.05,3.03,25.08,-23.65,-0.38,0.19,-0.21,4.09,-129.7,88.96,46.69,-0.54,-0.5,0.47,3
3050,38.913000000000004,3,-0.774,0.12,0.19,-0.59,90.69,-8.32,-24.26,-0.02,-0.03,-0.02,4.09,1.07,-26.86,33.42,0.16,-0.37,0.91,3
3051,38.991,1,0.17800000000000002,0.69,0.08,-0.7,287.04,82.12,71.85,-0.31,0.05,-0.06,4.09,4.43,-5.04,18.31,-0.91,0.05,0.34,3
3052,38.994,6,0.9329999999999999,-0.3,0.19,-0.01,6.25,20.87,-37.48,0.44,-0.58,-0.31,4.09,5.34,-22.58,-1.53,0.08,0.04,1.01,3
3053,38.997,2,0.9,0.24,-0.19,-0.31,332.89,-10.63,34.22,-0.15,0.23,0.2,4.09,-120.85,136.26,192.57,0.29,0.51,1.13,3
3054,38.999,0,0.193,0.69,0.11,-0.69,300.02,83.45,81.06,-0.22,0.09,-0.07,4.09,-34.64,8.85,13.43,-0.93,0.11,0.25,3
3055,39.003,5,-0.884,0.02,-0.17,-0.43,67.54,18.52,7.36,0.05,0.01,0.01,4.09,2.14,-10.22,0.15,-0.29,0.06,0.96,3
3056,39.005,7,-0.998,-0.02,0.0,-0.07,21.62,-0.35,1.96,-0.23,-0.23,-0.02,0.0,18.16,118.1,-33.72,-0.18,0.32,0.97,3
3057,39.009,4,-0.929,0.23,-0.29,-0.02,8.0,32.9,-29.77,0.4,-0.26,-0.03,4.09,-30.82,9.0,115.66,-0.21,-0.23,1.03,3
3058,39.010999999999996,3,-0.757,0.11,0.2,-0.61,94.14,-9.3,-24.32,-0.02,0.03,-0.03,4.09,-8.7,-21.06,28.53,0.11,-0.39,0.9,3
3059,39.083,1,0.184,0.69,0.07,-0.7,289.97,80.6,75.25,-0.3,0.07,-0.11,4.09,2.9,-8.54,4.73,-0.87,0.11,0.37,3
3060,39.085,6,0.9440000000000001,-0.29,0.16,0.01,10.12,17.61,-34.91,0.29,-0.59,-0.32,4.09,10.83,-41.66,-13.89,0.03,0.09,0.94,3
3061,39.089,2,0.96,0.17,-0.1,-0.2,349.24,-6.66,21.71,0.17,-0.01,-0.03,4.09,-97.5,88.2,74.01,0.26,0.45,0.83,3
3062,39.091,0,0.21,0.69,0.12,-0.68,303.06,82.84,81.77,-0.21,0.1,-0.01,4.09,-12.97,6.71,0.76,-0.98,0.12,0.25,3
3063,39.096,5,-0.885,0.01,-0.16,-0.44,67.56,17.63,7.09,0.03,0.02,0.01,4.09,-5.95,-11.29,2.75,-0.31,0.06,0.95,3
3064,39.097,7,-0.9940000000000001,-0.04,-0.1,-0.03,18.3,10.84,4.98,0.05,-0.07,-0.18,0.0,40.89,89.26,-44.1,-0.1,0.11,0.8,3
3065,39.101,4,-0.9309999999999999,0.19,-0.29,-0.1,18.93,35.86,-21.76,0.73,-0.51,-0.13,4.09,67.6,-31.74,-8.7,0.16,-0.0,1.24,3
3066,39.103,3,-0.7390000000000001,0.11,0.21,-0.63,97.22,-9.56,-25.88,-0.09,0.07,0.02,4.09,-23.65,-17.09,34.48,0.08,-0.35,0.94,3
3067,39.181,1,0.18100000000000002,0.68,0.06,-0.71,277.6,79.98,63.69,-0.38,0.1,-0.12,4.09,8.85,-9.61,-15.26,-0.84,0.1,0.46,3
3068,39.183,6,0.956,-0.28,0.1,0.03,13.66,12.03,-32.23,0.25,-0.64,-0.49,4.09,18.46,-66.53,-39.22,0.14,0.24,0.81,3
3069,39.187,2,0.98,0.1,-0.04,-0.16,354.79,-2.91,12.62,-0.07,-0.23,-0.1,4.09,-34.48,0.0,35.1,-0.18,0.37,0.89,3
3070,39.188,0,0.204,0.69,0.13,-0.68,305.47,84.0,83.99,0.11,0.22,0.14,4.09,1.53,-6.1,-37.69,-1.08,0.25,0.04,3
3071,39.193000000000005,5,-0.888,0.01,-0.15,-0.44,67.22,15.98,6.29,-0.04,0.02,0.0,4.09,-6.41,-25.33,-3.2,-0.28,0.05,0.96,3
3072,39.195,7,-0.986,-0.07,-0.15,-0.01,16.53,17.29,8.13,0.27,0.18,-0.38,0.0,21.97,12.97,6.71,0.06,-0.08,0.75,3
3073,39.199,4,-0.951,0.17,-0.25,-0.03,12.46,29.73,-21.27,0.47,-0.74,-0.13,4.09,16.63,-38.91,1.68,-0.27,0.4,1.15,3
3074,39.201,3,-0.723,0.12,0.23,-0.64,99.57,-9.99,-28.64,0.12,-0.04,-0.04,4.09,-32.5,-22.28,13.89,0.22,-0.55,0.85,3
3075,39.278,2,0.981,0.1,-0.06,-0.16,355.26,-4.82,11.92,-0.27,-0.33,0.74,4.09,20.9,2.29,-11.29,-0.24,0.62,1.73,3
3076,39.28,6,0.9640000000000001,-0.26,0.03,0.04,17.55,4.43,-30.24,0.53,-0.47,-0.22,4.09,15.11,-55.54,9.46,0.51,-0.03,0.92,3
3077,39.284,1,0.163,0.67,0.07,-0.72,264.49,81.19,51.58,-0.31,0.02,-0.19,4.09,9.16,-13.58,-34.64,-0.77,0.01,0.36,3
3078,39.286,0,0.187,0.68,0.15,-0.69,283.98,86.84,62.36,-0.25,0.04,-0.12,4.09,-2.9,-16.02,-21.36,-0.87,0.03,0.27,3
3079,39.289,5,-0.895,0.0,-0.12,-0.43,66.04,12.46,5.56,0.0,-0.03,0.0,4.09,-5.19,-36.77,-3.81,-0.19,0.11,0.98,3
3080,39.291,7,-0.9890000000000001,-0.07,-0.13,-0.02,17.97,14.37,9.04,0.5,0.07,0.34,0.0,-6.87,-106.2,14.19,0.06,0.11,1.7,3
3081,39.296,4,-0.955,0.16,-0.24,-0.04,13.67,28.44,-19.55,-0.12,0.26,-0.01,4.09,-16.33,-39.22,0.92,-0.65,-0.51,0.64,3
3082,39.297,3,-0.708,0.14,0.26,-0.64,101.7,-11.44,-32.8,0.17,0.06,-0.01,4.09,-50.96,-32.04,32.2,0.09,-0.66,0.76,3
3083,39.395,2,0.976,0.13,-0.06,-0.16,354.5,-4.19,15.78,0.1,0.13,-0.24,4.09,31.89,-3.81,-2.9,0.18,0.15,0.75,3
3084,39.397,6,0.965,-0.25,-0.01,0.08,23.41,0.9,-28.89,0.05,-0.77,-0.02,4.09,10.38,-27.92,27.77,0.15,0.19,1.24,3
3085,39.4,1,0.141,0.65,0.08,-0.74,238.29,81.71,26.05,-0.51,0.0,-0.02,4.09,5.19,-9.77,-21.06,-0.93,-0.09,0.62,3
3086,39.402,0,0.177,0.67,0.15,-0.7,255.4,86.85,34.73,-0.02,-0.24,0.18,4.09,3.51,-6.26,-5.49,-1.22,-0.19,-0.05,3
3087,39.406,5,-0.9,-0.0,-0.09,-0.43,65.17,9.03,4.38,-0.02,-0.02,0.08,4.09,-28.84,-49.29,-10.07,-0.15,0.11,1.04,3
3088,39.408,7,-0.993,-0.08,-0.09,-0.02,17.05,9.56,9.83,-0.21,-0.08,-0.13,0.0,-0.61,-43.79,28.84,-0.32,0.23,0.81,3
3089,39.413000000000004,4,-0.961,0.16,-0.22,-0.06,16.52,25.74,-18.57,-0.0,-0.15,0.08,4.09,9.92,-14.04,-16.63,-0.46,-0.09,0.87,3
3090,39.415,3,-0.696,0.18,0.31,-0.62,102.05,-12.04,-40.73,0.4,-0.07,0.32,4.09,-92.16,4.43,17.55,0.36,-1.12,0.71,3
3091,39.493,1,0.135,0.68,0.07,-0.72,259.87,83.88,49.05,-0.65,-0.56,-0.08,4.09,9.77,81.18,50.05,-0.9,-0.47,0.42,3
3092,39.495,6,0.965,-0.25,-0.01,0.08,23.82,1.13,-28.7,0.08,-0.9,-0.25,4.09,12.05,45.62,-15.11,0.23,0.37,1.06,3
3093,39.499,2,0.968,0.16,-0.08,-0.18,352.21,-5.52,19.36,-0.04,-0.09,0.01,4.09,49.29,-5.19,-35.25,0.07,0.46,0.9,3
3094,39.501,0,0.162,0.68,0.15,-0.7,235.28,87.31,16.11,-0.01,-0.0,0.07,4.09,14.8,-0.92,-13.43,-1.03,-0.06,0.09,3
3095,39.504,5,-0.9079999999999999,-0.01,-0.04,-0.42,63.53,3.91,2.82,-0.07,0.27,0.39,4.09,24.11,-47.61,-7.48,-0.4,0.05,1.4,3
3096,39.506,7,-0.9940000000000001,-0.09,-0.05,-0.04,19.5,5.35,10.4,-0.01,-0.04,-0.04,0.0,4.73,-39.98,21.21,-0.09,0.21,0.93,3
3097,39.51,4,-0.9640000000000001,0.17,-0.2,-0.05,16.24,23.7,-19.04,-0.03,0.04,0.01,4.09,-6.71,-15.56,-6.1,-0.46,-0.42,0.81,3
3098,39.512,3,-0.65,0.23,0.35,-0.64,107.13,-9.49,-48.33,-0.25,0.07,-0.26,4.09,-0.76,-9.0,77.21,0.05,-0.33,0.7,3
3099,39.584,1,0.14,0.71,0.06,-0.69,307.27,83.42,96.78,-0.29,-0.07,0.08,4.09,-6.71,-2.44,-9.92,-1.06,-0.03,0.32,3
3100,39.586,6,0.9670000000000001,-0.24,0.03,0.06,20.23,5.1,-27.97,0.11,-0.6,-0.34,4.09,17.4,66.38,-8.85,0.14,0.18,0.88,3
3101,39.59,2,0.955,0.18,-0.09,-0.21,347.8,-5.05,23.08,-0.31,0.27,0.14,4.09,-1.22,-32.81,-7.63,-0.08,0.16,1.19,3
3102,39.591,0,0.146,0.68,0.14,-0.71,209.16,87.5,-8.55,0.01,0.08,-0.04,4.09,17.85,-3.97,-19.99,-0.95,0.06,0.07,3
3103,39.596,5,-0.8759999999999999,-0.03,-0.08,-0.47,71.3,5.95,7.37,-0.67,0.86,-0.19,4.09,28.99,128.63,111.85,-1.18,0.22,0.53,3
3104,39.598,7,-0.993,-0.09,-0.02,-0.07,22.29,1.43,10.75,-0.08,-0.03,0.02,0.0,-0.92,-33.87,34.18,-0.13,0.25,1.01,3
3105,39.602,4,-0.971,0.15,-0.18,-0.05,16.71,21.28,-17.25,-0.05,-0.12,0.0,4.09,14.8,-34.64,4.12,-0.4,-0.18,0.91,3
3106,39.604,3,-0.657,0.23,0.3,-0.66,106.04,-5.32,-43.53,-0.31,0.16,-0.27,4.09,100.4,78.28,-54.17,-0.06,-0.31,0.76,3
3107,39.686,1,0.13699999999999998,0.71,0.08,-0.69,312.2,84.66,100.83,-0.2,-0.16,-0.13,4.09,-13.43,-2.59,-13.58,-0.89,-0.18,0.14,3
3108,39.688,6,0.965,-0.24,0.08,0.06,18.03,10.42,-27.94,0.4,-0.72,-0.01,4.09,0.76,81.18,23.8,0.25,0.1,1.16,3
3109,39.692,2,0.951,0.19,-0.11,-0.22,346.65,-7.32,24.11,-0.13,-0.02,-0.07,4.09,19.53,-18.46,-15.41,0.0,0.37,0.92,3
3110,39.695,0,0.122,0.68,0.15,-0.71,167.97,86.26,-48.25,-0.12,0.01,-0.03,4.09,8.7,5.19,-29.75,-0.95,-0.08,0.15,3
3111,39.699,5,-0.846,-0.0,-0.18,-0.5,77.14,17.88,11.37,-0.54,0.45,-0.43,4.09,43.95,125.43,-14.65,-0.65,0.46,0.3,3
3112,39.701,7,-0.992,-0.1,0.01,-0.08,23.56,-1.55,10.94,-0.04,0.05,-0.03,0.0,3.36,-29.14,13.43,-0.04,0.09,0.98,3
3113,39.705,4,-0.976,0.14,-0.16,-0.06,18.27,18.92,-15.79,-0.06,0.01,-0.01,4.09,9.31,-27.31,12.36,-0.37,-0.23,0.89,3
3114,39.707,3,-0.74,0.2,0.19,-0.62,94.19,-1.91,-31.27,0.15,-0.16,0.24,4.09,131.84,105.44,-76.45,0.24,-0.78,0.96,3
3115,39.801,1,0.145,0.7,0.09,-0.69,306.41,85.44,93.26,-0.26,0.01,-0.03,4.09,-19.38,-7.17,-1.98,-0.98,0.01,0.24,3
3116,39.803000000000004,0,0.099,0.68,0.16,-0.71,144.45,84.39,-70.69,-0.13,0.03,-0.03,4.09,15.41,9.77,-18.77,-0.96,-0.11,0.17,3
3117,39.808,2,0.946,0.19,-0.13,-0.23,344.72,-9.51,24.94,-0.24,0.11,-0.03,4.09,4.43,-15.72,0.76,0.03,0.29,0.95,3
3118,39.81,6,0.956,-0.24,0.16,0.07,17.35,19.34,-27.71,0.37,-0.52,-0.24,4.09,10.53,74.77,28.23,0.15,-0.0,0.94,3
3119,39.815,5,-0.843,0.03,-0.29,-0.46,74.73,30.54,14.29,-0.09,-0.13,-0.03,4.09,22.89,84.99,-32.04,-0.33,0.39,0.92,3
3120,39.817,7,-0.99,-0.1,0.03,-0.1,24.69,-4.01,11.62,-0.08,0.14,-0.09,0.0,10.07,-21.67,21.97,-0.05,0.07,0.93,3
3121,39.821999999999996,4,-0.9790000000000001,0.13,-0.13,-0.09,22.05,16.22,-13.64,-0.06,0.03,0.01,4.09,9.0,-40.74,39.83,-0.32,-0.21,0.93,3
3122,39.824,3,-0.789,0.16,0.09,-0.59,86.91,2.26,-20.89,0.34,0.04,-0.06,4.09,76.29,11.44,-19.23,0.04,-0.58,0.81,3
3123,39.894,1,0.155,0.69,0.11,-0.7,284.46,85.95,69.15,-0.29,0.06,-0.06,4.09,-23.04,-8.85,-9.16,-0.93,0.01,0.32,3
3124,39.895,0,0.08,0.68,0.16,-0.71,136.83,83.31,-76.45,-0.14,0.08,-0.03,4.09,14.8,5.8,-9.0,-0.94,-0.07,0.19,3
3125,39.900999999999996,2,0.9420000000000001,0.19,-0.14,-0.23,344.1,-10.37,26.14,-0.04,-0.09,-0.06,4.09,25.94,-6.1,3.2,0.09,0.47,0.81,3
3126,39.903,6,0.9420000000000001,-0.24,0.21,0.09,18.81,26.6,-27.67,0.31,-0.45,-0.32,4.09,-24.87,50.2,35.71,0.01,0.02,0.87,3
3127,39.907,5,-0.843,0.06,-0.33,-0.42,71.36,37.16,12.48,0.84,-0.66,-0.0,4.09,-10.07,30.06,-16.02,0.22,-0.07,1.44,3
3128,39.91,7,-0.9840000000000001,-0.11,0.05,-0.13,27.81,-7.8,12.33,-0.11,-0.05,-0.01,0.0,12.21,-39.22,20.75,0.04,0.28,0.96,3
3129,39.915,4,-0.983,0.12,-0.11,-0.1,23.71,13.65,-12.34,-0.02,-0.04,0.0,4.09,2.14,-5.95,-21.36,-0.27,-0.22,0.94,3
3130,39.918,3,-0.818,0.12,0.07,-0.56,82.36,1.59,-15.97,0.21,-0.08,-0.34,4.09,20.14,-13.28,-71.56,0.16,-0.43,0.52,3
3131,39.988,1,0.16699999999999998,0.68,0.12,-0.71,259.01,85.53,41.32,-0.36,-0.01,-0.09,4.09,-25.18,-11.6,-0.46,-0.89,-0.1,0.38,3
3132,39.99,0,0.067,0.68,0.15,-0.71,133.22,82.7,-78.66,-0.14,-0.17,-0.01,4.09,-0.92,-0.61,12.05,-0.93,-0.09,0.1,3
3133,39.996,2,0.932,0.22,-0.16,-0.24,341.99,-10.67,29.73,-0.25,0.15,0.03,4.09,25.94,-14.8,-29.14,0.07,0.28,1.04,3
3134,39.998000000000005,6,0.92,-0.27,0.25,0.12,20.25,32.25,-31.07,0.28,-0.7,-0.33,4.09,-38.15,44.71,43.95,-0.05,0.2,0.99,3
3135,40.003,5,-0.847,0.06,-0.3,-0.44,71.86,33.8,11.16,1.49,-0.64,-0.47,4.09,-57.68,-118.87,-109.25,0.56,-0.9,1.39,3
3136,40.005,7,-0.977,-0.13,0.09,-0.15,29.57,-12.31,13.29,-0.2,-0.12,0.04,0.0,9.46,-44.71,27.77,0.06,0.42,0.99,3
3137,40.010999999999996,4,-0.986,0.11,-0.1,-0.08,22.59,12.3,-11.7,-0.03,0.01,0.01,4.09,12.82,-15.41,-2.29,-0.23,-0.2,0.96,3
3138,40.013000000000005,3,-0.81,0.12,0.08,-0.57,83.94,0.21,-17.34,-0.19,-0.54,-0.09,4.09,-27.47,23.04,-10.22,0.47,0.09,0.94,3
3139,40.089,1,0.183,0.66,0.14,-0.72,245.35,84.03,25.13,-0.31,-0.06,-0.12,4.09,-23.65,-7.32,7.48,-0.86,-0.15,0.32,3
3140,40.091,6,0.902,-0.28,0.28,0.17,24.64,37.15,-30.78,0.26,-0.69,-0.62,4.09,-22.58,38.6,34.33,0.07,0.31,0.77,3
3141,40.097,2,0.9159999999999999,0.24,-0.17,-0.27,338.13,-10.92,33.13,-0.18,0.12,-0.16,4.09,30.98,-38.3,-53.86,0.07,0.27,0.8,3
3142,40.099000000000004,0,0.077,0.68,0.14,-0.71,136.26,84.28,-75.65,-0.13,-0.15,-0.03,4.09,-4.58,-3.66,14.95,-0.91,-0.21,0.13,3
3143,40.104,5,-0.847,0.06,-0.26,-0.46,73.45,29.66,8.64,-0.32,0.05,-0.07,4.09,27.31,-32.81,-15.11,-0.59,0.27,0.73,3
3144,40.106,7,-0.97,-0.14,0.13,-0.15,29.98,-16.69,14.23,-0.09,0.11,-0.11,0.0,7.78,-47.15,43.49,0.14,0.17,0.87,3
3145,40.111999999999995,4,-0.9890000000000001,0.09,-0.09,-0.08,22.15,10.95,-9.71,-0.05,-0.09,-0.04,4.09,16.02,-16.17,1.07,-0.37,-0.15,0.92,3
3146,40.114000000000004,3,-0.8059999999999999,0.13,0.11,-0.57,84.61,-1.59,-19.42,-0.04,0.1,-0.03,4.09,-14.5,-41.2,36.16,-0.1,-0.33,0.95,3
3147,40.2,1,0.195,0.65,0.14,-0.72,244.63,82.57,23.04,-0.24,-0.01,-0.09,4.09,-14.95,-19.99,16.02,-0.88,-0.09,0.34,3
3148,40.202,0,0.096,0.68,0.13,-0.71,154.42,85.95,-58.35,-0.24,-0.03,-0.11,4.09,-19.38,-18.01,58.14,-0.9,-0.16,0.26,3
3149,40.205999999999996,2,0.904,0.25,-0.19,-0.28,335.27,-11.96,35.37,-0.26,-0.05,-0.15,4.09,18.46,0.15,25.48,0.03,0.52,0.7,3
3150,40.207,6,0.892,-0.3,0.28,0.19,26.13,38.06,-32.67,0.31,-0.81,-1.04,4.09,-10.38,-77.82,-2.44,0.4,0.75,1.62,3
3151,40.211999999999996,5,-0.858,0.05,-0.24,-0.45,71.85,26.68,8.9,0.06,-0.0,0.02,4.09,-14.5,-15.72,19.07,-0.43,0.11,0.91,3
3152,40.214,7,-0.961,-0.16,0.17,-0.15,29.02,-22.28,15.49,-0.11,0.0,0.05,0.0,-6.71,-55.69,-10.07,0.16,0.32,1.01,3
3153,40.217,4,-0.992,0.08,-0.06,-0.08,23.07,7.66,-8.12,-0.07,0.02,0.01,4.09,14.19,-25.02,-5.19,-0.18,-0.14,0.99,3
3154,40.219,3,-0.795,0.13,0.13,-0.58,86.62,-2.79,-21.3,0.17,-0.02,-0.07,4.09,-12.05,-13.58,17.85,0.15,-0.48,0.74,3
3155,40.302,1,0.213,0.64,0.14,-0.73,246.32,80.46,23.15,-0.45,-0.04,-0.03,4.09,-19.38,1.83,13.89,-0.93,-0.22,0.53,3
3156,40.304,0,0.142,0.67,0.13,-0.71,218.2,86.85,1.68,0.1,0.02,0.2,4.09,-38.76,-4.58,25.33,-1.21,0.02,0.0,3
3157,40.308,2,0.895,0.27,-0.21,-0.29,334.27,-12.45,38.54,-0.33,0.12,0.06,4.09,30.82,-2.75,-45.01,0.05,0.36,1.1,3
3158,40.31,6,0.9109999999999999,-0.3,0.23,0.16,24.93,31.18,-33.26,0.22,-0.41,-0.35,4.09,14.34,-57.98,-21.67,-0.21,-0.35,0.99,3
3159,40.314,5,-0.856,0.04,-0.22,-0.46,72.83,24.97,8.7,0.01,0.02,0.0,4.09,-0.31,-26.86,3.66,-0.42,0.11,0.9,3
3160,40.316,7,-0.956,-0.15,0.2,-0.15,27.99,-25.74,14.54,-0.21,0.2,-0.31,0.0,-32.2,-12.66,1.68,0.24,-0.23,1.37,3
3161,40.32,4,-0.995,0.05,-0.04,-0.08,22.74,4.57,-5.79,-0.07,0.04,0.11,4.09,37.38,-36.01,-17.24,-0.2,-0.16,1.1,3
3162,40.321999999999996,3,-0.769,0.13,0.15,-0.61,91.44,-3.57,-22.62,-0.01,-0.09,-0.01,4.09,3.36,-30.98,47.15,0.12,-0.39,0.96,3
3163,40.404,1,0.213,0.65,0.16,-0.71,249.74,83.76,24.87,-0.23,-0.09,-0.01,4.09,-1.22,41.2,-23.19,-0.98,-0.21,0.22,3
3164,40.406,0,0.185,0.67,0.15,-0.7,256.01,86.11,34.62,0.11,0.06,0.01,4.09,-51.27,-1.83,29.6,-0.98,0.14,0.0,3
3165,40.41,2,0.873,0.31,-0.23,-0.29,331.66,-12.99,44.37,-0.2,-0.2,0.32,4.09,69.12,-29.6,-7.32,0.1,1.04,0.93,3
3166,40.412,6,0.9159999999999999,-0.3,0.2,0.18,27.3,27.9,-33.32,0.2,-1.01,-0.64,4.09,-3.97,-36.16,14.65,0.21,0.49,0.95,3
3167,40.416,5,-0.856,0.03,-0.21,-0.47,73.42,23.08,8.68,0.02,-0.01,0.01,4.09,1.53,-1.37,17.7,-0.4,0.12,0.92,3
3168,40.418,7,-0.966,-0.08,0.18,-0.17,33.33,-21.45,5.37,-0.35,0.25,0.05,0.0,-70.34,107.73,73.85,0.0,0.0,1.13,3
3169,40.421,4,-0.997,0.07,-0.03,0.02,11.85,3.53,-8.45,-0.74,0.15,0.18,4.09,-80.41,97.96,-149.08,-0.89,-0.18,0.98,3
3170,40.423,3,-0.748,0.11,0.15,-0.64,95.77,-5.33,-21.22,0.15,0.11,-0.01,4.09,20.45,-39.83,33.42,0.04,-0.45,0.87,3
3171,40.506,1,0.22,0.66,0.16,-0.7,270.92,84.52,45.65,-0.27,-0.11,0.06,4.09,-15.41,-3.2,43.64,-1.05,-0.14,0.23,3
3172,40.508,0,0.22899999999999998,0.67,0.16,-0.69,281.2,84.07,55.15,-0.14,0.04,-0.06,4.09,-43.79,0.46,26.25,-0.96,0.06,0.21,3
3173,40.513000000000005,2,0.851,0.34,-0.27,-0.29,329.5,-15.52,50.42,-0.45,0.14,-0.2,4.09,-4.58,-24.57,15.26,-0.03,0.36,0.88,3
3174,40.515,6,0.919,-0.3,0.17,0.19,29.57,24.99,-33.18,0.17,-0.56,-0.17,4.09,4.73,-24.87,4.88,-0.07,-0.06,1.0,3
3175,40.519,5,-0.855,0.03,-0.2,-0.48,74.11,22.05,8.41,0.01,0.02,0.01,4.09,-12.82,-18.46,5.34,-0.39,0.11,0.92,3
3176,40.521,7,-0.976,-0.02,0.09,-0.2,36.81,-10.55,-0.22,-0.33,-0.25,0.03,0.0,-17.55,112.92,-22.28,-0.02,0.34,1.06,3
3177,40.524,4,-0.983,0.13,-0.12,0.04,7.76,13.03,-16.32,-0.56,0.88,-0.46,4.09,-127.72,39.67,163.73,-0.59,-0.98,0.24,3
3178,40.525999999999996,3,-0.727,0.08,0.16,-0.66,99.97,-7.53,-19.81,-0.18,-0.05,0.07,4.09,19.53,-32.35,32.04,0.18,-0.18,1.07,3
3179,40.605,1,0.256,0.67,0.14,-0.69,290.17,80.36,63.49,-0.19,0.23,-0.14,4.09,-4.43,-11.9,28.69,-0.81,0.22,0.36,3
3180,40.607,6,0.922,-0.29,0.15,0.2,32.48,23.14,-31.52,0.22,-0.75,-0.35,4.09,14.04,-19.07,-8.85,0.15,0.13,0.98,3
3181,40.613,2,0.893,0.3,-0.22,-0.26,336.76,-14.09,41.74,-0.37,0.42,-0.3,4.09,-100.1,125.58,149.23,0.15,0.08,0.89,3
3182,40.614000000000004,0,0.261,0.66,0.17,-0.68,292.14,82.28,62.68,-0.22,0.07,-0.06,4.09,-28.38,2.9,19.68,-0.9,0.06,0.27,3
3183,40.618,5,-0.856,0.03,-0.19,-0.48,74.17,20.43,8.2,-0.02,-0.01,0.0,4.09,3.66,-8.7,1.83,-0.37,0.18,0.92,3
3184,40.62,7,-0.986,-0.0,-0.01,-0.17,33.35,1.63,0.4,-0.16,-0.07,-0.04,0.0,34.48,117.34,-37.69,-0.14,0.15,0.96,3
3185,40.624,4,-0.9520000000000001,0.22,-0.18,-0.11,21.91,23.38,-24.23,0.1,0.1,0.01,4.09,-91.55,60.73,137.63,-0.3,-0.46,0.88,3
3186,40.625,3,-0.708,0.06,0.17,-0.68,103.53,-9.65,-18.54,0.07,0.08,-0.09,4.09,-9.61,-29.6,22.74,0.09,-0.37,0.84,3
3187,40.705999999999996,2,0.9590000000000001,0.22,-0.14,-0.12,356.46,-12.12,27.23,-0.07,-0.04,0.19,4.09,-113.22,113.22,96.59,0.17,0.54,1.03,3
3188,40.72,6,0.9309999999999999,-0.27,0.12,0.21,34.08,19.67,-29.4,0.09,-0.7,-0.4,4.09,18.92,-25.48,-11.6,0.09,0.27,0.89,3
3189,40.724000000000004,1,0.267,0.66,0.13,-0.69,289.8,78.88,62.7,-0.24,0.19,-0.06,4.09,-3.66,-22.43,-2.29,-0.89,0.18,0.42,3
3190,40.726,0,0.281,0.66,0.18,-0.68,293.77,81.58,61.67,-0.17,0.01,-0.04,4.09,-21.82,-4.43,-3.81,-0.96,0.03,0.22,3
3191,40.731,5,-0.858,0.02,-0.17,-0.48,74.02,18.75,7.79,0.04,0.0,0.01,4.09,-2.14,-21.06,1.53,-0.28,0.06,0.97,3
3192,40.732,7,-0.9840000000000001,-0.02,-0.11,-0.14,30.23,12.22,4.24,0.23,0.02,-0.27,0.0,35.4,79.65,-36.47,0.03,-0.06,0.75,3
3193,40.736,4,-0.917,0.24,-0.23,-0.22,33.87,32.17,-23.64,0.47,-0.26,0.13,4.09,7.63,-7.48,104.52,-0.12,-0.38,1.22,3
3194,40.739000000000004,3,-0.69,0.05,0.19,-0.7,106.48,-11.1,-20.28,-0.05,-0.03,-0.09,4.09,-14.5,-34.64,29.91,0.19,-0.29,0.85,3
3195,40.808,2,0.986,0.13,-0.08,-0.07,4.8,-7.95,15.63,-0.12,-0.09,-0.12,4.09,-84.99,35.4,37.38,0.0,0.25,0.84,3
3196,40.81,6,0.945,-0.24,0.07,0.2,35.25,13.73,-26.29,0.09,-0.6,-0.3,4.09,27.47,-58.29,-31.28,0.14,0.05,0.9,3
3197,40.815,1,0.257,0.65,0.12,-0.71,276.4,78.15,50.93,-0.32,0.07,-0.12,4.09,19.23,-16.48,-27.31,-0.79,0.01,0.41,3
3198,40.816,0,0.282,0.65,0.19,-0.68,282.85,82.16,49.53,-0.21,0.19,-0.12,4.09,-6.41,-6.87,-12.36,-0.84,0.1,0.36,3
3199,40.821,5,-0.861,0.01,-0.17,-0.48,73.7,17.34,8.63,0.0,0.02,0.01,4.09,10.07,-17.55,-3.36,-0.32,0.13,0.95,3
3200,40.823,7,-0.98,-0.03,-0.15,-0.12,28.84,16.99,6.04,0.38,-0.04,-0.26,0.0,9.61,-4.12,16.48,0.18,0.04,0.8,3
3201,40.826,4,-0.917,0.21,-0.23,-0.24,38.42,32.21,-18.54,0.46,-0.58,-0.38,4.09,15.56,-13.28,-65.31,0.25,0.07,0.91,3
3202,40.829,3,-0.6679999999999999,0.06,0.22,-0.71,109.91,-12.4,-23.49,-0.05,0.03,-0.1,4.09,-45.01,-31.43,45.78,0.17,-0.31,0.85,3
3203,40.91,2,0.993,0.08,-0.06,-0.05,7.89,-6.25,10.09,-0.2,-0.15,-0.1,4.09,-22.43,-12.97,16.33,-0.09,0.27,0.91,3
3204,40.914,6,0.9490000000000001,-0.21,0.02,0.23,39.89,8.36,-23.15,0.15,-0.76,-0.13,4.09,38.76,-49.74,26.09,0.33,0.2,1.11,3
3205,40.919000000000004,1,0.22699999999999998,0.64,0.13,-0.73,255.55,79.34,32.05,-0.48,-0.0,-0.09,4.09,7.63,-16.33,-36.62,-0.86,-0.2,0.59,3
3206,40.922,0,0.27699999999999997,0.64,0.19,-0.69,272.93,82.03,39.97,0.12,0.23,0.03,4.09,0.0,-8.7,-26.7,-1.03,0.33,0.15,3
3207,40.926,5,-0.8640000000000001,-0.0,-0.16,-0.48,73.29,15.49,8.99,-0.01,0.02,0.01,4.09,9.77,-25.02,-3.66,-0.25,0.15,0.97,3
3208,40.927,7,-0.981,-0.04,-0.13,-0.14,31.36,13.77,6.65,-0.33,0.02,0.68,0.0,32.65,-43.64,-5.8,-0.33,0.28,1.0,3
3209,40.931999999999995,4,-0.943,0.21,-0.19,-0.17,29.83,25.95,-21.21,0.24,-0.56,0.3,4.09,37.84,-26.7,-62.26,-0.36,0.04,1.24,3
3210,40.934,3,-0.639,0.07,0.27,-0.72,114.26,-13.6,-29.47,-0.05,-0.05,-0.04,4.09,-63.48,-29.3,8.7,0.27,-0.48,0.8,3
3211,41.012,2,0.991,0.1,-0.06,-0.06,6.63,-6.63,11.94,-0.45,-0.12,0.23,4.09,31.43,-9.16,-51.73,-0.34,0.36,1.56,3
3212,41.013999999999996,0,0.264,0.64,0.2,-0.69,261.21,83.22,28.68,0.1,-0.14,0.11,4.09,0.46,6.1,-21.82,-1.13,0.03,-0.05,3
3213,41.018,1,0.215,0.64,0.14,-0.73,248.24,80.39,25.01,-0.41,0.16,0.12,4.09,4.88,28.08,4.12,-1.12,0.02,0.6,3
3214,41.02,6,0.9420000000000001,-0.19,-0.01,0.28,45.72,5.46,-21.55,-0.24,-0.8,-0.07,4.09,-5.34,-16.17,17.09,0.11,0.38,1.12,3
3215,41.023999999999994,5,-0.867,-0.02,-0.14,-0.48,72.87,12.65,9.4,-0.04,0.02,0.04,4.09,1.83,-22.58,8.24,-0.27,0.19,0.99,3
3216,41.025,7,-0.983,-0.06,-0.08,-0.15,32.37,8.13,8.37,-0.14,-0.11,0.13,0.0,0.46,-52.34,43.18,-0.15,0.28,1.15,3
3217,41.03,4,-0.9470000000000001,0.19,-0.18,-0.18,31.41,24.2,-19.44,0.0,0.34,-0.08,4.09,-6.56,-42.57,21.97,-0.47,-0.6,0.63,3
3218,41.032,3,-0.619,0.09,0.33,-0.71,117.12,-16.01,-37.1,0.4,0.08,0.59,4.09,-71.87,-29.75,21.51,0.33,-1.3,1.13,3
3219,41.106,2,0.986,0.14,-0.05,-0.08,4.4,-4.54,16.22,0.18,-0.34,0.01,4.09,32.81,-27.01,-31.28,0.15,0.64,0.86,3
3220,41.108000000000004,6,0.934,-0.21,-0.01,0.29,47.03,5.99,-23.54,-0.26,-0.75,-0.32,4.09,3.05,50.35,9.61,0.1,0.41,0.97,3
3221,41.113,1,0.233,0.68,0.12,-0.69,291.93,80.91,68.67,0.28,-0.01,0.08,4.09,0.76,40.74,22.74,-1.07,0.26,-0.23,3
3222,41.114,0,0.255,0.64,0.2,-0.69,257.86,84.1,25.93,-0.01,-0.16,-0.01,4.09,7.78,-2.75,-2.29,-0.97,-0.03,-0.0,3
3223,41.118,5,-0.855,-0.04,-0.12,-0.5,76.01,9.74,10.71,-0.21,0.62,0.7,4.09,36.16,17.09,117.95,-0.98,0.23,1.58,3
3224,41.12,7,-0.9790000000000001,-0.07,-0.05,-0.19,35.85,3.86,8.79,-0.17,-0.04,-0.05,0.0,0.46,-35.25,38.6,-0.2,0.25,0.91,3
3225,41.123999999999995,4,-0.951,0.18,-0.16,-0.19,33.28,22.25,-17.83,-0.17,-0.07,0.01,4.09,8.85,-18.31,-10.68,-0.5,-0.22,0.88,3
3226,41.126000000000005,3,-0.588,0.13,0.33,-0.73,120.21,-10.91,-40.01,-0.46,0.4,-0.33,4.09,53.56,66.53,35.25,-0.12,-0.04,0.87,3
3227,41.198,2,0.98,0.16,-0.06,-0.1,2.08,-4.69,19.27,-0.04,-0.22,0.0,4.09,30.36,-4.27,12.21,0.01,0.55,0.88,3
3228,41.2,6,0.9309999999999999,-0.24,0.04,0.28,44.47,11.64,-25.17,0.0,-0.63,-0.21,4.09,-14.04,76.9,-6.1,0.19,0.1,0.98,3
3229,41.20399999999999,1,0.239,0.69,0.13,-0.68,303.88,80.77,79.9,-0.25,-0.02,-0.03,4.09,-17.7,0.92,0.92,-0.96,0.02,0.23,3
3230,41.206,0,0.242,0.64,0.2,-0.7,247.2,84.51,16.49,-0.02,0.01,-0.02,4.09,10.53,2.44,-24.57,-0.97,0.02,0.14,3
3231,41.21,5,-0.797,-0.05,-0.2,-0.57,87.5,15.73,18.3,-0.48,0.56,-0.6,4.09,34.33,127.26,0.76,-0.77,0.39,0.08,3
3232,41.211999999999996,7,-0.976,-0.07,-0.02,-0.2,37.59,1.01,8.88,0.0,0.03,0.01,0.0,-1.22,-24.72,12.97,-0.03,0.11,1.01,3
3233,41.216,4,-0.955,0.17,-0.14,-0.19,34.02,20.05,-16.94,-0.07,0.07,0.0,4.09,16.33,-20.45,-4.73,-0.43,-0.25,0.88,3
3234,41.218,3,-0.636,0.14,0.23,-0.72,112.76,-4.81,-30.78,-0.07,-0.11,-0.12,4.09,125.12,107.42,-88.04,0.24,-0.45,0.78,3
3235,41.298,2,0.977,0.17,-0.06,-0.1,1.12,-5.16,20.78,-0.09,-0.04,-0.0,4.09,14.8,-13.58,-3.05,-0.02,0.35,0.91,3
3236,41.3,6,0.9179999999999999,-0.27,0.1,0.27,42.21,19.32,-28.02,0.19,-0.59,-0.23,4.09,-17.24,105.13,47.91,0.14,0.02,0.95,3
3237,41.303999999999995,1,0.247,0.68,0.13,-0.67,305.41,80.76,80.01,-0.22,-0.06,-0.04,4.09,-15.11,-14.04,-6.56,-0.97,-0.04,0.23,3
3238,41.306000000000004,0,0.217,0.64,0.22,-0.7,212.98,85.3,-16.71,-0.12,0.03,-0.08,4.09,6.26,10.99,-28.08,-0.91,-0.07,0.19,3
3239,41.31,5,-0.8009999999999999,0.03,-0.29,-0.52,84.89,29.47,17.59,0.15,0.08,-0.53,4.09,-32.35,109.1,-22.13,-0.2,0.01,0.46,3
3240,41.312,7,-0.971,-0.08,-0.01,-0.22,39.96,-1.32,8.98,-0.13,0.04,-0.03,0.0,5.19,-24.41,27.62,-0.11,0.17,0.97,3
3241,41.317,4,-0.9590000000000001,0.16,-0.13,-0.2,35.05,17.81,-15.63,-0.06,-0.01,0.0,4.09,0.76,-21.51,9.16,-0.36,-0.22,0.92,3
3242,41.318000000000005,3,-0.69,0.12,0.11,-0.7,105.08,0.97,-19.1,0.18,-0.01,-0.07,4.09,111.54,20.29,12.51,-0.0,-0.4,0.83,3
3243,41.4,2,0.975,0.18,-0.07,-0.1,0.79,-5.41,21.83,-0.07,0.11,0.01,4.09,18.62,-17.4,-3.97,0.06,0.29,0.96,3
3244,41.402,6,0.888,-0.31,0.18,0.29,42.1,29.91,-30.5,0.25,-0.58,-0.42,4.09,-24.41,69.43,47.91,0.16,-0.05,0.83,3
3245,41.406000000000006,1,0.257,0.67,0.15,-0.68,291.97,81.12,64.4,-0.25,0.09,-0.05,4.09,-33.57,-21.82,-2.29,-0.91,0.09,0.35,3
3246,41.408,0,0.20199999999999999,0.65,0.22,-0.7,190.84,85.09,-38.18,-0.13,0.07,-0.04,4.09,1.68,10.38,-12.82,-0.94,-0.05,0.19,3
3247,41.412,5,-0.797,0.11,-0.31,-0.51,82.59,36.59,10.11,0.46,-1.1,-0.19,4.09,-93.23,-22.43,-36.62,0.54,0.17,1.44,3
3248,41.413999999999994,7,-0.966,-0.09,0.01,-0.24,41.97,-3.94,9.41,-0.07,0.05,-0.01,0.0,6.41,-29.91,25.94,-0.02,0.16,1.0,3
3249,41.418,4,-0.961,0.15,-0.11,-0.21,36.17,15.87,-14.36,-0.07,-0.02,-0.0,4.09,10.22,-24.87,9.0,-0.33,-0.18,0.92,3
3250,41.419,3,-0.706,0.09,0.09,-0.7,103.41,-0.07,-14.09,0.12,-0.02,-0.32,4.09,38.15,-30.98,-32.35,0.15,-0.35,0.7,3
3251,41.501999999999995,1,0.28,0.64,0.16,-0.69,278.24,79.66,47.41,-0.44,0.03,-0.12,4.09,-30.36,-22.58,9.61,-0.86,-0.12,0.48,3
3252,41.504,0,0.205,0.65,0.23,-0.7,190.05,85.42,-39.5,-0.11,0.03,0.0,4.09,-18.92,-4.27,18.01,-0.97,-0.0,0.18,3
3253,41.507,2,0.97,0.2,-0.07,-0.12,359.25,-5.56,23.89,0.02,0.01,-0.05,4.09,35.86,-0.15,-13.43,0.16,0.41,0.84,3
3254,41.50899999999999,6,0.855,-0.33,0.22,0.33,46.21,37.04,-30.81,0.07,-0.72,-0.53,4.09,-33.26,39.22,57.53,0.06,0.18,0.84,3
3255,41.513999999999996,5,-0.775,0.12,-0.25,-0.57,88.28,31.52,6.47,0.23,-1.16,-0.36,4.09,-17.55,-66.22,151.06,0.44,0.16,1.06,3
3256,41.516000000000005,7,-0.9590000000000001,-0.1,0.04,-0.26,43.92,-7.36,9.68,-0.13,-0.04,-0.01,0.0,2.14,-38.76,14.04,0.03,0.28,0.97,3
3257,41.52,4,-0.963,0.14,-0.1,-0.21,37.18,14.2,-13.09,-0.06,0.04,0.01,4.09,18.46,-11.6,-3.66,-0.32,-0.23,0.93,3
3258,41.522,3,-0.7020000000000001,0.08,0.09,-0.7,104.07,-0.59,-14.25,0.04,-0.33,-0.27,4.09,-29.75,-4.12,-25.63,0.34,-0.34,0.58,3
3259,41.605,2,0.9640000000000001,0.22,-0.08,-0.13,357.56,-5.25,26.6,-0.16,-0.05,-0.18,4.09,33.72,-5.34,5.19,-0.08,0.39,0.73,3
3260,41.607,6,0.8290000000000001,-0.34,0.24,0.37,49.88,41.04,-31.36,0.04,-0.65,-0.84,4.09,-18.46,-8.09,44.71,0.24,0.24,0.57,3
3261,41.611000000000004,1,0.31,0.62,0.18,-0.7,271.88,77.25,37.28,-0.32,-0.01,-0.09,4.09,-35.1,-10.68,21.67,-0.88,-0.09,0.4,3
3262,41.614,0,0.226,0.64,0.22,-0.7,215.84,85.89,-15.23,-0.16,-0.04,-0.08,4.09,-32.04,-10.07,39.37,-0.9,-0.15,0.18,3
3263,41.618,5,-0.745,0.1,-0.22,-0.62,95.6,27.27,7.91,-0.06,0.19,-0.07,4.09,16.02,-48.98,-10.38,-0.46,0.34,0.87,3
3264,41.62,7,-0.9540000000000001,-0.11,0.08,-0.27,44.3,-12.12,9.93,-0.11,-0.06,-0.02,0.0,-0.61,-49.9,13.43,0.15,0.28,0.94,3
3265,41.623999999999995,4,-0.966,0.12,-0.09,-0.21,37.69,12.49,-11.19,-0.04,0.07,0.02,4.09,16.63,-25.02,5.19,-0.3,-0.17,0.94,3
3266,41.626000000000005,3,-0.6759999999999999,0.07,0.12,-0.72,108.51,-3.3,-15.35,0.01,0.14,0.14,4.09,0.76,-26.86,43.33,-0.07,-0.3,1.1,3
3267,41.702,2,0.9590000000000001,0.24,-0.08,-0.13,357.41,-5.1,28.96,-0.12,0.1,-0.01,4.09,27.16,-4.73,-2.29,0.0,0.36,0.92,3
3268,41.70399999999999,0,0.278,0.64,0.22,-0.68,270.58,83.87,35.63,-0.06,0.13,0.15,4.09,-45.93,3.05,30.82,-1.16,0.15,0.2,3
3269,41.708,1,0.337,0.6,0.18,-0.7,272.67,74.87,35.22,-0.36,0.03,-0.12,4.09,-27.62,-9.61,30.36,-0.83,-0.11,0.49,3
3270,41.708999999999996,6,0.828,-0.34,0.22,0.39,53.34,38.7,-30.66,-0.21,-1.07,-0.26,4.09,-6.1,-46.69,-10.07,0.16,0.3,1.02,3
3271,41.714,5,-0.75,0.09,-0.21,-0.62,94.98,25.47,7.87,0.04,0.06,0.01,4.09,-12.82,-7.32,22.58,-0.48,0.08,0.89,3
3272,41.716,7,-0.9440000000000001,-0.11,0.13,-0.28,46.14,-17.69,8.52,-0.17,-0.04,0.06,0.0,-11.14,-55.85,45.01,0.2,0.22,1.05,3
3273,41.72,4,-0.9690000000000001,0.09,-0.07,-0.22,38.92,9.59,-8.58,-0.05,0.02,0.0,4.09,22.58,-33.87,13.28,-0.2,-0.15,1.0,3
3274,41.722,3,-0.66,0.07,0.13,-0.74,110.92,-4.01,-16.54,0.34,-0.25,-0.08,4.09,-19.99,-17.85,24.72,0.23,-0.63,0.76,3
3275,41.81,1,0.368,0.59,0.18,-0.7,277.02,72.66,36.38,-0.39,-0.14,0.37,4.09,-21.06,13.28,10.99,-1.44,0.18,0.61,3
3276,41.812,0,0.315,0.64,0.22,-0.66,291.88,82.27,53.05,0.02,-0.26,0.06,4.09,-45.17,-1.07,22.89,-1.13,0.04,-0.08,3
3277,41.817,2,0.95,0.27,-0.09,-0.13,357.14,-5.58,32.79,-0.18,0.09,-0.1,4.09,59.2,-25.94,-3.97,-0.09,0.39,0.86,3
3278,41.818999999999996,6,0.847,-0.34,0.17,0.37,51.83,33.0,-31.82,0.63,-0.43,0.19,4.09,-3.2,-39.06,-35.1,-0.07,-0.79,1.23,3
3279,41.823,5,-0.7559999999999999,0.08,-0.19,-0.62,94.25,23.49,7.15,0.04,-0.02,0.02,4.09,2.44,-17.4,-15.11,-0.39,0.03,0.96,3
3280,41.824,7,-0.935,-0.11,0.16,-0.3,47.98,-21.31,7.36,-0.07,0.4,0.21,0.0,-11.9,0.15,6.26,0.14,-0.12,1.22,3
3281,41.83,4,-0.972,0.06,-0.05,-0.22,39.53,6.47,-5.16,-0.2,0.12,0.2,4.09,31.74,-30.67,-24.41,-0.38,-0.13,1.17,3
3282,41.832,3,-0.633,0.07,0.15,-0.76,114.96,-4.94,-18.06,0.11,0.0,0.02,4.09,-1.68,-15.72,36.32,0.07,-0.38,0.9,3
3283,41.903999999999996,2,0.9359999999999999,0.31,-0.12,-0.1,358.57,-9.1,38.36,0.31,-0.3,0.12,4.09,84.23,-26.09,37.54,0.43,0.91,0.6,3
3284,41.906000000000006,0,0.344,0.63,0.24,-0.65,299.43,81.12,56.87,-0.05,-0.14,-0.06,4.09,-29.14,0.76,21.36,-0.96,-0.01,0.01,3
3285,41.91,1,0.358,0.6,0.21,-0.68,281.23,76.64,39.29,-0.14,-0.3,-0.03,4.09,1.53,25.02,-6.26,-1.01,-0.06,0.1,3
3286,41.911,6,0.852,-0.33,0.15,0.38,53.89,29.86,-31.09,-0.09,-0.85,-0.39,4.09,4.27,-31.28,-1.22,0.12,0.15,1.03,3
3287,41.916000000000004,5,-0.758,0.08,-0.19,-0.62,93.94,22.77,7.07,0.01,0.03,0.01,4.09,0.0,-11.14,-3.51,-0.41,0.08,0.92,3
3288,41.918,7,-0.9390000000000001,-0.09,0.14,-0.3,48.48,-18.58,5.52,-0.07,0.35,-0.09,0.0,-33.57,60.12,2.59,0.02,-0.2,0.94,3
3289,41.92100000000001,4,-0.987,0.13,-0.09,-0.04,17.88,10.32,-14.35,-0.62,0.31,-0.08,4.09,-128.63,159.0,-239.41,-0.58,-0.59,0.35,3
3290,41.923,3,-0.616,0.05,0.16,-0.77,117.85,-6.65,-17.67,0.2,-0.05,-0.03,4.09,10.83,-18.92,9.92,0.14,-0.49,0.82,3
3291,42.012,1,0.36200000000000004,0.62,0.21,-0.67,290.47,77.27,48.12,-0.1,-0.1,0.02,4.09,-20.45,-1.37,23.5,-1.01,0.03,0.14,3
3292,42.013999999999996,6,0.856,-0.32,0.13,0.38,54.6,27.54,-30.89,0.04,-0.66,-0.23,4.09,4.88,-16.02,13.58,0.05,-0.05,1.01,3
3293,42.018,2,0.9209999999999999,0.33,-0.16,-0.12,354.29,-12.92,42.05,-0.48,0.39,-0.19,4.09,-69.58,13.28,-56.92,-0.12,0.06,1.09,3
3294,42.02,0,0.37,0.63,0.24,-0.64,306.43,79.59,60.84,-0.11,-0.0,-0.1,4.09,-27.16,4.12,18.77,-0.89,0.06,0.14,3
3295,42.023999999999994,5,-0.7609999999999999,0.08,-0.18,-0.62,93.61,21.48,6.45,-0.0,0.0,0.01,4.09,-5.95,-18.92,-4.73,-0.37,0.07,0.93,3
3296,42.025,7,-0.946,-0.04,0.1,-0.31,49.93,-11.99,0.98,-0.21,0.2,0.11,0.0,-37.99,102.69,25.18,-0.06,-0.02,1.15,3
3297,42.03,4,-0.943,0.28,-0.14,-0.12,23.17,18.85,-31.3,-0.39,0.23,-0.29,4.09,-188.6,19.99,149.84,-0.62,-0.39,0.39,3
3298,42.032,3,-0.6,0.04,0.16,-0.78,120.23,-7.85,-17.52,-0.04,0.09,0.02,4.09,6.41,-21.36,16.17,0.11,-0.28,0.95,3
3299,42.126000000000005,1,0.382,0.62,0.2,-0.66,295.47,75.02,52.1,-0.17,0.09,-0.03,4.09,0.46,-8.85,10.99,-0.93,0.11,0.33,3
3300,42.128,6,0.852,-0.3,0.11,0.41,59.17,26.13,-27.87,-0.08,-0.7,-0.3,4.09,4.58,-15.87,20.14,0.09,0.09,0.98,3
3301,42.133,2,0.963,0.24,-0.11,-0.03,7.33,-11.59,28.96,0.05,0.24,0.02,4.09,-128.33,139.16,202.48,0.36,0.46,0.99,3
3302,42.135,0,0.39299999999999996,0.63,0.25,-0.62,311.88,78.47,63.38,-0.13,0.06,-0.07,4.09,-26.4,3.66,11.29,-0.92,0.09,0.22,3
3303,42.138999999999996,5,-0.7609999999999999,0.07,-0.17,-0.62,93.69,20.45,6.39,0.04,0.01,0.0,4.09,9.0,-1.07,6.56,-0.37,0.08,0.93,3
3304,42.141000000000005,7,-0.9470000000000001,0.02,0.01,-0.32,51.4,-0.08,-2.15,-0.27,-0.14,0.03,0.0,-9.0,118.71,-1.68,-0.13,0.23,1.04,3
3305,42.145,4,-0.888,0.37,-0.15,-0.22,31.56,25.93,-41.63,0.08,-0.46,-0.02,4.09,-60.42,-18.01,137.02,-0.24,-0.35,1.03,3
3306,42.147,3,-0.581,0.02,0.17,-0.8,123.2,-9.54,-17.6,0.04,0.09,0.04,4.09,-2.59,-17.4,20.75,0.11,-0.25,1.02,3
3307,42.224,2,0.987,0.13,-0.04,0.08,22.34,-5.85,14.72,0.16,-0.28,0.05,4.09,-108.64,57.53,65.77,0.29,0.5,0.94,3
3308,42.226000000000006,0,0.408,0.62,0.26,-0.62,314.23,78.25,63.24,-0.14,0.09,0.0,4.09,-22.74,7.93,-13.43,-0.96,0.12,0.24,3
3309,42.23,1,0.389,0.61,0.2,-0.66,295.79,74.04,52.28,-0.22,-0.0,-0.09,4.09,-7.32,-10.99,4.27,-0.89,0.04,0.33,3
3310,42.232,6,0.851,-0.27,0.09,0.44,64.13,22.75,-24.28,-0.14,-0.61,-0.25,4.09,10.83,-30.21,0.15,0.06,0.13,0.95,3
3311,42.236000000000004,5,-0.759,0.06,-0.17,-0.63,94.26,19.67,7.23,0.02,-0.04,0.01,4.09,7.48,-1.98,9.16,-0.33,0.12,0.94,3
3312,42.238,7,-0.9490000000000001,0.04,-0.08,-0.3,49.08,9.96,-2.09,0.05,-0.1,-0.27,0.0,12.36,81.63,-25.02,-0.02,0.02,0.73,3
3313,42.24100000000001,4,-0.857,0.35,-0.18,-0.33,45.78,32.98,-34.81,0.26,-0.86,0.13,4.09,49.13,-16.78,43.49,-0.02,-0.25,1.4,3
3314,42.243,3,-0.561,0.01,0.19,-0.81,126.25,-10.89,-18.63,0.08,0.06,0.01,4.09,-15.41,-16.33,21.82,0.11,-0.36,0.95,3
3315,42.325,2,0.992,0.06,-0.02,0.11,26.23,-3.06,6.83,0.03,-0.17,0.03,4.09,-39.98,26.86,16.78,0.13,0.28,0.97,3
3316,42.327,0,0.409,0.61,0.28,-0.62,310.27,79.82,57.26,-0.15,0.06,-0.05,4.09,-16.78,1.53,-20.6,-0.99,0.11,0.18,3
3317,42.332,1,0.39399999999999996,0.6,0.19,-0.67,289.73,72.81,45.92,-0.3,0.11,-0.07,4.09,0.46,-14.19,-9.0,-0.85,0.04,0.48,3
3318,42.333,6,0.857,-0.23,0.05,0.46,67.02,17.04,-21.55,-0.11,-0.53,-0.24,4.09,14.34,-63.17,-1.22,0.11,0.06,0.93,3
3319,42.336999999999996,5,-0.759,0.05,-0.17,-0.63,94.4,18.77,8.1,0.03,-0.0,0.01,4.09,9.61,-18.16,0.15,-0.31,0.11,0.95,3
3320,42.339,7,-0.948,0.05,-0.12,-0.29,47.75,14.98,-1.8,0.17,-0.26,-0.33,0.0,10.07,3.36,-8.39,0.11,0.09,0.75,3
3321,42.343,4,-0.892,0.31,-0.15,-0.29,41.69,26.99,-32.05,0.72,-0.65,-0.25,4.09,81.63,-94.76,11.75,0.64,-0.74,1.07,3
3322,42.343999999999994,3,-0.535,0.01,0.21,-0.82,129.93,-11.64,-21.42,-0.05,0.03,-0.08,4.09,-34.33,-25.79,42.42,0.19,-0.25,0.85,3
3323,42.425,2,0.9890000000000001,0.05,0.0,0.14,30.32,-0.49,6.07,-0.05,-0.16,-0.26,4.09,32.81,8.09,37.38,-0.06,0.3,0.77,3
3324,42.427,0,0.40299999999999997,0.59,0.3,-0.63,289.87,80.67,36.15,-0.21,0.07,-0.04,4.09,-6.41,-25.63,-27.01,-0.92,-0.04,0.25,3
3325,42.431999999999995,1,0.391,0.58,0.2,-0.69,280.36,72.01,36.62,-0.32,0.1,-0.14,4.09,-5.04,-19.53,-21.06,-0.8,-0.03,0.52,3
3326,42.434,6,0.852,-0.18,-0.01,0.49,72.32,9.8,-18.83,0.03,-0.56,-0.18,4.09,30.21,-50.66,34.03,0.35,0.02,0.9,3
3327,42.438,5,-0.763,0.03,-0.16,-0.62,94.06,17.05,9.16,0.02,-0.02,0.0,4.09,12.36,-18.62,-1.53,-0.29,0.14,0.95,3
3328,42.44,7,-0.948,0.04,-0.1,-0.3,49.09,12.56,-0.69,0.33,0.32,0.81,0.0,0.15,-42.11,22.89,-0.5,-0.63,1.89,3
3329,42.443000000000005,4,-0.887,0.25,-0.14,-0.36,52.95,25.62,-22.81,-0.4,-0.13,0.48,4.09,16.63,-18.31,18.62,-0.61,0.2,1.19,3
3330,42.445,3,-0.505,0.01,0.25,-0.83,134.28,-13.13,-25.54,0.01,0.18,-0.14,4.09,-41.35,-54.02,50.51,0.05,-0.32,0.86,3
3331,42.515,2,0.987,0.08,0.01,0.14,29.85,0.41,9.45,0.08,0.43,-0.16,4.09,43.64,2.59,5.8,-0.04,-0.21,0.91,3
3332,42.516999999999996,0,0.39899999999999997,0.58,0.29,-0.65,280.69,79.39,28.08,-0.26,-0.12,0.04,4.09,8.24,-7.02,10.53,-1.06,-0.19,0.19,3
3333,42.52,1,0.386,0.57,0.2,-0.7,272.46,71.48,28.56,-0.23,0.17,0.01,4.09,-3.81,7.32,-3.2,-0.89,0.08,0.54,3
3334,42.522,7,-0.938,0.02,-0.08,-0.34,53.59,8.87,0.94,-0.46,-0.34,0.0,0.0,7.17,-49.29,20.9,-0.32,0.68,1.01,3
3335,42.526,5,-0.763,0.02,-0.16,-0.63,94.11,15.2,10.02,-0.04,0.02,0.02,4.09,-4.27,-28.53,5.49,-0.28,0.19,0.97,3
3336,42.528,3,-0.478,0.02,0.3,-0.82,138.32,-15.24,-32.47,0.24,-0.22,0.34,4.09,-94.91,-16.94,19.53,0.32,-0.93,0.86,3
3337,42.614,4,-0.892,0.24,-0.12,-0.37,54.35,23.0,-21.01,-0.11,-0.09,-0.0,4.09,12.82,-20.45,-13.58,-0.46,-0.3,0.86,3
3338,42.61600000000001,6,0.831,-0.13,-0.04,0.54,79.54,4.07,-15.28,-0.57,-0.59,0.06,4.09,14.65,44.56,-3.2,0.23,0.46,1.19,3
3339,42.62,2,0.985,0.12,0.01,0.12,28.26,-0.45,13.61,0.08,-0.17,-0.06,4.09,21.36,-18.77,-70.8,0.14,0.33,0.84,3
3340,42.621,0,0.381,0.58,0.29,-0.66,274.54,80.17,24.07,-0.13,-0.23,0.11,4.09,26.25,6.56,-30.06,-1.11,-0.17,0.07,3
3341,42.626000000000005,1,0.39899999999999997,0.58,0.19,-0.68,284.23,71.61,39.81,-0.43,0.03,-0.11,4.09,-3.05,52.03,67.9,-0.85,-0.06,0.47,3
3342,42.626999999999995,7,-0.935,-0.0,-0.05,-0.35,55.44,4.97,2.45,-0.02,-0.04,-0.07,0.0,10.99,-32.35,40.44,-0.09,0.15,0.93,3
3343,42.632,5,-0.753,-0.0,-0.14,-0.64,96.23,11.59,10.62,0.17,0.34,0.55,4.09,35.71,-7.93,86.21,-0.67,0.05,1.52,3
3344,42.63399999999999,3,-0.45399999999999996,0.05,0.36,-0.81,140.96,-14.22,-40.45,-0.19,0.15,-0.16,4.09,-9.77,26.25,26.25,0.17,-0.28,0.77,3
3345,42.714,4,-0.899,0.22,-0.11,-0.36,54.16,21.12,-19.64,-0.04,-0.01,0.01,4.09,3.66,11.9,-15.11,-0.39,-0.29,0.89,3
3346,42.716,0,0.353,0.59,0.29,-0.67,259.34,81.84,10.91,-0.05,-0.09,-0.02,4.09,24.57,3.81,-22.89,-0.96,-0.09,0.1,3
3347,42.72,1,0.41600000000000004,0.61,0.2,-0.65,300.71,71.85,54.65,-0.11,-0.18,0.15,4.09,-18.16,19.38,-3.66,-1.16,0.11,0.13,3
3348,42.721000000000004,6,0.847,-0.16,-0.0,0.51,74.83,9.01,-15.53,-0.19,-0.37,-0.32,4.09,22.43,74.01,-45.17,0.13,0.13,0.81,3
3349,42.725,2,0.985,0.15,0.01,0.08,23.73,-0.38,17.69,-0.01,0.15,0.25,4.09,26.86,-24.72,-60.12,-0.02,0.22,1.23,3
3350,42.727,7,-0.9309999999999999,-0.03,-0.02,-0.36,56.78,1.2,3.95,-0.05,0.08,-0.03,0.0,10.68,-48.98,-0.15,-0.11,0.03,1.01,3
3351,42.732,5,-0.701,-0.02,-0.18,-0.69,104.96,13.48,16.58,0.05,0.88,-0.28,4.09,34.03,83.77,66.83,-0.96,0.06,0.32,3
3352,42.733000000000004,3,-0.484,0.06,0.3,-0.82,136.25,-10.73,-34.59,-0.08,0.16,-0.03,4.09,97.35,80.72,-29.75,0.09,-0.42,0.87,3
3353,42.809,4,-0.903,0.21,-0.11,-0.36,53.95,20.27,-18.94,-0.07,0.05,0.0,4.09,14.95,-28.23,-0.15,-0.42,-0.29,0.86,3
3354,42.81100000000001,0,0.326,0.59,0.29,-0.68,242.21,82.62,-3.75,-0.1,-0.07,0.01,4.09,18.92,7.17,-21.97,-1.0,-0.14,0.14,3
3355,42.818000000000005,1,0.409,0.61,0.22,-0.64,299.62,74.41,52.1,-0.27,-0.1,-0.17,4.09,-5.8,-2.29,-31.59,-0.83,-0.12,0.22,3
3356,42.82,6,0.857,-0.19,0.04,0.48,69.91,14.8,-17.31,-0.02,-0.54,0.11,4.09,-17.4,86.52,5.95,0.14,-0.09,1.23,3
3357,42.838,2,0.9840000000000001,0.17,-0.01,0.07,21.71,-1.92,19.06,-0.02,-0.22,-0.07,4.09,16.63,-29.45,1.98,0.04,0.53,0.79,3
3358,42.84,3,-0.5489999999999999,0.07,0.19,-0.81,126.91,-5.76,-23.1,0.27,-0.24,0.01,4.09,112.46,73.85,-41.05,0.2,-0.67,0.77,3
3359,42.92,5,-0.6940000000000001,0.04,-0.24,-0.68,106.1,23.2,17.02,-0.23,0.39,-0.38,4.09,-19.07,100.71,-48.52,-0.5,0.33,0.43,3
3360,42.922,0,0.303,0.6,0.29,-0.68,227.46,83.11,-16.24,-0.05,0.07,-0.1,4.09,23.65,10.68,-11.6,-0.91,0.0,0.19,3
3361,42.927,4,-0.9079999999999999,0.19,-0.09,-0.36,54.47,18.13,-17.4,-0.07,-0.01,-0.01,4.09,6.87,-8.09,-8.85,-0.38,-0.23,0.89,3
3362,42.931000000000004,6,0.83,-0.27,0.11,0.48,69.04,25.65,-21.91,-0.04,-0.54,-0.26,4.09,-35.71,97.66,36.77,0.07,0.01,0.88,3
3363,42.935,1,0.406,0.6,0.23,-0.65,295.25,75.05,47.29,-0.3,-0.04,-0.04,4.09,-21.67,-15.26,-5.19,-0.95,-0.03,0.31,3
3364,42.937,3,-0.579,0.06,0.14,-0.8,122.87,-3.37,-16.98,0.31,-0.21,-0.21,4.09,7.78,1.83,-50.81,0.2,-0.64,0.62,3
3365,42.942,2,0.983,0.18,-0.03,0.03,17.31,-3.93,20.47,-0.05,0.19,0.06,4.09,18.01,-13.58,14.19,0.05,0.27,1.04,3
3366,42.943999999999996,7,-0.919,-0.07,0.03,-0.39,59.62,-5.74,5.83,-0.06,0.04,0.01,0.0,11.6,-32.5,35.4,0.03,0.12,1.01,3
3367,42.992,5,-0.695,0.11,-0.27,-0.66,104.68,30.97,13.16,0.05,-0.53,-0.02,4.09,-50.05,33.42,-16.33,-0.07,0.21,1.13,3
3368,42.994,0,0.28800000000000003,0.61,0.28,-0.68,220.83,84.03,-21.1,-0.1,0.11,-0.09,4.09,0.61,6.87,-0.15,-0.91,-0.04,0.24,3
3369,43.047,4,-0.909,0.19,-0.08,-0.36,55.38,15.96,-16.98,0.04,0.09,0.02,4.09,4.88,-26.4,5.04,-0.3,-0.37,0.9,3
3370,43.049,7,-0.9059999999999999,-0.09,0.05,-0.41,62.49,-8.94,6.81,-0.07,-0.02,-0.05,0.0,10.07,-32.81,30.36,0.11,0.19,0.92,3
3371,43.053000000000004,1,0.414,0.58,0.24,-0.66,288.23,74.37,38.68,-0.24,0.0,-0.09,4.09,-15.56,-26.86,-5.65,-0.87,-0.07,0.36,3
3372,43.055,6,0.784,-0.32,0.16,0.51,71.69,35.33,-24.81,-0.09,-0.8,-0.47,4.09,-38.76,72.02,56.61,0.2,0.13,0.92,3
3373,43.059,2,0.981,0.19,-0.05,0.01,14.36,-5.56,21.79,0.13,0.06,-0.08,4.09,5.95,-50.66,-42.27,0.15,0.33,0.8,3
3374,43.06,3,-0.5920000000000001,0.05,0.14,-0.79,121.22,-5.44,-16.11,-0.03,0.02,-0.41,4.09,-0.31,-31.59,-34.48,0.02,-0.29,0.62,3
3375,43.126999999999995,5,-0.71,0.15,-0.23,-0.65,100.53,31.15,5.98,-0.05,-0.89,0.08,4.09,-34.48,-24.11,-1.83,0.21,0.25,1.33,3
3376,43.129,0,0.289,0.61,0.29,-0.68,218.51,84.28,-23.77,-0.38,-0.21,0.15,4.09,-11.6,5.8,14.19,-1.1,-0.43,0.19,3
3377,43.13399999999999,4,-0.915,0.17,-0.07,-0.36,55.04,14.4,-15.25,-0.09,-0.02,0.0,4.09,14.65,-3.05,-8.54,-0.32,-0.18,0.94,3
3378,43.136,6,0.748,-0.36,0.19,0.53,74.47,40.81,-26.53,-0.3,-0.72,-0.8,4.09,-29.3,-1.83,24.72,0.23,0.35,0.68,3
3379,43.14,1,0.436,0.55,0.24,-0.67,282.5,71.69,30.3,-0.33,0.07,-0.04,4.09,-31.43,-22.28,20.45,-0.89,-0.09,0.49,3
3380,43.141000000000005,7,-0.899,-0.11,0.08,-0.42,62.6,-13.43,8.49,-0.12,0.04,-0.01,0.0,14.04,-51.12,-0.61,0.11,0.18,0.96,3
3381,43.145,2,0.977,0.2,-0.07,-0.04,7.68,-6.98,23.22,-0.04,0.17,0.07,4.09,22.13,-4.43,-27.62,0.08,0.25,1.13,3
3382,43.147,3,-0.584,0.03,0.16,-0.8,122.66,-7.75,-16.79,-0.1,0.31,-0.04,4.09,-20.6,4.12,17.24,0.03,0.12,1.13,3
3383,43.239,5,-0.6809999999999999,0.12,-0.2,-0.69,106.77,26.59,7.03,0.18,-0.35,-0.1,4.09,-25.48,-74.31,15.11,-0.26,-0.14,0.93,3
3384,43.24100000000001,0,0.309,0.61,0.29,-0.67,237.12,85.06,-7.16,0.02,-0.11,0.08,4.09,-35.4,-9.77,53.56,-1.08,-0.09,-0.01,3
3385,43.245,4,-0.92,0.15,-0.06,-0.36,54.8,13.08,-13.69,-0.03,0.04,0.0,4.09,12.36,-19.99,0.92,-0.27,-0.22,0.94,3
3386,43.247,6,0.741,-0.35,0.15,0.55,78.22,37.78,-26.34,-0.57,-0.8,-0.57,4.09,1.07,-86.06,-22.43,0.1,0.58,1.12,3
3387,43.251000000000005,2,0.972,0.22,-0.06,-0.05,6.25,-5.74,25.95,0.01,0.37,-0.04,4.09,41.96,12.51,-10.38,0.2,0.04,0.89,3
3388,43.253,3,-0.573,0.02,0.17,-0.8,124.42,-9.77,-17.78,0.09,-0.07,0.02,4.09,18.92,-33.11,26.55,0.19,-0.43,0.91,3
3389,43.256,1,0.45799999999999996,0.54,0.24,-0.67,282.68,69.58,28.03,-0.3,0.08,-0.04,4.09,-17.09,-4.27,10.53,-0.87,-0.07,0.52,3
3390,43.258,7,-0.889,-0.14,0.12,-0.42,63.15,-18.93,8.81,-0.15,0.09,-0.05,0.0,-12.97,-58.44,52.95,0.2,0.2,0.97,3
3391,43.343,5,-0.6629999999999999,0.11,-0.18,-0.72,110.14,23.07,6.69,-0.15,0.25,-0.04,4.09,6.1,-24.72,10.83,-0.55,0.13,0.68,3
3392,43.345,0,0.365,0.6,0.29,-0.65,276.19,82.53,26.83,0.03,-0.1,0.08,4.09,-50.05,-8.7,32.04,-1.08,0.02,0.04,3
3393,43.35,4,-0.922,0.13,-0.05,-0.36,55.64,10.71,-11.79,-0.01,0.03,0.03,4.09,19.68,-16.63,7.63,-0.22,-0.26,0.97,3
3394,43.352,6,0.762,-0.32,0.12,0.55,78.09,32.22,-25.46,-0.0,-0.36,-0.84,4.09,-2.9,-65.61,-26.55,0.08,-0.17,0.78,3
3395,43.356,1,0.47,0.52,0.26,-0.66,281.45,69.34,24.17,-0.39,0.0,-0.1,4.09,-33.11,8.7,11.29,-0.82,-0.22,0.49,3
3396,43.357,7,-0.872,-0.14,0.16,-0.44,66.35,-23.77,6.11,-0.25,0.39,0.27,0.0,-9.92,5.49,-37.54,0.1,-0.05,1.3,3
3397,43.361000000000004,2,0.9590000000000001,0.27,-0.07,-0.07,3.73,-5.0,31.48,-0.02,0.01,0.05,4.09,46.69,-34.48,-50.51,0.05,0.54,0.94,3
3398,43.363,3,-0.536,-0.01,0.18,-0.82,129.83,-11.96,-17.5,0.04,0.01,-0.0,4.09,-7.02,-32.2,44.56,0.17,-0.31,0.93,3
3399,43.435,5,-0.664,0.09,-0.16,-0.72,110.27,20.71,6.93,0.03,0.02,0.04,4.09,-8.54,-20.45,8.09,-0.39,0.11,0.95,3
3400,43.437,6,0.7659999999999999,-0.31,0.09,0.56,79.59,28.43,-25.29,-0.36,-0.69,-0.38,4.09,-0.76,-23.35,12.36,0.11,0.27,0.9,3
3401,43.441,4,-0.929,0.09,-0.05,-0.35,55.26,8.94,-7.4,-0.07,0.11,0.08,4.09,44.86,-57.07,20.29,-0.29,-0.22,1.06,3
3402,43.442,0,0.39899999999999997,0.59,0.31,-0.63,285.93,81.67,31.68,-0.07,-0.18,-0.15,4.09,-44.86,-0.15,25.02,-0.87,-0.09,0.02,3
3403,43.446000000000005,1,0.483,0.52,0.29,-0.64,285.56,71.23,24.46,0.22,0.22,0.12,4.09,-18.16,34.79,-15.87,-0.97,0.17,0.39,3
3404,43.449,7,-0.879,-0.09,0.15,-0.44,67.46,-19.92,1.75,-0.0,0.3,-0.01,0.0,-49.74,72.63,33.42,0.11,-0.13,1.02,3
3405,43.452,2,0.9470000000000001,0.31,-0.08,-0.06,4.75,-6.18,36.32,0.05,-0.21,0.14,4.09,61.95,-20.9,73.7,0.16,0.92,0.76,3
3406,43.45399999999999,3,-0.508,-0.03,0.19,-0.84,133.84,-13.9,-17.91,0.17,-0.15,-0.04,4.09,11.75,-28.84,38.76,0.27,-0.52,0.84,3
3407,43.528,5,-0.665,0.08,-0.14,-0.73,110.23,17.75,5.8,0.11,-0.09,0.02,4.09,-0.31,-14.04,4.12,-0.24,-0.02,1.0,3
3408,43.531000000000006,0,0.43200000000000005,0.58,0.32,-0.61,301.25,80.58,42.74,-0.13,-0.04,-0.03,4.09,-30.36,6.41,26.7,-0.97,-0.02,0.13,3
3409,43.535,4,-0.951,0.05,-0.03,-0.3,49.42,5.33,-3.96,-0.66,1.25,0.39,4.09,-44.86,117.49,-157.78,-1.53,-0.72,1.1,3
3410,43.537,6,0.7659999999999999,-0.3,0.07,0.57,81.12,26.29,-24.78,-0.19,-0.67,-0.2,4.09,2.75,-21.67,-21.36,0.13,-0.0,1.05,3
3411,43.541000000000004,2,0.9390000000000001,0.33,-0.1,-0.05,5.05,-9.15,39.05,-0.25,0.42,-0.42,4.09,-19.07,5.34,17.85,-0.14,-0.01,0.77,3
3412,43.543,7,-0.8859999999999999,-0.03,0.1,-0.45,68.35,-11.85,-2.71,-0.34,0.1,0.17,0.0,-39.52,99.64,9.16,-0.03,0.16,1.21,3
3413,43.547,1,0.488,0.53,0.29,-0.63,292.4,71.85,30.93,-0.14,-0.04,0.09,4.09,-7.32,-4.88,28.69,-1.02,0.04,0.31,3
3414,43.549,3,-0.478,-0.04,0.2,-0.85,138.11,-15.13,-18.58,0.11,-0.01,-0.01,4.09,-2.75,-13.28,19.38,0.2,-0.41,0.86,3
3415,43.625,5,-0.664,0.07,-0.14,-0.73,110.43,16.68,6.2,-0.04,0.02,0.01,4.09,-8.54,-18.31,6.1,-0.29,0.13,0.95,3
3416,43.626999999999995,0,0.45399999999999996,0.58,0.33,-0.59,312.54,79.76,51.08,-0.06,0.07,-0.04,4.09,-28.99,7.63,18.01,-0.97,0.13,0.23,3
3417,43.633,4,-0.95,0.14,-0.12,-0.25,41.79,17.64,-11.92,-0.26,0.89,-0.25,4.09,-124.21,97.96,127.56,-0.84,-0.62,0.42,3
3418,43.635,6,0.774,-0.28,0.05,0.57,81.23,23.12,-24.49,-0.34,-0.53,-0.26,4.09,2.14,-17.4,11.9,0.04,0.15,0.95,3
3419,43.638999999999996,1,0.504,0.54,0.27,-0.62,299.1,70.09,37.19,-0.05,0.01,-0.02,4.09,9.61,-8.09,11.44,-0.94,0.16,0.35,3
3420,43.64,7,-0.897,0.03,0.03,-0.44,66.36,-1.23,-4.58,-0.29,0.0,-0.08,0.0,1.83,115.05,-24.26,-0.17,0.15,0.96,3
3421,43.645,2,0.96,0.27,-0.05,0.02,14.35,-6.53,31.92,0.07,0.29,-0.22,4.09,-92.77,115.36,123.6,0.17,0.21,0.84,3
3422,43.646,3,-0.46,-0.04,0.22,-0.86,140.6,-15.35,-20.52,-0.0,0.06,0.0,4.09,-9.92,-15.56,24.26,0.2,-0.34,0.88,3
3423,43.731,5,-0.6609999999999999,0.07,-0.13,-0.74,111.04,15.81,5.76,-0.03,0.04,0.01,4.09,-5.34,-5.04,5.04,-0.3,0.12,0.95,3
3424,43.733999999999995,0,0.473,0.57,0.34,-0.58,315.52,78.93,51.14,-0.08,0.17,-0.06,4.09,-24.72,9.16,4.73,-0.89,0.14,0.3,3
3425,43.739,4,-0.898,0.24,-0.19,-0.32,47.61,29.34,-20.84,0.33,-0.07,-0.02,4.09,-82.7,75.23,28.23,-0.11,-0.45,0.92,3
3426,43.74100000000001,6,0.78,-0.25,0.02,0.57,82.85,18.69,-22.93,-0.19,-0.48,-0.23,4.09,7.78,-42.27,-5.8,0.14,-0.02,0.93,3
3427,43.745,1,0.502,0.55,0.26,-0.62,301.69,69.49,41.39,-0.22,-0.01,-0.12,4.09,12.05,-7.48,4.27,-0.85,0.01,0.33,3
3428,43.746,7,-0.9079999999999999,0.06,-0.06,-0.41,62.58,8.91,-3.45,-0.07,-0.18,-0.09,0.0,22.74,83.77,-40.44,-0.06,0.07,0.94,3
3429,43.751000000000005,2,0.9790000000000001,0.17,0.01,0.11,27.2,-1.45,19.64,0.18,0.09,0.13,4.09,-133.36,77.51,91.71,0.22,0.23,1.13,3
3430,43.753,3,-0.428,-0.04,0.24,-0.87,145.04,-15.85,-23.7,0.11,0.13,-0.07,4.09,-34.79,-26.4,48.37,0.08,-0.36,0.88,3
3431,43.838,5,-0.662,0.06,-0.13,-0.74,110.98,15.44,6.18,-0.02,0.05,0.0,4.09,8.24,-4.88,-2.75,-0.32,0.14,0.94,3
3432,43.84,0,0.47600000000000003,0.57,0.35,-0.57,317.01,79.42,51.53,-0.37,-0.03,-0.07,4.09,1.22,2.29,-13.73,-0.94,-0.21,0.19,3
3433,43.845,4,-0.883,0.28,-0.19,-0.32,46.46,31.24,-26.31,0.66,-1.0,-0.27,4.09,8.39,-47.45,-76.45,0.57,-0.09,1.27,3
3434,43.846000000000004,6,0.779,-0.21,-0.01,0.59,85.92,13.2,-20.68,-0.25,-0.52,-0.2,4.09,18.92,-51.57,-8.24,0.22,0.08,0.95,3
3435,43.853,2,0.972,0.09,0.04,0.22,39.2,1.85,10.42,-0.04,-0.12,-0.23,4.09,-59.97,15.11,58.9,-0.01,0.27,0.67,3
3436,43.855,7,-0.915,0.07,-0.12,-0.38,59.07,15.39,-1.88,0.26,-0.26,-0.46,0.0,27.47,23.19,-10.99,0.3,-0.07,0.61,3
3437,43.86,1,0.496,0.55,0.25,-0.63,299.07,68.85,40.23,-0.25,0.12,-0.09,4.09,13.73,-13.73,-11.9,-0.84,0.05,0.46,3
3438,43.861999999999995,3,-0.41700000000000004,-0.04,0.26,-0.87,146.6,-16.38,-26.25,0.03,0.05,-0.03,4.09,-32.35,-17.7,16.02,0.23,-0.4,0.85,3
3439,43.933,5,-0.665,0.06,-0.12,-0.73,110.53,14.42,6.36,0.0,-0.0,0.01,4.09,3.2,-12.66,-2.59,-0.23,0.09,0.98,3
3440,43.935,0,0.469,0.56,0.35,-0.59,305.32,80.33,39.84,-0.02,0.07,-0.09,4.09,4.27,-21.67,-45.01,-0.89,0.12,0.19,3
3441,43.93899999999999,4,-0.9059999999999999,0.25,-0.15,-0.31,46.32,25.36,-22.97,-0.58,-0.99,0.49,4.09,73.55,-31.74,84.38,-0.8,0.57,1.79,3
3442,43.94,7,-0.91,0.05,-0.11,-0.4,61.09,14.11,0.47,0.42,-0.24,0.38,0.0,6.56,-44.86,17.09,-0.25,-0.33,1.86,3
3443,43.943999999999996,2,0.968,0.08,0.04,0.23,41.17,2.16,10.22,-0.33,0.39,0.15,4.09,78.12,23.04,-11.75,-0.48,-0.06,1.07,3
3444,43.946000000000005,3,-0.39799999999999996,-0.04,0.3,-0.87,149.55,-17.48,-31.13,0.13,0.1,-0.23,4.09,-65.16,-25.33,12.97,0.08,-0.45,0.63,3
3445,44.015,1,0.48700000000000004,0.54,0.24,-0.64,292.12,68.13,34.74,-0.18,-0.01,-0.07,4.09,8.09,-11.14,-10.38,-0.88,0.04,0.33,3
3446,44.016999999999996,0,0.45,0.55,0.36,-0.61,286.98,81.43,22.78,-0.29,-0.24,0.08,4.09,-2.14,1.37,-26.4,-1.1,-0.27,0.01,3
3447,44.037,5,-0.6679999999999999,0.05,-0.12,-0.73,110.06,12.96,6.51,0.03,-0.01,0.01,4.09,3.66,-28.23,-4.73,-0.24,0.11,0.98,3
3448,44.038999999999994,6,0.777,-0.12,-0.08,0.61,90.37,1.98,-16.51,-0.52,-0.34,0.22,4.09,14.95,-27.01,35.25,0.16,0.23,1.37,3
3449,44.043,4,-0.9009999999999999,0.24,-0.14,-0.33,49.98,24.4,-21.58,0.01,0.15,0.01,4.09,-2.44,-20.14,27.47,-0.45,-0.5,0.79,3
3450,44.045,3,-0.39899999999999997,-0.03,0.36,-0.84,150.35,-19.77,-38.57,0.31,-0.09,0.5,4.09,-85.14,-4.73,24.26,0.35,-1.1,1.02,3
3451,44.065,2,0.965,0.12,0.05,0.23,41.12,1.84,14.71,-0.01,0.01,-0.03,4.09,19.38,-59.81,-22.74,-0.04,0.3,0.94,3
3452,44.067,7,-0.9059999999999999,0.02,-0.09,-0.41,63.1,10.92,2.14,-0.32,-0.24,-0.02,0.0,10.53,-37.99,18.01,-0.25,0.47,0.95,3
3453,44.143,1,0.478,0.53,0.24,-0.66,286.88,67.83,30.57,-0.26,0.11,-0.03,4.09,11.75,7.32,-10.53,-0.85,0.01,0.53,3
3454,44.145,0,0.429,0.55,0.36,-0.62,272.18,82.47,9.7,-0.13,-0.22,0.1,4.09,25.02,4.27,-13.28,-1.07,-0.23,0.01,3
3455,44.148999999999994,5,-0.672,0.03,-0.1,-0.73,109.66,9.87,6.06,0.01,0.02,0.03,4.09,-4.58,-29.14,4.43,-0.2,0.1,1.0,3
3456,44.151,6,0.775,-0.14,-0.07,0.61,90.16,3.53,-17.16,-0.67,-0.34,-0.2,4.09,2.9,53.25,-10.53,0.11,0.46,0.97,3
3457,44.156000000000006,4,-0.907,0.22,-0.14,-0.33,49.93,23.52,-19.58,-0.16,-0.01,-0.01,4.09,18.16,-22.58,-6.87,-0.5,-0.24,0.83,3
3458,44.157,3,-0.37799999999999995,-0.0,0.41,-0.83,153.02,-18.64,-46.14,-0.05,0.34,-0.23,4.09,8.39,17.09,52.34,0.03,-0.31,0.82,3
3459,44.161,2,0.9670000000000001,0.15,0.04,0.2,37.84,0.85,17.49,0.02,-0.28,-0.07,4.09,39.22,6.26,16.33,0.15,0.59,0.79,3
3460,44.162,7,-0.9009999999999999,-0.0,-0.07,-0.43,64.96,7.32,3.52,0.06,-0.04,0.0,0.0,14.5,-33.11,5.95,-0.06,0.03,1.01,3
3461,44.235,1,0.47700000000000004,0.55,0.24,-0.64,294.47,69.01,38.82,-0.76,0.0,-0.09,4.09,8.09,53.71,51.73,-0.89,-0.14,0.46,3
3462,44.236999999999995,0,0.414,0.55,0.36,-0.63,264.66,82.72,4.1,0.1,-0.04,-0.03,4.09,27.47,-5.95,-6.87,-1.0,0.04,0.05,3
3463,44.24,5,-0.6629999999999999,0.01,-0.09,-0.74,111.11,7.38,6.86,0.01,0.27,0.55,4.09,27.92,-9.77,67.14,-0.48,0.22,1.54,3
3464,44.242,6,0.794,-0.17,-0.02,0.58,85.42,8.98,-17.12,-0.32,-0.33,-0.14,4.09,8.24,65.31,-30.36,0.09,0.1,0.98,3
3465,44.246,4,-0.9079999999999999,0.21,-0.12,-0.34,52.03,21.51,-18.22,-0.03,-0.01,0.01,4.09,6.41,-3.2,-1.53,-0.41,-0.27,0.88,3
3466,44.248999999999995,3,-0.391,0.02,0.35,-0.85,149.55,-13.73,-39.58,-0.06,0.16,-0.13,4.09,107.42,81.63,-51.42,0.16,-0.48,0.79,3
3467,44.336999999999996,1,0.47700000000000004,0.57,0.24,-0.62,303.04,70.07,47.27,-0.18,-0.06,0.08,4.09,-7.02,0.31,-16.63,-1.04,0.09,0.3,3
3468,44.339,0,0.395,0.56,0.35,-0.64,252.41,82.34,-5.59,-0.02,0.03,-0.0,4.09,21.82,1.68,-23.8,-0.99,-0.03,0.17,3
3469,44.342,2,0.9670000000000001,0.18,0.04,0.18,34.91,0.97,21.24,-0.06,0.12,0.13,4.09,5.65,-13.73,-17.09,-0.09,0.44,1.12,3
3470,44.343999999999994,6,0.7879999999999999,-0.21,0.03,0.58,83.76,16.55,-18.51,-0.26,-0.48,-0.01,4.09,-21.21,87.13,26.55,0.04,0.04,1.07,3
3471,44.348,4,-0.912,0.19,-0.12,-0.34,51.93,20.46,-16.79,-0.07,-0.07,-0.0,4.09,13.58,-19.38,-2.75,-0.36,-0.2,0.92,3
3472,44.35,3,-0.48200000000000004,0.04,0.2,-0.85,136.47,-6.9,-23.07,0.15,-0.19,0.11,4.09,135.19,106.96,-67.9,0.21,-0.62,0.91,3
3473,44.354,5,-0.588,0.0,-0.14,-0.8,122.29,10.06,13.18,0.45,1.03,-0.44,4.09,32.04,106.2,86.52,-1.2,-0.03,0.27,3
3474,44.356,7,-0.8859999999999999,-0.03,-0.04,-0.46,69.15,2.57,5.69,-0.12,-0.02,0.01,0.0,7.78,-21.36,34.79,-0.09,0.2,0.99,3
3475,44.443999999999996,1,0.469,0.57,0.25,-0.63,299.2,71.47,43.22,-0.27,-0.17,-0.14,4.09,-3.2,-5.19,-19.07,-0.9,-0.13,0.18,3
3476,44.446000000000005,0,0.371,0.56,0.35,-0.65,237.29,82.33,-18.19,-0.06,0.09,-0.09,4.09,19.99,6.1,-13.73,-0.89,-0.04,0.22,3
3477,44.45,2,0.968,0.19,0.03,0.16,33.04,0.18,22.19,-0.01,0.03,0.03,4.09,6.41,-15.11,-12.21,0.02,0.36,0.97,3
3478,44.452,6,0.765,-0.27,0.07,0.58,83.28,25.51,-21.54,-0.13,-0.55,-0.22,4.09,-33.42,87.28,34.94,0.07,-0.09,0.94,3
3479,44.456,5,-0.591,0.07,-0.22,-0.77,122.34,21.65,16.28,-0.33,0.76,-0.22,4.09,30.21,132.29,-88.65,-0.75,0.65,0.34,3
3480,44.458,7,-0.878,-0.05,-0.03,-0.47,70.85,0.32,6.96,-0.03,0.03,-0.04,0.0,11.14,-30.52,16.48,-0.03,0.1,0.97,3
3481,44.461000000000006,4,-0.914,0.18,-0.11,-0.35,53.33,18.52,-15.29,-0.04,0.01,-0.0,4.09,5.49,-21.82,7.63,-0.36,-0.28,0.9,3
3482,44.463,3,-0.517,0.04,0.11,-0.85,131.61,-2.73,-12.7,0.38,-0.12,-0.22,4.09,75.99,11.14,-5.19,-0.06,-0.51,0.68,3
3483,44.536,2,0.9690000000000001,0.2,0.02,0.15,31.31,-0.59,22.83,-0.01,0.04,0.01,4.09,0.0,-25.33,-23.96,-0.01,0.35,0.95,3
3484,44.538000000000004,0,0.35600000000000004,0.57,0.34,-0.66,231.88,82.56,-21.62,0.0,0.15,-0.08,4.09,15.56,6.41,-4.27,-0.9,0.04,0.24,3
3485,44.541000000000004,1,0.46799999999999997,0.56,0.25,-0.64,295.27,71.56,38.86,-0.33,-0.12,-0.05,4.09,-17.85,-18.46,-2.44,-0.96,-0.14,0.29,3
3486,44.543,6,0.7190000000000001,-0.33,0.12,0.6,86.55,34.34,-23.49,-0.23,-0.52,-0.46,4.09,-33.57,50.96,63.63,0.05,0.07,0.78,3
3487,44.547,5,-0.618,0.15,-0.28,-0.72,117.46,34.39,15.62,-0.16,-0.39,-0.1,4.09,-8.09,67.9,-70.34,-0.11,0.33,1.0,3
3488,44.549,7,-0.866,-0.08,-0.01,-0.49,73.18,-3.14,8.39,-0.09,-0.02,-0.06,0.0,12.66,-36.32,13.89,0.02,0.23,0.92,3
3489,44.553999999999995,4,-0.9159999999999999,0.16,-0.1,-0.35,54.28,17.04,-13.86,-0.06,0.0,-0.01,4.09,8.85,-24.57,10.68,-0.32,-0.12,0.94,3
3490,44.555,3,-0.542,0.02,0.08,-0.84,128.38,-3.12,-8.77,0.33,-0.25,-0.44,4.09,2.59,-12.51,-68.21,0.1,-0.55,0.46,3
3491,44.647,2,0.971,0.2,0.02,0.13,29.07,-1.27,23.05,0.14,0.0,-0.12,4.09,8.85,-18.46,-13.43,0.15,0.33,0.81,3
3492,44.65,6,0.675,-0.35,0.13,0.64,92.43,38.3,-23.52,-0.43,-0.61,-0.57,4.09,-36.77,4.73,39.06,0.12,0.25,0.8,3
3493,44.655,1,0.478,0.53,0.27,-0.64,288.96,70.64,30.33,-0.18,0.03,-0.07,4.09,-22.58,-23.04,-4.27,-0.87,-0.02,0.4,3
3494,44.657,0,0.353,0.57,0.34,-0.66,232.91,83.18,-19.79,-0.19,-0.16,0.06,4.09,-16.94,-3.36,33.11,-1.01,-0.05,0.13,3
3495,44.661,5,-0.647,0.2,-0.26,-0.69,110.04,37.87,7.02,0.02,-1.01,-0.01,4.09,-54.17,-19.38,15.72,0.26,0.11,1.37,3
3496,44.663000000000004,7,-0.861,-0.11,0.01,-0.5,73.48,-7.4,9.84,-0.16,0.05,0.02,0.0,9.16,-50.35,1.22,0.01,0.29,1.0,3
3497,44.668,4,-0.9179999999999999,0.15,-0.09,-0.36,55.05,15.16,-12.44,-0.04,0.01,0.01,4.09,8.54,-6.87,-6.41,-0.3,-0.2,0.95,3
3498,44.67,3,-0.531,0.02,0.1,-0.84,129.9,-3.97,-10.83,-0.22,-0.01,0.02,4.09,-39.67,13.89,-63.63,0.18,-0.17,0.85,3
3499,44.738,2,0.971,0.21,0.01,0.11,26.07,-1.82,24.58,0.05,0.19,0.02,4.09,24.41,-5.19,-32.2,0.04,0.22,1.01,3
3500,44.74,0,0.39,0.58,0.33,-0.64,269.84,82.84,14.74,-0.14,-0.03,-0.05,4.09,-48.83,-15.56,66.38,-0.96,-0.08,0.18,3
3501,44.744,1,0.49200000000000005,0.51,0.27,-0.65,285.31,68.69,24.63,-0.35,0.04,-0.11,4.09,-27.47,-12.51,19.07,-0.81,-0.18,0.47,3
3502,44.746,6,0.66,-0.35,0.1,0.66,95.57,36.42,-24.44,-1.44,-1.21,0.1,4.09,-2.9,-56.46,-18.46,-0.13,0.9,2.11,3
3503,44.751000000000005,5,-0.626,0.17,-0.21,-0.73,114.67,31.13,6.38,0.39,-0.68,-0.3,4.09,-31.89,-93.23,66.99,0.05,-0.37,0.96,3
3504,44.751999999999995,7,-0.856,-0.13,0.05,-0.5,73.32,-12.61,10.21,-0.08,0.06,0.07,0.0,-9.46,-58.29,50.05,0.16,0.24,1.07,3
3505,44.756,4,-0.9209999999999999,0.13,-0.08,-0.36,55.02,14.0,-11.36,-0.02,-0.0,0.02,4.09,12.21,-12.66,-0.15,-0.26,-0.15,0.97,3
3506,44.758,3,-0.514,-0.0,0.12,-0.85,132.42,-7.14,-11.45,0.28,0.01,-0.03,4.09,6.87,-57.98,73.39,-0.01,-0.36,0.96,3
3507,44.83,2,0.9690000000000001,0.24,0.0,0.08,22.61,-1.63,27.32,-0.03,0.18,-0.05,4.09,50.51,-16.33,-48.83,-0.04,0.25,0.92,3
3508,44.833,0,0.43200000000000005,0.56,0.33,-0.62,286.9,80.79,26.97,0.01,-0.1,0.07,4.09,-35.55,2.9,27.77,-1.08,-0.05,0.04,3
3509,44.838,1,0.524,0.5,0.27,-0.64,289.91,66.61,25.51,-0.25,0.08,-0.01,4.09,-28.23,4.58,23.65,-0.88,-0.04,0.5,3
3510,44.839,6,0.6779999999999999,-0.33,0.07,0.65,95.14,31.66,-24.11,-0.23,-0.53,-0.34,4.09,16.78,-37.99,-18.16,0.09,-0.17,0.88,3
3511,44.843999999999994,5,-0.594,0.15,-0.19,-0.77,120.36,27.44,7.55,0.11,0.15,-0.04,4.09,31.13,-36.16,3.2,-0.53,0.15,0.87,3
3512,44.846000000000004,7,-0.838,-0.14,0.08,-0.52,76.51,-16.77,8.86,-0.01,0.29,0.0,0.0,-6.1,0.0,7.02,0.08,-0.03,1.08,3
3513,44.941,4,-0.924,0.12,-0.07,-0.35,54.87,12.82,-9.98,-0.04,0.03,0.01,4.09,21.06,-27.01,7.02,-0.3,-0.16,0.93,3
3514,44.943000000000005,6,0.695,-0.3,0.05,0.65,94.3,27.35,-23.9,-0.48,-0.42,-0.36,4.09,10.99,-24.26,24.11,0.05,0.34,0.87,3
3515,44.946000000000005,1,0.5429999999999999,0.49,0.28,-0.62,293.16,65.76,26.12,-0.37,0.08,-0.07,4.09,-26.4,2.59,28.38,-0.85,-0.17,0.52,3
3516,44.948,0,0.467,0.56,0.35,-0.59,306.09,80.03,41.44,0.08,-0.14,0.02,4.09,-34.48,12.51,24.11,-1.01,0.11,0.0,3
3517,44.952,2,0.963,0.26,0.01,0.06,21.06,-0.77,30.51,0.2,0.2,-0.03,4.09,43.79,-0.46,2.75,0.22,0.32,0.92,3
3518,44.95399999999999,7,-0.838,-0.12,0.07,-0.53,77.62,-14.15,6.89,0.17,0.27,0.0,0.0,-38.45,82.4,18.31,0.07,-0.12,1.0,3
3519,44.958,5,-0.605,0.13,-0.18,-0.77,119.04,24.14,7.73,0.03,-0.04,0.01,4.09,-18.01,-9.0,33.57,-0.4,0.05,0.92,3
3520,44.96,3,-0.465,-0.04,0.14,-0.87,139.26,-11.4,-12.51,0.18,-0.11,-0.05,4.09,5.19,-24.57,15.87,0.16,-0.4,0.86,3
3521,45.052,4,-0.927,0.08,-0.06,-0.36,56.03,9.78,-6.33,0.03,0.07,0.09,4.09,62.71,-32.81,3.66,-0.22,-0.17,1.08,3
3522,45.053999999999995,0,0.491,0.55,0.36,-0.57,316.35,79.65,47.55,-0.1,-0.05,0.01,4.09,-32.81,0.0,18.31,-1.02,0.02,0.11,3
3523,45.056999999999995,1,0.547,0.49,0.3,-0.61,294.67,67.79,25.0,-0.2,-0.19,0.0,4.09,-8.39,35.86,-18.62,-1.03,-0.16,0.18,3
3524,45.059,6,0.701,-0.28,0.03,0.66,95.24,24.19,-22.85,-0.28,-0.56,-0.12,4.09,7.93,-28.23,-30.98,0.07,-0.11,1.07,3
3525,45.062,2,0.951,0.3,-0.01,0.05,19.59,-2.77,35.22,-0.05,-0.05,0.11,4.09,56.15,-14.34,26.86,0.04,0.81,0.84,3
3526,45.065,7,-0.838,-0.05,0.04,-0.54,79.71,-6.57,1.97,-0.26,0.15,0.21,0.0,-42.72,90.03,5.8,-0.07,0.3,1.28,3
3527,45.068999999999996,4,-0.9470000000000001,0.08,-0.07,-0.3,48.81,10.84,-6.01,-0.65,1.03,0.59,4.09,-104.52,167.85,-156.71,-1.37,-0.58,1.27,3
3528,45.071000000000005,3,-0.439,-0.06,0.15,-0.88,142.75,-13.75,-12.15,0.19,-0.12,0.02,4.09,13.89,-25.48,31.43,0.21,-0.41,0.9,3
3529,45.152,2,0.934,0.35,-0.02,0.05,18.13,-4.14,41.42,-0.13,0.28,-0.2,4.09,15.11,4.43,-35.1,-0.14,0.31,0.8,3
3530,45.153,0,0.512,0.54,0.38,-0.55,321.86,78.89,49.65,0.06,-0.02,-0.08,4.09,-30.36,-2.29,11.29,-0.9,0.18,0.08,3
3531,45.157,1,0.542,0.5,0.31,-0.6,297.78,69.32,28.17,-0.31,-0.17,0.03,4.09,-2.9,1.53,23.04,-1.02,-0.15,0.26,3
3532,45.159,6,0.708,-0.27,0.02,0.65,95.06,22.32,-22.08,-0.53,-0.47,-0.29,4.09,8.85,-13.89,-1.37,0.09,0.26,0.97,3
3533,45.163000000000004,5,-0.6,0.1,-0.17,-0.78,120.27,21.05,8.7,0.03,-0.01,0.01,4.09,10.38,-14.95,-4.12,-0.35,0.15,0.94,3
3534,45.163999999999994,7,-0.846,0.04,-0.04,-0.53,78.09,5.83,-1.12,-0.33,-0.02,0.06,0.0,-10.99,126.95,-12.51,-0.22,0.3,1.05,3
3535,45.231,4,-0.9109999999999999,0.22,-0.15,-0.32,48.48,24.25,-19.16,0.07,0.34,-0.51,4.09,-164.18,73.39,115.97,-0.28,-0.39,0.26,3
3536,45.233000000000004,0,0.527,0.54,0.39,-0.53,326.4,78.55,51.39,-0.11,0.08,0.02,4.09,-29.14,8.85,7.32,-0.99,0.06,0.22,3
3537,45.238,2,0.945,0.31,0.02,0.09,24.56,-1.07,36.52,0.13,0.43,-0.17,4.09,-99.33,114.9,133.97,0.07,0.16,0.94,3
3538,45.239,6,0.7240000000000001,-0.24,0.01,0.65,93.99,18.75,-21.0,-0.22,-0.38,-0.11,4.09,18.16,-28.84,-15.11,0.04,-0.07,0.99,3
3539,45.243,1,0.5579999999999999,0.51,0.3,-0.59,304.71,68.01,34.3,0.03,-0.06,-0.04,4.09,2.9,-6.41,8.7,-0.92,0.2,0.25,3
3540,45.245,7,-0.855,0.09,-0.12,-0.5,74.07,16.98,-1.64,0.11,-0.28,-0.39,0.0,10.83,93.38,-47.76,0.11,0.01,0.66,3
3541,45.297,5,-0.597,0.09,-0.17,-0.78,120.71,19.86,9.23,-0.01,0.05,0.0,4.09,0.0,-13.43,6.1,-0.38,0.17,0.92,3
3542,45.299,3,-0.386,-0.09,0.17,-0.9,149.87,-17.6,-14.41,0.01,0.06,-0.02,4.09,2.29,-39.06,29.14,0.23,-0.28,0.93,3
3543,45.351000000000006,4,-0.8420000000000001,0.3,-0.17,-0.42,59.08,32.38,-25.32,0.1,-0.01,-0.12,4.09,-63.32,0.46,77.67,-0.43,-0.43,0.74,3
3544,45.353,0,0.537,0.53,0.4,-0.53,326.12,78.47,49.02,-0.1,0.21,-0.1,4.09,-15.72,-1.07,0.0,-0.87,0.09,0.34,3
3545,45.357,2,0.9470000000000001,0.21,0.06,0.23,42.03,1.35,25.6,0.15,-0.37,0.21,4.09,-103.15,114.9,117.03,0.29,0.78,0.97,3
3546,45.358000000000004,6,0.733,-0.2,-0.01,0.65,94.7,14.39,-18.56,-0.39,-0.38,-0.24,4.09,27.62,-46.84,-10.68,0.13,0.16,0.91,3
3547,45.361999999999995,1,0.557,0.51,0.29,-0.59,304.49,67.14,35.18,-0.27,-0.07,-0.08,4.09,9.0,-13.12,5.19,-0.9,-0.04,0.32,3
3548,45.364,7,-0.86,0.11,-0.16,-0.47,71.14,22.27,-1.81,0.16,-0.37,-0.34,0.0,11.75,5.8,-7.78,0.12,0.06,0.76,3
3549,45.368,5,-0.595,0.08,-0.17,-0.78,121.24,19.08,9.9,-0.05,0.1,0.0,4.09,5.49,-6.26,7.78,-0.39,0.22,0.9,3
3550,45.37,3,-0.36,-0.11,0.19,-0.91,153.48,-19.36,-15.91,0.11,0.12,-0.04,4.09,-33.87,-21.21,32.5,0.21,-0.23,0.96,3
3551,45.446999999999996,4,-0.792,0.32,-0.17,-0.49,69.52,35.94,-24.59,0.31,-0.58,0.24,4.09,-40.74,-7.78,122.83,-0.09,-0.46,1.24,3
3552,45.45,0,0.5429999999999999,0.52,0.4,-0.53,322.38,78.06,44.49,0.0,0.14,-0.09,4.09,-10.53,-5.65,-7.78,-0.91,0.23,0.24,3
3553,45.45399999999999,2,0.938,0.13,0.09,0.31,51.01,5.36,17.92,-0.12,-0.06,-0.12,4.09,-77.51,10.07,-9.77,-0.08,0.21,0.87,3
3554,45.456,7,-0.865,0.09,-0.14,-0.47,71.2,19.08,-0.86,0.22,-0.29,-0.04,0.0,5.95,-94.45,27.92,-0.1,-0.09,1.48,3
3555,45.46,1,0.5529999999999999,0.5,0.28,-0.6,300.6,65.97,32.75,-0.16,0.14,-0.05,4.09,13.58,-23.65,-12.66,-0.82,0.09,0.5,3
3556,45.461999999999996,3,-0.32799999999999996,-0.12,0.23,-0.91,158.47,-21.4,-21.21,0.17,-0.04,-0.18,4.09,-56.76,-44.25,44.25,0.19,-0.46,0.6,3
3557,45.549,5,-0.593,0.07,-0.17,-0.78,121.66,18.65,11.3,-0.0,0.02,0.0,4.09,11.9,-9.77,1.83,-0.36,0.21,0.91,3
3558,45.552,0,0.535,0.5,0.4,-0.55,306.53,78.78,28.66,-0.36,-0.18,0.11,4.09,-18.16,-13.89,-30.67,-1.22,-0.31,-0.01,3
3559,45.556000000000004,4,-0.7440000000000001,0.33,-0.17,-0.56,79.54,38.15,-22.87,-0.03,-0.57,-0.44,4.09,-22.13,-17.24,-0.61,0.09,-0.09,0.74,3
3560,45.556999999999995,6,0.71,-0.09,-0.06,0.7,102.7,2.3,-11.85,-0.23,-0.4,-0.03,4.09,14.34,-57.07,14.8,0.37,0.1,1.09,3
3561,45.56100000000001,1,0.546,0.49,0.26,-0.63,293.67,64.23,27.75,-0.24,0.21,-0.04,4.09,9.61,-22.28,-25.79,-0.8,0.01,0.63,3
3562,45.563,7,-0.855,0.05,-0.12,-0.5,75.17,14.97,1.58,-0.08,0.03,-0.05,0.0,-0.46,-26.7,103.3,-0.23,0.29,0.89,3
3563,45.567,2,0.938,0.09,0.08,0.33,52.92,5.15,12.6,0.05,0.02,-0.07,4.09,-48.37,-22.74,18.62,-0.1,0.09,0.91,3
3564,45.568999999999996,3,-0.31,-0.12,0.29,-0.9,162.06,-23.78,-28.8,0.11,-0.2,0.11,4.09,-40.89,-35.55,10.07,0.45,-0.71,0.76,3
3565,45.641000000000005,5,-0.594,0.06,-0.17,-0.78,121.46,16.97,11.51,0.0,-0.02,-0.0,4.09,10.68,-20.6,-5.34,-0.28,0.19,0.94,3
3566,45.643,0,0.53,0.49,0.42,-0.55,295.37,79.33,16.83,-0.19,-0.15,0.07,4.09,5.8,3.66,-22.58,-1.09,-0.15,0.07,3
3567,45.647,4,-0.8009999999999999,0.32,-0.11,-0.49,69.52,29.81,-27.83,0.34,-0.54,-0.2,4.09,44.25,-50.81,-71.41,0.12,-0.59,1.01,3
3568,45.648999999999994,7,-0.843,0.03,-0.08,-0.53,78.72,9.85,2.46,0.12,-0.08,-0.03,0.0,4.73,-41.2,19.99,0.03,-0.02,0.98,3
3569,45.653999999999996,1,0.537,0.48,0.26,-0.64,288.84,63.93,23.89,-0.24,0.12,-0.05,4.09,1.37,9.77,-7.78,-0.82,-0.01,0.56,3
3570,45.655,3,-0.28600000000000003,-0.13,0.34,-0.89,166.35,-24.69,-35.14,0.26,0.02,0.2,4.09,-57.98,14.8,48.83,0.29,-0.73,0.89,3
3571,45.765,2,0.937,0.08,0.04,0.34,53.75,1.5,10.47,-0.08,0.03,-0.06,4.09,0.0,-48.83,-10.99,-0.13,0.2,0.94,3
3572,45.766999999999996,0,0.516,0.49,0.42,-0.56,288.27,80.47,10.79,0.05,-0.25,-0.06,4.09,17.24,-3.51,-13.43,-0.96,0.05,-0.09,3
3573,45.772,5,-0.602,0.04,-0.16,-0.78,120.31,14.28,11.95,0.01,-0.02,-0.0,4.09,4.27,-35.4,0.31,-0.23,0.18,0.97,3
3574,45.773,6,0.7120000000000001,-0.13,-0.04,0.69,101.37,7.21,-13.47,-0.4,-0.35,-0.15,4.09,17.55,80.87,-23.19,0.22,0.19,0.96,3
3575,45.778,4,-0.795,0.27,-0.11,-0.53,76.63,27.59,-20.16,-0.35,-0.41,0.58,4.09,10.07,-0.92,22.58,-0.41,0.3,1.52,3
3576,45.78,7,-0.831,0.01,-0.07,-0.55,81.5,7.07,3.29,-0.14,-0.11,-0.0,0.0,3.97,-26.25,14.04,-0.07,0.23,0.98,3
3577,45.786,2,0.943,0.12,0.06,0.31,50.24,2.0,15.36,0.47,0.42,-0.35,4.09,42.42,28.53,-35.4,0.18,-0.43,0.79,3
3578,45.788000000000004,3,-0.276,-0.09,0.34,-0.9,166.4,-19.96,-36.04,0.01,0.26,-0.36,4.09,62.71,66.53,5.34,0.12,-0.23,0.66,3
3579,45.857,1,0.536,0.49,0.27,-0.63,292.59,65.51,27.28,-1.32,0.06,0.03,4.09,-11.6,75.23,67.6,-0.81,-1.01,0.85,3
3580,45.858999999999995,0,0.499,0.49,0.42,-0.58,277.29,80.63,1.66,-0.03,-0.06,0.02,4.09,18.46,2.29,-25.63,-1.0,-0.03,0.11,3
3581,45.863,4,-0.7929999999999999,0.26,-0.09,-0.54,78.49,25.32,-19.89,-0.06,-0.04,0.04,4.09,10.22,-16.63,-10.83,-0.42,-0.35,0.88,3
3582,45.864,6,0.718,-0.19,0.01,0.67,98.15,15.18,-15.19,-0.2,-0.47,0.05,4.09,-23.04,94.6,20.9,0.16,-0.05,1.15,3
3583,45.869,5,-0.601,0.01,-0.16,-0.78,120.58,12.32,13.7,-0.01,0.14,0.03,4.09,21.36,-22.89,10.68,-0.32,0.3,0.97,3
3584,45.871,7,-0.825,-0.01,-0.05,-0.56,82.78,4.51,3.84,-0.05,-0.05,0.03,0.0,-0.61,-17.4,14.04,-0.07,0.12,1.02,3
3585,45.875,1,0.55,0.52,0.28,-0.59,306.92,67.08,39.69,-0.21,-0.3,0.1,4.09,-0.46,-0.92,0.46,-1.12,0.01,0.17,3
3586,45.876000000000005,3,-0.317,-0.06,0.25,-0.91,159.31,-15.29,-25.34,0.05,0.08,-0.01,4.09,106.66,79.35,-74.92,0.19,-0.43,0.94,3
3587,45.968999999999994,2,0.94,0.15,0.07,0.3,49.59,2.06,19.23,0.04,0.16,0.15,4.09,26.55,-7.02,-4.27,-0.08,0.24,1.18,3
3588,45.971000000000004,0,0.479,0.49,0.42,-0.59,263.75,80.9,-9.79,-0.04,-0.0,-0.05,4.09,22.28,2.44,-16.78,-0.93,-0.08,0.18,3
3589,45.975,5,-0.534,-0.01,-0.17,-0.83,129.93,10.19,17.31,0.21,0.74,0.64,4.09,46.08,61.19,121.0,-1.17,0.59,1.28,3
3590,45.977,7,-0.815,-0.01,-0.04,-0.58,84.8,3.13,3.68,-0.06,-0.06,-0.02,0.0,-4.73,-15.87,32.65,-0.02,0.15,0.97,3
3591,45.98,4,-0.802,0.24,-0.08,-0.54,78.24,22.94,-18.85,-0.02,0.02,-0.0,4.09,7.02,-41.5,5.65,-0.39,-0.24,0.89,3
3592,45.982,3,-0.377,-0.03,0.14,-0.91,150.41,-9.63,-13.84,0.18,-0.25,-0.04,4.09,55.08,59.05,-56.46,0.22,-0.58,0.84,3
3593,45.986999999999995,2,0.934,0.17,0.06,0.31,50.45,0.69,21.05,-0.08,-0.03,-0.09,4.09,26.86,0.92,9.31,0.01,0.42,0.84,3
3594,45.989,6,0.691,-0.27,0.05,0.67,97.95,25.57,-18.98,-0.21,-0.63,-0.11,4.09,-45.93,110.93,66.53,0.17,-0.07,1.06,3
3595,46.06100000000001,1,0.5489999999999999,0.52,0.28,-0.59,304.83,67.54,37.0,-0.18,-0.18,-0.09,4.09,-14.8,-5.65,-14.65,-0.93,-0.0,0.17,3
3596,46.063,0,0.46299999999999997,0.5,0.41,-0.6,258.0,80.7,-13.06,-0.06,0.1,0.02,4.09,14.04,5.49,3.97,-0.97,-0.08,0.25,3
3597,46.068000000000005,5,-0.445,0.04,-0.26,-0.86,143.01,17.06,25.52,-0.02,0.58,-0.27,4.09,52.64,137.48,-30.36,-0.62,0.53,0.37,3
3598,46.07,6,0.637,-0.34,0.09,0.69,101.25,35.51,-21.93,-0.33,-0.46,-0.58,4.09,-47.76,56.61,51.12,0.1,0.11,0.72,3
3599,46.074,4,-0.797,0.23,-0.06,-0.56,80.69,20.06,-18.41,0.03,0.04,0.01,4.09,-5.04,-25.33,3.36,-0.35,-0.29,0.89,3
3600,46.076,7,-0.8009999999999999,-0.02,-0.02,-0.6,87.54,0.74,3.57,0.01,0.05,-0.04,0.0,-2.9,-29.6,33.26,-0.06,0.05,0.95,3
3601,46.07899999999999,2,0.9329999999999999,0.18,0.06,0.3,50.12,0.22,22.24,0.07,-0.1,-0.07,4.09,2.75,-32.2,-22.13,0.07,0.37,0.82,3
3602,46.081,3,-0.4,-0.02,0.1,-0.91,147.26,-7.23,-9.98,0.17,-0.13,-0.03,4.09,43.64,10.53,-18.01,0.1,-0.37,0.9,3
3603,46.162,1,0.55,0.51,0.29,-0.6,301.48,67.39,33.06,-0.33,-0.11,-0.06,4.09,-13.89,-19.84,-7.63,-0.94,-0.15,0.31,3
3604,46.163999999999994,0,0.462,0.5,0.4,-0.61,261.12,80.22,-8.63,-0.08,0.14,-0.06,4.09,0.0,-1.68,12.66,-0.88,-0.06,0.31,3
3605,46.169,5,-0.45,0.12,-0.31,-0.83,144.24,28.37,28.0,-0.1,-0.13,-0.24,4.09,-20.75,71.26,-70.95,-0.24,0.37,0.69,3
3606,46.17100000000001,6,0.588,-0.38,0.1,0.71,105.37,40.75,-24.26,-0.6,-0.42,-0.55,4.09,-32.65,3.97,25.02,0.03,0.28,0.82,3
3607,46.175,4,-0.8009999999999999,0.21,-0.05,-0.56,80.85,18.34,-17.85,-0.1,0.01,0.01,4.09,-3.51,-14.5,-1.68,-0.35,-0.26,0.92,3
3608,46.176,7,-0.785,-0.04,0.01,-0.62,90.44,-3.37,3.22,-0.1,0.02,-0.05,0.0,-0.92,-56.46,18.62,0.03,0.14,0.95,3
3609,46.18,2,0.938,0.19,0.04,0.28,47.33,-1.57,22.92,0.01,-0.16,-0.04,4.09,0.15,-24.26,-27.16,0.12,0.55,0.89,3
3610,46.181999999999995,3,-0.406,-0.05,0.09,-0.91,146.44,-9.52,-7.08,0.32,-0.1,-0.14,4.09,13.89,-49.74,24.11,-0.01,-0.42,0.86,3
3611,46.262,1,0.5589999999999999,0.48,0.3,-0.6,297.61,66.39,27.21,-0.25,-0.06,-0.1,4.09,-25.02,-20.14,9.77,-0.88,-0.08,0.36,3
3612,46.263999999999996,0,0.489,0.51,0.38,-0.6,282.56,79.0,11.82,-0.11,0.05,-0.03,4.09,-23.8,-18.46,65.0,-0.94,-0.04,0.25,3
3613,46.268,5,-0.47700000000000004,0.17,-0.29,-0.81,139.9,33.98,22.22,-0.31,-0.2,0.39,4.09,-29.45,16.02,-90.18,-0.48,0.67,1.19,3
3614,46.27,6,0.589,-0.36,0.07,0.72,106.98,36.98,-24.78,-1.68,-0.64,0.95,4.09,-5.19,-42.57,-53.56,-0.73,0.65,2.66,3
3615,46.275,4,-0.805,0.21,-0.04,-0.55,80.41,17.14,-17.79,-0.09,-0.07,-0.0,4.09,-1.98,0.76,-5.95,-0.28,-0.19,0.95,3
3616,46.276,7,-0.7809999999999999,-0.08,0.05,-0.62,90.53,-9.95,3.31,-0.17,0.09,0.23,0.0,-3.36,-69.89,5.95,0.09,0.23,1.23,3
3617,46.28,2,0.9440000000000001,0.2,0.03,0.26,43.95,-2.32,23.88,0.12,0.23,-0.05,4.09,18.62,-17.4,-18.31,0.03,0.16,0.98,3
3618,46.281000000000006,3,-0.379,-0.06,0.09,-0.92,149.85,-10.19,-7.46,-0.13,0.17,-0.08,4.09,-21.21,38.6,-54.02,0.24,0.05,0.79,3
3619,46.354,1,0.58,0.46,0.29,-0.6,297.53,64.08,24.67,-0.31,0.1,-0.08,4.09,-22.43,-13.58,23.35,-0.8,-0.14,0.48,3
3620,46.356,0,0.508,0.51,0.38,-0.58,292.57,78.1,20.05,0.11,-0.24,-0.02,4.09,-21.06,4.88,7.63,-0.99,0.11,-0.05,3
3621,46.36,5,-0.522,0.2,-0.28,-0.78,131.96,37.21,16.05,-0.25,-0.78,-0.35,4.09,-5.19,-14.95,10.68,0.29,0.1,0.98,3
3622,46.361000000000004,6,0.608,-0.34,0.04,0.72,106.49,31.85,-24.69,-0.22,-0.63,-0.14,4.09,20.75,-49.74,-10.53,0.13,-0.29,1.09,3
3623,46.365,4,-0.8079999999999999,0.21,-0.03,-0.55,80.0,16.33,-18.09,-0.01,0.05,0.0,4.09,0.15,-15.41,-3.81,-0.32,-0.3,0.9,3
3624,46.36600000000001,3,-0.376,-0.06,0.11,-0.92,150.44,-11.74,-9.43,0.31,0.1,0.11,4.09,-2.9,-44.1,31.43,-0.06,-0.34,1.2,3
3625,46.371,2,0.946,0.22,0.03,0.23,41.12,-2.99,25.57,0.16,0.21,-0.05,4.09,27.16,-16.48,-18.92,0.09,0.17,0.93,3
3626,46.373000000000005,7,-0.784,-0.1,0.07,-0.61,89.21,-13.91,4.08,0.03,0.26,-0.12,0.0,20.9,3.66,-57.83,0.0,-0.09,0.93,3
3627,46.43600000000001,1,0.608,0.45,0.29,-0.59,301.84,61.52,26.26,-0.19,0.14,0.01,4.09,-16.63,-0.61,24.87,-0.84,0.05,0.56,3
3628,46.438,0,0.528,0.5,0.39,-0.56,300.33,77.83,24.69,0.11,-0.12,0.08,4.09,-33.87,-1.07,11.14,-1.07,0.21,0.05,3
3629,46.464,5,-0.521,0.17,-0.23,-0.8,131.77,31.57,13.02,0.13,-0.3,0.22,4.09,-49.59,-63.32,37.54,-0.68,0.08,1.09,3
3630,46.466,3,-0.359,-0.08,0.12,-0.92,152.66,-13.75,-10.15,0.26,-0.35,-0.19,4.09,-3.81,-39.98,45.62,0.18,-0.57,0.79,3
3631,46.471000000000004,4,-0.81,0.2,-0.02,-0.55,80.39,14.24,-17.93,-0.05,0.02,0.0,4.09,0.31,-21.82,-0.92,-0.3,-0.29,0.92,3
3632,46.472,6,0.628,-0.3,0.01,0.72,105.79,26.95,-23.98,-0.63,-0.29,-0.41,4.09,14.04,-41.96,2.14,0.01,0.28,0.88,3
3633,46.476000000000006,1,0.624,0.45,0.29,-0.57,306.35,60.59,28.9,-0.37,0.07,-0.19,4.09,-7.48,11.44,30.36,-0.79,-0.21,0.47,3
3634,46.478,7,-0.7929999999999999,-0.09,0.06,-0.6,87.93,-11.18,4.19,0.29,0.24,0.1,0.0,-38.15,67.29,21.67,0.07,-0.24,1.12,3
3635,46.534,2,0.9440000000000001,0.26,0.02,0.2,37.48,-3.93,29.55,0.19,0.11,-0.13,4.09,50.81,-35.25,-36.77,0.15,0.29,0.79,3
3636,46.536,0,0.547,0.49,0.41,-0.54,305.61,77.77,26.12,-0.11,-0.05,-0.05,4.09,-33.87,2.29,18.31,-0.95,-0.02,0.14,3
3637,46.558,5,-0.495,0.16,-0.19,-0.83,135.03,26.65,10.24,0.14,0.19,-0.11,4.09,-17.55,-56.3,-14.5,-0.57,0.21,0.78,3
3638,46.56,3,-0.331,-0.1,0.13,-0.93,156.31,-16.06,-10.34,0.16,-0.25,-0.16,4.09,8.7,-23.96,16.78,0.26,-0.45,0.72,3
3639,46.56399999999999,4,-0.8170000000000001,0.18,-0.01,-0.55,80.05,11.85,-16.63,-0.09,-0.01,0.03,4.09,12.05,-18.77,-15.87,-0.26,-0.22,0.96,3
3640,46.565,7,-0.789,-0.02,0.02,-0.61,89.88,-3.45,-0.16,-0.25,0.06,0.12,0.0,-29.6,97.2,25.02,-0.05,0.26,1.14,3
3641,46.662,1,0.611,0.46,0.31,-0.57,305.57,63.96,27.31,-0.44,-0.36,-0.1,4.09,-18.01,33.11,-22.28,-1.04,-0.26,0.05,3
3642,46.663000000000004,0,0.5660000000000001,0.49,0.41,-0.52,314.61,77.28,32.17,-0.15,0.04,-0.09,4.09,-20.75,6.1,24.41,-0.9,-0.03,0.23,3
3643,46.668,2,0.937,0.3,0.02,0.18,33.97,-4.32,34.92,0.16,0.11,0.23,4.09,30.52,-11.14,6.71,0.24,0.54,1.03,3
3644,46.67,7,-0.794,0.04,-0.05,-0.6,88.61,7.24,-0.86,-0.21,-0.08,0.08,0.0,15.41,111.85,-34.18,-0.12,0.18,1.08,3
3645,46.675,5,-0.501,0.14,-0.17,-0.84,134.1,23.5,8.64,0.05,-0.05,0.02,4.09,-15.26,1.53,43.33,-0.39,0.05,0.94,3
3646,46.677,3,-0.305,-0.12,0.14,-0.93,159.73,-17.84,-11.62,0.16,0.06,-0.04,4.09,-9.92,-14.34,17.55,0.13,-0.22,0.94,3
3647,46.772,4,-0.825,0.14,0.01,-0.55,80.16,8.17,-13.97,-0.25,0.26,0.49,4.09,34.64,-44.86,-14.34,-0.8,-0.13,1.45,3
3648,46.773999999999994,6,0.643,-0.2,-0.02,0.74,109.68,15.32,-17.65,-0.43,-0.25,-0.2,4.09,14.19,-30.36,-2.14,0.07,0.11,0.93,3
3649,46.78,1,0.606,0.46,0.32,-0.57,305.7,65.09,27.37,-0.34,-0.08,-0.02,4.09,0.92,6.56,4.73,-0.98,-0.15,0.34,3
3650,46.782,0,0.5820000000000001,0.48,0.42,-0.5,324.0,76.76,39.05,-0.09,0.08,-0.05,4.09,-23.65,9.16,12.97,-0.9,0.05,0.22,3
3651,46.79,5,-0.491,0.13,-0.16,-0.85,135.46,21.81,8.62,-0.01,-0.09,0.02,4.09,3.05,-20.75,-7.93,-0.3,0.08,0.97,3
3652,46.792,7,-0.809,0.09,-0.13,-0.57,84.22,17.94,0.28,0.1,-0.22,-0.24,0.0,22.58,85.14,-42.27,0.04,-0.03,0.75,3
3653,46.798,4,-0.8490000000000001,0.16,-0.02,-0.5,73.75,11.11,-15.15,-0.17,0.69,-0.48,4.09,-15.56,79.8,-1.68,-0.76,-0.52,0.25,3
3654,46.8,3,-0.284,-0.12,0.16,-0.94,162.75,-18.88,-14.65,0.2,-0.06,-0.08,4.09,-29.14,-26.25,43.79,0.15,-0.4,0.86,3
3655,46.865,1,0.612,0.47,0.32,-0.55,309.8,64.9,31.0,-0.13,-0.15,-0.07,4.09,-1.22,-3.97,12.21,-0.92,0.07,0.21,3
3656,46.867,0,0.59,0.48,0.43,-0.49,324.05,76.55,37.32,-0.01,0.14,-0.01,4.09,-14.65,4.73,-4.12,-0.94,0.13,0.32,3
3657,46.873000000000005,5,-0.491,0.12,-0.15,-0.85,135.55,20.42,8.69,0.01,0.04,0.01,4.09,1.83,-29.75,-8.7,-0.38,0.14,0.92,3
3658,46.875,7,-0.81,0.11,-0.17,-0.55,82.56,23.06,0.61,0.2,-0.42,-0.39,0.0,0.76,-19.23,24.57,0.18,-0.03,0.74,3
3659,46.881,4,-0.8190000000000001,0.22,-0.07,-0.53,76.44,20.16,-17.5,0.26,0.6,-0.22,4.09,-43.79,82.86,38.15,-0.65,-0.67,0.42,3
3660,46.883,3,-0.249,-0.12,0.2,-0.94,167.71,-19.19,-19.62,0.15,0.12,-0.09,4.09,-49.59,-24.57,38.15,0.12,-0.28,0.86,3
3661,46.888999999999996,1,0.618,0.47,0.31,-0.55,310.94,63.8,32.25,-0.08,-0.03,-0.01,4.09,3.36,-12.97,-0.46,-0.92,0.15,0.37,3
3662,46.891999999999996,6,0.644,-0.16,-0.04,0.75,111.05,10.56,-15.98,-0.38,-0.31,-0.21,4.09,15.56,-63.17,5.49,0.21,0.09,0.92,3
3663,46.968,5,-0.495,0.1,-0.14,-0.85,135.06,18.68,8.7,0.07,-0.0,0.0,4.09,10.68,-14.19,-5.04,-0.34,0.11,0.93,3
3664,46.97,0,0.588,0.46,0.44,-0.5,314.87,77.1,27.4,-0.24,0.11,-0.12,4.09,2.44,-10.83,-31.89,-0.88,-0.16,0.28,3
3665,46.974,4,-0.7829999999999999,0.27,-0.11,-0.55,78.65,28.23,-20.58,0.32,-0.08,0.16,4.09,-35.1,45.47,82.7,-0.35,-0.62,0.97,3
3666,46.975,7,-0.7979999999999999,0.09,-0.14,-0.58,86.22,19.5,1.42,0.12,0.07,1.03,0.0,8.7,-9.77,14.65,-0.58,-0.04,1.69,3
3667,46.979,2,0.914,0.16,0.07,0.37,57.81,1.12,20.09,0.17,-0.08,0.07,4.09,-88.5,79.5,119.02,0.17,0.34,1.01,3
3668,46.981,3,-0.226,-0.13,0.24,-0.93,171.46,-20.66,-25.21,0.14,-0.18,-0.08,4.09,-62.71,-36.32,22.28,0.26,-0.63,0.7,3
3669,47.068000000000005,1,0.611,0.47,0.3,-0.56,308.01,63.44,30.9,-0.25,0.03,-0.06,4.09,17.09,-9.92,-11.14,-0.86,-0.06,0.44,3
3670,47.07,0,0.5820000000000001,0.45,0.44,-0.52,304.33,77.3,16.77,0.03,-0.19,0.07,4.09,-3.36,-5.19,-21.51,-1.08,0.14,0.08,3
3671,47.075,5,-0.502,0.09,-0.15,-0.85,134.2,17.31,9.48,-0.0,0.02,0.01,4.09,7.78,-13.43,-1.07,-0.31,0.18,0.94,3
3672,47.076,6,0.611,-0.06,-0.09,0.78,118.24,-0.49,-12.7,-0.7,-0.12,0.17,4.09,9.92,-10.68,25.94,0.29,0.36,1.17,3
3673,47.08,4,-0.755,0.29,-0.12,-0.57,82.55,31.6,-20.56,-0.02,-0.9,-0.29,4.09,2.44,-14.8,-62.1,0.38,-0.04,1.1,3
3674,47.082,7,-0.789,0.06,-0.12,-0.6,89.04,15.12,3.42,-0.46,-0.06,0.15,0.0,6.1,-48.37,21.82,-0.39,0.49,1.08,3
3675,47.088,2,0.889,0.09,0.08,0.44,67.27,3.32,13.44,-0.06,-0.14,-0.07,4.09,-58.59,4.73,48.07,0.03,0.32,0.89,3
3676,47.09,3,-0.218,-0.14,0.31,-0.91,174.3,-23.29,-33.32,0.31,-0.11,0.33,4.09,-67.75,-10.38,-1.83,0.28,-1.02,0.97,3
3677,47.159,1,0.605,0.46,0.3,-0.58,304.55,63.01,28.75,-0.34,0.16,-0.08,4.09,-1.68,-12.66,-13.73,-0.8,-0.12,0.58,3
3678,47.161,0,0.569,0.44,0.44,-0.53,295.16,77.64,8.87,-0.16,-0.17,0.03,4.09,15.56,0.0,-21.82,-1.03,-0.09,0.04,3
3679,47.165,5,-0.504,0.08,-0.14,-0.85,134.02,16.02,9.85,0.02,0.01,-0.0,4.09,5.95,-17.4,-0.15,-0.32,0.17,0.94,3
3680,47.166000000000004,6,0.602,-0.08,-0.08,0.79,119.27,1.72,-12.23,-0.76,-0.05,-0.2,4.09,24.57,53.56,-0.61,0.24,0.54,0.92,3
3681,47.17100000000001,4,-0.794,0.28,-0.11,-0.53,75.87,27.93,-21.89,-0.68,-0.93,0.48,4.09,63.17,-2.44,66.22,-0.6,0.52,2.08,3
3682,47.173,7,-0.777,0.03,-0.1,-0.62,91.74,11.76,4.41,-0.01,-0.09,-0.03,0.0,5.34,-29.14,31.59,-0.12,0.12,0.96,3
3683,47.178999999999995,1,0.602,0.45,0.3,-0.59,300.8,62.76,24.88,-0.12,0.05,-0.03,4.09,-3.2,11.9,-2.59,-0.91,0.1,0.44,3
3684,47.181000000000004,3,-0.2,-0.12,0.36,-0.9,176.8,-20.86,-40.39,0.16,0.27,-0.2,4.09,-24.41,34.48,52.8,0.07,-0.36,0.77,3
3685,47.272,2,0.894,0.08,0.07,0.44,66.39,3.53,11.83,-0.29,0.52,0.19,4.09,89.57,19.07,-50.96,-0.62,-0.39,0.89,3
3686,47.273,0,0.556,0.44,0.45,-0.54,287.14,78.15,2.03,0.04,-0.07,-0.03,4.09,11.75,0.92,-18.92,-0.98,0.02,0.14,3
3687,47.277,5,-0.506,0.06,-0.13,-0.85,133.77,13.51,9.99,0.04,-0.12,0.04,4.09,0.76,-30.36,8.24,-0.17,0.08,1.04,3
3688,47.278,6,0.629,-0.1,-0.03,0.77,114.96,7.0,-10.1,-0.3,-0.25,-0.05,4.09,23.96,67.29,-18.77,0.18,0.07,1.01,3
3689,47.282,4,-0.789,0.27,-0.1,-0.55,78.54,26.21,-20.52,0.19,0.08,0.04,4.09,-7.78,-37.54,23.8,-0.44,-0.54,0.79,3
3690,47.284,7,-0.768,0.01,-0.09,-0.63,93.6,8.95,5.3,-0.02,-0.1,0.01,0.0,4.12,-26.25,7.78,-0.04,0.11,1.03,3
3691,47.288000000000004,2,0.892,0.12,0.1,0.43,65.84,4.37,16.9,0.04,-0.34,-0.0,4.09,12.97,-39.37,-57.07,0.07,0.39,0.95,3
3692,47.29,3,-0.21100000000000002,-0.08,0.33,-0.92,173.57,-16.36,-36.57,0.2,-0.13,-0.11,4.09,70.34,56.92,-1.68,0.11,-0.68,0.61,3
3693,47.383,1,0.615,0.48,0.3,-0.55,312.58,63.63,35.1,0.14,-0.22,0.03,4.09,1.07,41.05,35.25,-1.05,0.44,0.07,3
3694,47.385,6,0.623,-0.15,0.01,0.77,114.65,14.51,-10.13,-0.32,-0.34,-0.0,4.09,-6.1,86.82,36.32,0.13,0.06,1.08,3
3695,47.39,5,-0.491,0.03,-0.13,-0.86,135.74,10.7,11.12,0.29,0.22,0.4,4.09,23.96,-8.7,82.7,-0.67,0.1,1.37,3
3696,47.391000000000005,0,0.539,0.44,0.46,-0.55,274.54,78.68,-9.85,0.02,-0.06,-0.02,4.09,2.29,5.19,-27.47,-0.98,-0.01,0.13,3
3697,47.395,4,-0.7929999999999999,0.25,-0.09,-0.55,79.23,24.61,-18.85,-0.11,0.02,-0.01,4.09,3.36,-17.85,-5.8,-0.5,-0.28,0.83,3
3698,47.397,7,-0.757,-0.0,-0.07,-0.65,95.52,6.34,5.8,0.01,-0.0,-0.02,0.0,0.46,-23.96,27.62,-0.09,0.1,0.98,3
3699,47.401,2,0.8959999999999999,0.14,0.1,0.41,63.85,3.79,19.64,-0.06,-0.28,-0.06,4.09,22.43,-16.48,-9.16,0.12,0.53,0.82,3
3700,47.403,3,-0.21600000000000003,-0.06,0.24,-0.95,171.15,-12.14,-25.87,0.32,-0.3,0.09,4.09,108.49,29.3,21.67,0.06,-0.84,0.81,3
3701,47.472,1,0.622,0.48,0.31,-0.53,318.31,64.55,38.89,-0.1,-0.13,0.09,4.09,-25.94,5.95,-11.6,-1.03,0.18,0.26,3
3702,47.474,0,0.53,0.44,0.47,-0.55,265.52,79.51,-19.4,0.02,0.02,-0.05,4.09,-13.58,12.21,-2.14,-0.95,-0.02,0.18,3
3703,47.477,5,-0.42,0.04,-0.18,-0.89,145.44,13.13,16.75,0.89,0.56,-0.24,4.09,31.43,99.18,79.8,-1.04,-0.05,0.52,3
3704,47.479,6,0.594,-0.21,0.05,0.77,116.79,22.98,-11.16,-0.25,-0.46,-0.09,4.09,-29.45,96.28,43.18,0.11,-0.06,1.02,3
3705,47.483000000000004,4,-0.7959999999999999,0.23,-0.08,-0.55,80.03,22.75,-17.93,-0.02,-0.02,0.01,4.09,14.95,-4.43,-12.21,-0.38,-0.25,0.9,3
3706,47.483999999999995,7,-0.74,-0.02,-0.06,-0.67,98.57,3.72,6.32,-0.04,-0.07,-0.01,0.0,4.73,-22.89,25.79,-0.0,0.18,0.97,3
3707,47.489,1,0.617,0.48,0.33,-0.53,315.88,66.28,35.33,-0.24,-0.17,-0.13,4.09,-10.83,-2.59,-18.62,-0.91,-0.07,0.18,3
3708,47.49100000000001,3,-0.217,-0.06,0.17,-0.96,170.28,-10.47,-18.18,0.0,-0.02,-0.35,4.09,14.65,0.0,-21.06,0.11,-0.25,0.59,3
3709,47.562,2,0.904,0.16,0.09,0.39,60.79,2.46,20.92,0.01,0.09,0.09,4.09,14.5,-9.46,-17.55,-0.09,0.31,1.02,3
3710,47.56399999999999,0,0.524,0.43,0.49,-0.55,257.69,80.07,-28.07,0.03,0.01,-0.02,4.09,-11.29,13.12,-16.48,-0.98,-0.05,0.15,3
3711,47.568000000000005,5,-0.386,0.12,-0.2,-0.89,150.46,21.62,16.42,0.32,0.19,-0.37,4.09,-76.29,115.05,46.69,-0.52,0.09,0.48,3
3712,47.57,6,0.546,-0.27,0.06,0.79,121.08,29.62,-13.94,-0.39,-0.42,-0.28,4.09,-50.66,69.58,61.65,0.09,0.06,0.91,3
3713,47.574,4,-0.8,0.22,-0.08,-0.55,80.04,21.55,-17.15,-0.03,-0.01,0.0,4.09,1.53,-20.6,4.88,-0.38,-0.27,0.9,3
3714,47.576,7,-0.727,-0.04,-0.05,-0.68,100.62,0.9,6.87,0.07,-0.01,-0.03,0.0,0.15,-24.57,26.7,0.01,0.05,0.96,3
3715,47.57899999999999,1,0.619,0.46,0.35,-0.54,312.12,66.85,29.74,-0.26,-0.11,-0.04,4.09,-27.92,-11.6,-1.07,-0.97,-0.06,0.24,3
3716,47.581,3,-0.23800000000000002,-0.07,0.15,-0.96,167.71,-12.21,-15.49,0.38,-0.65,0.43,4.09,2.14,-33.26,-2.44,0.27,-1.28,1.15,3
3717,47.681999999999995,2,0.904,0.17,0.09,0.38,60.02,2.24,22.44,0.13,-0.01,0.02,4.09,10.22,-14.95,-23.96,0.03,0.26,1.01,3
3718,47.684,0,0.53,0.43,0.5,-0.54,258.73,80.84,-28.62,0.07,-0.02,-0.04,4.09,-24.87,-4.73,21.36,-0.95,-0.02,0.14,3
3719,47.68899999999999,5,-0.315,0.22,-0.16,-0.91,158.58,30.08,9.95,-0.47,0.05,0.09,4.09,-115.81,75.99,51.57,-0.19,0.54,1.06,3
3720,47.69,6,0.49200000000000005,-0.33,0.06,0.8,125.69,36.18,-16.37,-0.58,-0.3,-0.56,4.09,-37.69,26.7,44.71,0.14,0.27,0.73,3
3721,47.693999999999996,1,0.63,0.44,0.36,-0.53,309.91,66.31,25.07,-0.22,0.01,-0.05,4.09,-22.58,-14.65,2.75,-0.9,-0.06,0.37,3
3722,47.696000000000005,7,-0.706,-0.06,-0.03,-0.71,103.87,-2.31,7.04,-0.07,-0.04,-0.03,0.0,3.2,-32.2,16.33,0.08,0.18,0.94,3
3723,47.699,2,0.9059999999999999,0.18,0.09,0.37,59.23,2.01,23.28,0.16,0.14,-0.2,4.09,37.54,10.53,24.11,-0.02,0.19,0.81,3
3724,47.701,3,-0.213,-0.08,0.17,-0.96,170.96,-12.99,-17.27,0.27,-0.01,0.1,4.09,-8.24,-1.68,-13.43,0.06,-0.52,0.96,3
3725,47.778999999999996,5,-0.19,0.25,-0.14,-0.94,174.32,31.84,10.99,-0.71,-0.18,0.16,4.09,18.31,4.58,186.92,-0.0,0.22,1.27,3
3726,47.781000000000006,0,0.565,0.43,0.49,-0.51,286.94,80.95,-3.58,-0.05,0.08,-0.05,4.09,-43.33,-18.16,89.42,-0.91,-0.06,0.23,3
3727,47.787,2,0.8959999999999999,0.2,0.11,0.38,60.5,2.2,26.59,0.17,-0.11,-0.02,4.09,33.42,-2.9,-12.21,0.11,0.37,0.89,3
3728,47.788000000000004,6,0.45899999999999996,-0.34,0.05,0.82,129.72,37.31,-17.02,-0.52,-0.16,-1.17,4.09,-5.49,-79.19,8.54,0.42,0.42,0.56,3
3729,47.794,1,0.64,0.42,0.36,-0.53,308.11,65.49,21.1,-0.27,0.0,-0.03,4.09,-30.67,-16.63,9.61,-0.92,-0.1,0.39,3
3730,47.795,7,-0.6940000000000001,-0.08,-0.01,-0.71,105.32,-6.36,7.34,-0.1,0.05,-0.01,0.0,-2.14,-47.15,15.26,0.04,0.24,1.01,3
3731,47.799,5,-0.131,0.22,-0.15,-0.95,182.07,27.66,14.53,0.53,0.28,1.45,4.09,-64.7,-15.26,-55.69,-1.81,0.85,1.91,3
3732,47.806999999999995,3,-0.19,-0.1,0.16,-0.96,173.86,-14.69,-16.46,0.31,-0.19,-0.07,4.09,27.16,-36.77,52.34,0.01,-0.53,0.85,3
3733,47.873000000000005,2,0.893,0.22,0.12,0.37,60.01,2.55,28.99,0.21,0.14,0.02,4.09,16.17,3.05,1.98,-0.0,0.28,1.01,3
3734,47.875,0,0.616,0.42,0.48,-0.46,319.93,78.57,23.65,0.13,-0.21,0.11,4.09,-45.78,2.14,38.6,-1.1,0.24,-0.03,3
3735,47.879,1,0.6629999999999999,0.39,0.37,-0.52,309.3,63.72,18.48,-0.21,0.03,-0.07,4.09,-28.69,-16.02,23.5,-0.85,-0.11,0.37,3
3736,47.881,6,0.47,-0.31,0.03,0.83,129.71,32.64,-17.19,-0.69,-0.09,-0.54,4.09,5.8,-42.72,-17.24,0.03,0.36,0.74,3
3737,47.88399999999999,5,-0.127,0.22,-0.14,-0.96,182.23,26.79,13.86,-0.04,0.06,0.01,4.09,-0.15,-32.81,-18.77,-0.41,0.25,0.88,3
3738,47.886,7,-0.6809999999999999,-0.11,0.02,-0.72,106.82,-10.81,7.04,-0.0,0.13,0.2,0.0,-1.22,-15.41,-12.21,0.09,0.12,1.2,3
3739,47.891000000000005,1,0.6890000000000001,0.38,0.36,-0.5,314.7,61.19,21.02,-0.28,0.12,-0.09,4.09,-21.21,-5.95,45.47,-0.8,-0.16,0.48,3
3740,47.891999999999996,3,-0.152,-0.12,0.15,-0.97,178.48,-16.19,-15.86,0.21,-0.07,-0.15,4.09,12.36,-41.96,52.8,0.07,-0.33,0.85,3
3741,47.964,2,0.888,0.24,0.13,0.37,60.13,2.55,31.36,0.28,0.09,-0.06,4.09,34.33,-1.37,-9.77,0.07,0.27,0.94,3
3742,47.966,0,0.643,0.41,0.49,-0.42,331.84,77.71,29.98,-0.1,-0.15,0.09,4.09,-53.56,-4.12,19.23,-1.09,0.1,0.03,3
3743,47.97,5,-0.131,0.2,-0.12,-0.96,181.01,24.28,11.28,0.02,0.02,0.01,4.09,-35.1,-13.89,10.99,-0.45,0.19,0.9,3
3744,47.972,6,0.484,-0.28,0.01,0.83,129.25,28.38,-16.8,-0.25,-0.49,-0.04,4.09,5.19,-35.86,23.04,0.06,-0.17,1.02,3
3745,47.976000000000006,4,-0.802,0.11,-0.06,-0.58,85.43,12.57,-6.5,0.03,0.01,0.01,4.09,57.83,-16.02,2.14,-0.22,-0.14,0.98,3
3746,47.978,7,-0.677,-0.11,0.03,-0.73,107.58,-10.97,6.38,0.21,0.11,0.15,0.0,-7.78,32.5,18.46,0.08,-0.11,1.11,3
3747,47.981,2,0.883,0.27,0.13,0.36,59.0,2.01,35.06,0.11,0.05,-0.06,4.09,62.56,-23.8,27.31,0.0,0.48,0.83,3
3748,47.983000000000004,3,-0.11599999999999999,-0.14,0.15,-0.97,182.85,-17.62,-15.3,0.02,-0.19,-0.06,4.09,38.45,-24.57,38.15,0.31,-0.43,0.8,3
3749,48.071000000000005,1,0.7070000000000001,0.37,0.37,-0.47,319.25,60.97,21.81,0.8,0.11,0.44,4.09,-22.13,51.27,-40.13,-0.9,0.53,0.56,3
3750,48.073,0,0.667,0.38,0.51,-0.39,334.67,76.86,27.25,-0.07,-0.07,-0.13,4.09,-47.91,-12.51,-4.27,-0.86,0.05,0.1,3
3751,48.077,5,-0.11699999999999999,0.19,-0.1,-0.97,182.14,22.75,9.02,-0.03,0.02,0.03,4.09,-11.6,-14.19,-2.29,-0.39,0.16,0.92,3
3752,48.07899999999999,6,0.47200000000000003,-0.25,0.01,0.84,132.24,25.59,-14.69,-0.57,-0.17,-0.16,4.09,7.17,-27.92,-2.14,0.01,0.16,1.0,3
3753,48.083,4,-0.8059999999999999,0.05,-0.07,-0.58,85.98,10.44,-0.19,-0.05,0.04,0.12,4.09,54.93,-28.84,17.4,-0.26,0.05,1.1,3
3754,48.085,7,-0.674,-0.07,0.01,-0.74,108.84,-6.64,4.06,0.16,0.16,-0.11,0.0,-32.2,55.39,25.63,-0.04,-0.06,0.92,3
3755,48.089,2,0.8490000000000001,0.32,0.14,0.4,63.73,-1.03,41.0,0.12,0.02,0.27,4.09,66.07,25.33,60.42,0.07,0.79,1.04,3
3756,48.091,3,-0.057999999999999996,-0.18,0.13,-0.97,189.86,-20.85,-13.95,0.36,-0.17,-0.06,4.09,13.28,-22.43,24.72,0.05,-0.46,0.9,3
3757,48.191,1,0.703,0.37,0.4,-0.46,319.99,63.74,20.15,-0.15,-0.17,0.03,4.09,-23.65,7.17,10.83,-1.02,0.06,0.26,3
3758,48.193000000000005,0,0.6829999999999999,0.35,0.52,-0.38,333.96,76.4,22.34,-0.05,-0.02,-0.07,4.09,-39.06,1.98,10.07,-0.91,0.04,0.16,3
3759,48.196000000000005,5,-0.11199999999999999,0.18,-0.09,-0.97,182.53,21.4,8.49,0.03,0.04,0.0,4.09,-11.29,-21.36,-2.29,-0.38,0.22,0.91,3
3760,48.198,6,0.485,-0.23,-0.0,0.84,131.27,22.71,-14.42,-0.41,-0.35,-0.15,4.09,11.75,-25.18,0.15,0.13,-0.02,0.99,3
3761,48.202,4,-0.8270000000000001,0.03,-0.07,-0.56,82.03,8.49,1.95,0.3,0.69,0.18,4.09,-28.38,36.62,-156.71,-0.69,-0.49,1.07,3
3762,48.20399999999999,7,-0.653,-0.01,-0.01,-0.76,112.48,-0.05,1.05,-0.16,0.11,0.27,0.0,-20.6,110.02,22.58,-0.14,0.24,1.25,3
3763,48.208999999999996,2,0.8320000000000001,0.35,0.16,0.4,65.18,-1.1,44.84,0.25,0.06,-0.17,4.09,-21.82,4.12,-18.46,0.03,0.37,0.76,3
3764,48.21,3,-0.022000000000000002,-0.19,0.13,-0.97,194.45,-22.35,-14.89,0.28,0.03,-0.01,4.09,9.77,-32.96,28.53,0.12,-0.23,0.98,3
3765,48.268,1,0.7140000000000001,0.37,0.4,-0.44,324.41,63.6,22.28,-0.08,-0.2,-0.07,4.09,-8.39,-2.9,9.0,-0.92,0.16,0.18,3
3766,48.271,0,0.693,0.33,0.53,-0.36,336.62,76.61,21.66,-0.02,0.03,-0.07,4.09,-26.4,4.73,5.04,-0.91,0.04,0.22,3
3767,48.275,5,-0.10099999999999999,0.17,-0.07,-0.98,183.51,19.91,6.79,0.04,-0.03,0.0,4.09,-12.21,-12.66,16.02,-0.37,0.08,0.93,3
3768,48.277,6,0.47700000000000004,-0.19,-0.01,0.86,133.89,19.04,-12.04,-0.53,-0.1,-0.16,4.09,11.14,-21.21,3.2,0.04,0.22,0.96,3
3769,48.281000000000006,4,-0.855,0.09,-0.1,-0.5,74.32,15.35,-3.23,1.0,0.64,-0.42,4.09,-99.49,23.96,149.69,-0.29,-1.15,0.5,3
3770,48.282,7,-0.648,0.09,-0.07,-0.75,112.57,12.65,-0.35,-0.16,-0.13,0.06,0.0,-0.31,108.8,-19.68,-0.07,0.13,1.07,3
3771,48.286,2,0.84,0.3,0.16,0.42,67.73,1.04,39.79,0.31,0.19,-0.39,4.09,-73.39,76.9,76.14,0.02,0.09,0.71,3
3772,48.288000000000004,3,0.013000000000000001,-0.22,0.13,-0.97,199.29,-24.53,-16.71,0.14,0.12,-0.03,4.09,3.2,-39.06,40.28,0.25,-0.13,0.97,3
3773,48.38,1,0.7170000000000001,0.36,0.4,-0.44,323.66,63.04,21.22,-0.22,-0.04,-0.01,4.09,-6.56,-11.44,1.22,-0.96,-0.05,0.32,3
3774,48.382,0,0.7,0.32,0.54,-0.34,338.39,76.68,20.85,-0.05,0.2,-0.08,4.09,-28.84,7.32,13.12,-0.88,-0.05,0.35,3
3775,48.386,5,-0.10300000000000001,0.15,-0.08,-0.98,183.3,18.6,7.46,0.02,0.04,0.0,4.09,6.71,-11.75,2.14,-0.36,0.16,0.93,3
3776,48.388000000000005,6,0.48200000000000004,-0.16,-0.02,0.86,134.19,14.76,-10.59,-0.4,-0.12,-0.19,4.09,13.89,-36.47,-2.44,0.1,0.13,0.9,3
3777,48.393,4,-0.762,0.19,-0.07,-0.62,89.82,19.99,-12.05,0.47,0.06,-0.04,4.09,-148.93,43.49,144.65,-0.27,-0.64,0.81,3
3778,48.395,7,-0.65,0.15,-0.13,-0.73,110.87,22.73,-0.54,-0.14,-0.33,-0.53,0.0,10.07,74.77,-9.0,0.15,0.11,0.51,3
3779,48.398,1,0.7240000000000001,0.35,0.4,-0.44,323.77,62.5,19.96,-0.1,-0.07,-0.04,4.09,-11.6,-18.62,3.97,-0.91,0.08,0.37,3
3780,48.4,3,0.049,-0.24,0.14,-0.96,204.55,-26.37,-19.5,0.11,0.05,-0.04,4.09,-25.48,-29.3,55.69,0.33,-0.23,0.88,3
3781,48.471000000000004,2,0.799,0.22,0.16,0.54,82.07,1.17,31.54,0.12,-0.11,-0.03,4.09,-115.66,93.38,112.61,0.14,0.45,0.87,3
3782,48.473,0,0.708,0.3,0.54,-0.33,337.59,76.54,17.37,0.0,0.28,-0.11,4.09,-28.53,0.76,3.36,-0.78,-0.04,0.43,3
3783,48.477,5,-0.105,0.14,-0.09,-0.98,183.11,17.05,8.55,0.01,0.04,0.01,4.09,14.04,-10.07,0.92,-0.32,0.19,0.94,3
3784,48.479,6,0.478,-0.11,-0.03,0.87,135.84,9.36,-8.9,-0.34,-0.15,-0.11,4.09,14.5,-61.34,21.51,0.19,0.08,0.95,3
3785,48.482,4,-0.664,0.28,-0.04,-0.69,101.62,26.14,-20.58,-0.04,-0.43,0.24,4.09,-112.61,17.85,136.87,-0.08,-0.39,1.33,3
3786,48.483999999999995,7,-0.644,0.15,-0.14,-0.74,111.79,24.04,0.81,-0.18,-0.43,-0.2,0.0,19.99,-40.13,19.23,0.09,0.13,0.93,3
3787,48.489,1,0.732,0.34,0.39,-0.44,321.84,60.64,17.49,-0.16,0.11,-0.06,4.09,-7.02,-16.78,-6.1,-0.82,-0.04,0.47,3
3788,48.49100000000001,3,0.094,-0.26,0.17,-0.95,211.5,-27.14,-24.82,0.24,0.02,-0.17,4.09,-51.88,-29.75,72.02,0.19,-0.29,0.82,3
3789,48.603,2,0.747,0.12,0.15,0.64,95.67,3.57,21.77,0.04,0.25,-0.18,4.09,-92.77,25.18,29.6,-0.3,0.14,0.81,3
3790,48.605,0,0.7090000000000001,0.28,0.55,-0.34,325.12,76.12,3.36,-0.29,0.2,0.0,4.09,10.53,-12.82,-36.93,-0.99,-0.35,0.23,3
3791,48.608999999999995,5,-0.10400000000000001,0.13,-0.09,-0.98,183.2,15.81,8.9,-0.0,-0.06,0.01,4.09,6.56,-11.9,1.22,-0.26,0.1,0.97,3
3792,48.611000000000004,7,-0.63,0.12,-0.13,-0.76,115.01,20.08,2.88,0.09,-0.21,-0.45,0.0,29.45,-62.41,29.45,-0.01,-0.09,0.54,3
3793,48.615,4,-0.5489999999999999,0.33,-0.02,-0.77,116.25,31.73,-23.3,-0.59,-0.44,-0.54,4.09,-52.34,-12.36,68.51,0.23,0.18,0.8,3
3794,48.61600000000001,3,0.11599999999999999,-0.28,0.23,-0.92,216.96,-28.19,-33.5,0.14,-0.17,0.14,4.09,-79.5,-2.14,-18.92,0.36,-0.75,0.89,3
3795,48.62,2,0.718,0.08,0.11,0.68,101.52,3.21,15.35,0.12,0.04,-0.23,4.09,-62.1,-4.27,53.25,-0.01,0.06,0.74,3
3796,48.622,6,0.45299999999999996,-0.05,-0.04,0.89,139.8,3.48,-7.05,-0.45,-0.25,0.06,4.09,29.45,-45.47,18.01,0.41,0.05,1.02,3
3797,48.692,1,0.74,0.32,0.38,-0.45,318.74,58.53,13.6,-0.02,0.19,0.04,4.09,-8.7,-8.7,-15.87,-0.82,0.03,0.68,3
3798,48.693999999999996,0,0.7070000000000001,0.27,0.55,-0.35,319.11,75.78,-2.77,0.1,-0.32,0.13,4.09,9.61,5.65,-19.84,-1.15,0.26,0.09,3
3799,48.698,5,-0.10099999999999999,0.12,-0.09,-0.98,183.45,14.74,9.01,0.05,0.04,0.01,4.09,-5.8,-19.99,3.05,-0.3,0.18,0.95,3
3800,48.699,6,0.436,-0.02,-0.04,0.9,142.28,0.4,-5.65,-0.41,-0.02,-0.22,4.09,14.8,-45.17,22.58,0.33,0.35,1.34,3
3801,48.703,4,-0.542,0.29,-0.01,-0.79,120.31,27.41,-19.59,-1.41,-0.36,0.91,4.09,85.91,-36.01,48.07,-0.62,0.32,2.63,3
3802,48.706,7,-0.605,0.08,-0.12,-0.78,119.33,15.73,4.99,-0.16,-0.02,0.15,0.0,4.73,-36.77,31.59,-0.12,0.07,1.06,3
3803,48.71,2,0.7190000000000001,0.08,0.09,0.68,101.24,0.74,13.77,0.29,1.39,0.49,4.09,89.87,48.07,-85.91,-1.01,-1.09,0.93,3
3804,48.711999999999996,3,0.106,-0.31,0.27,-0.9,218.67,-30.05,-40.28,0.46,-0.4,0.69,4.09,-59.36,-18.01,40.28,0.34,-1.3,1.22,3
3805,48.781000000000006,1,0.736,0.32,0.39,-0.45,319.71,60.07,14.26,-0.34,-0.26,0.47,4.09,1.98,47.3,37.99,-1.44,-0.09,0.39,3
3806,48.783,0,0.693,0.27,0.56,-0.37,310.38,76.11,-9.42,-0.24,-0.11,-0.08,4.09,25.18,4.58,-20.45,-0.93,-0.09,-0.02,3
3807,48.788999999999994,5,-0.099,0.1,-0.09,-0.99,183.62,12.79,8.86,-0.04,-0.15,-0.01,4.09,13.28,-15.26,9.31,-0.26,0.06,0.96,3
3808,48.79,6,0.425,-0.06,-0.03,0.9,143.48,4.52,-5.59,-0.64,0.2,-0.1,4.09,28.38,78.43,2.29,0.2,0.51,1.01,3
3809,48.79600000000001,4,-0.531,0.26,-0.0,-0.81,123.52,24.71,-17.42,0.13,-0.21,0.0,4.09,-15.72,-44.56,42.72,-0.21,-0.51,0.89,3
3810,48.798,7,-0.579,0.06,-0.11,-0.81,123.41,12.59,6.6,-0.12,-0.06,-0.01,0.0,9.92,-26.86,17.09,-0.13,0.19,0.96,3
3811,48.803999999999995,1,0.738,0.35,0.41,-0.4,332.42,63.21,24.6,-0.24,-0.32,0.05,4.09,-10.83,28.23,18.16,-1.12,0.05,0.11,3
3812,48.806000000000004,3,0.124,-0.29,0.31,-0.9,220.7,-26.03,-44.79,0.54,0.27,-0.44,4.09,30.82,80.57,12.05,-0.09,-0.2,0.79,3
3813,48.895,2,0.725,0.1,0.13,0.67,99.88,2.97,18.95,-0.14,-0.3,-0.1,4.09,23.8,-71.56,-79.65,-0.0,0.31,0.96,3
3814,48.897,0,0.6759999999999999,0.28,0.56,-0.4,300.83,76.27,-15.72,-0.06,-0.06,-0.1,4.09,33.57,5.34,-22.58,-0.89,-0.06,0.13,3
3815,48.9,5,-0.084,0.08,-0.09,-0.99,185.29,10.4,10.02,0.96,-0.17,0.79,4.09,9.0,34.03,117.49,-1.38,0.19,1.68,3
3816,48.902,6,0.441,-0.13,0.02,0.89,140.57,14.51,-4.81,-0.2,-0.24,-0.09,4.09,10.68,115.81,-14.5,0.07,-0.07,0.95,3
3817,48.906000000000006,4,-0.539,0.25,-0.0,-0.81,122.99,23.7,-16.33,0.07,0.16,-0.0,4.09,-11.75,-31.59,13.28,-0.55,-0.28,0.81,3
3818,48.908,7,-0.5720000000000001,0.04,-0.1,-0.81,124.51,10.45,7.4,-0.05,-0.1,0.03,0.0,1.83,-20.14,7.17,-0.08,0.14,1.03,3
3819,48.912,1,0.743,0.34,0.43,-0.39,333.87,63.79,23.83,-0.14,-0.24,0.02,4.09,-36.16,-3.05,-26.55,-1.02,0.14,0.18,3
3820,48.913000000000004,3,0.084,-0.21,0.27,-0.94,210.89,-20.21,-35.63,0.11,0.09,-0.23,4.09,78.43,108.49,-73.85,0.22,-0.44,0.68,3
3821,48.951,5,0.033,0.14,-0.12,-0.98,200.06,15.85,15.29,0.31,0.29,-0.53,4.09,9.46,84.69,-11.29,-0.3,0.58,0.2,3
3822,48.953,0,0.657,0.28,0.56,-0.42,290.14,76.26,-23.59,0.05,0.01,0.0,4.09,19.53,7.02,-16.78,-0.95,-0.06,0.26,3
3823,48.985,4,-0.524,0.23,0.01,-0.82,125.76,21.27,-16.25,-0.05,0.01,-0.01,4.09,3.97,0.0,-16.02,-0.4,-0.21,0.89,3
3824,48.986999999999995,3,0.032,-0.15,0.21,-0.97,201.57,-16.3,-25.24,0.22,-0.32,0.08,4.09,74.46,44.86,-19.68,0.04,-0.72,0.9,3
3825,48.992,1,0.737,0.32,0.44,-0.4,327.6,65.26,16.11,-0.3,-0.15,-0.14,4.09,-12.05,-14.19,-36.47,-0.9,-0.14,0.13,3
3826,48.993,7,-0.5539999999999999,0.03,-0.1,-0.83,126.98,8.9,7.27,0.04,-0.03,-0.0,0.0,-9.92,-12.97,55.24,-0.13,0.08,0.98,3
3827,49.086999999999996,2,0.754,0.16,0.11,0.63,93.15,-1.58,22.61,0.1,0.01,-0.04,4.09,0.61,-9.61,-6.26,0.05,0.29,0.89,3
3828,49.089,0,0.647,0.29,0.56,-0.43,286.44,76.55,-25.3,-0.02,0.01,0.02,4.09,11.9,3.97,10.22,-0.98,-0.07,0.21,3
3829,49.093999999999994,5,-0.03,0.21,-0.12,-0.97,193.64,24.11,14.34,0.02,0.4,-0.25,4.09,6.87,58.75,-100.4,-0.33,0.56,0.56,3
3830,49.096000000000004,6,0.337,-0.29,0.06,0.89,150.78,34.44,-6.22,-0.58,-0.35,-0.27,4.09,-53.86,70.65,90.03,0.16,0.05,0.98,3
3831,49.1,4,-0.527,0.22,0.02,-0.82,125.68,19.94,-16.4,-0.04,-0.02,0.02,4.09,-7.48,-3.36,-4.12,-0.3,-0.26,0.92,3
3832,49.102,7,-0.509,0.02,-0.08,-0.86,132.99,6.34,6.64,0.03,-0.12,-0.11,0.0,-10.68,-30.21,58.14,-0.03,0.03,0.91,3
3833,49.106,1,0.748,0.29,0.44,-0.4,324.28,63.32,10.79,-0.4,0.07,-0.12,4.09,-37.23,-26.86,19.23,-0.89,-0.27,0.29,3
3834,49.108000000000004,3,0.011000000000000001,-0.13,0.16,-0.98,197.82,-14.47,-19.63,0.16,-0.18,-0.16,4.09,14.8,23.19,-57.37,0.04,-0.49,0.74,3
3835,49.185,2,0.763,0.17,0.11,0.61,91.33,-2.18,22.89,0.26,-0.05,0.08,4.09,-1.07,-16.78,-33.11,0.15,0.17,1.05,3
3836,49.18600000000001,0,0.649,0.3,0.55,-0.43,290.61,77.16,-20.9,0.04,0.05,0.0,4.09,-9.46,2.59,15.56,-0.97,-0.07,0.27,3
3837,49.191,5,-0.083,0.26,-0.11,-0.96,187.15,30.73,10.8,-0.5,0.14,0.16,4.09,-10.38,49.29,-38.15,-0.19,0.42,1.21,3
3838,49.193000000000005,6,0.256,-0.34,0.04,0.91,159.94,38.98,-7.15,-0.68,-0.1,-0.32,4.09,-56.3,43.18,67.14,0.07,0.28,0.94,3
3839,49.196999999999996,4,-0.531,0.22,0.02,-0.82,125.3,19.27,-16.67,0.05,0.0,0.0,4.09,0.92,3.66,-7.48,-0.36,-0.32,0.88,3
3840,49.199,7,-0.48,-0.0,-0.06,-0.88,136.7,2.62,5.92,0.03,-0.1,-0.07,0.0,-11.14,-46.69,18.77,0.06,0.02,0.94,3
3841,49.208,1,0.7809999999999999,0.26,0.43,-0.37,329.07,59.85,10.16,-0.11,0.08,-0.01,4.09,-47.3,-19.84,48.07,-0.86,-0.04,0.49,3
3842,49.21,3,0.002,-0.13,0.16,-0.98,196.69,-14.47,-18.58,0.26,-0.26,-0.01,4.09,13.73,-28.69,16.17,-0.02,-0.54,0.89,3
3843,49.29600000000001,2,0.779,0.18,0.1,0.59,87.75,-3.32,23.85,0.19,0.13,-0.01,4.09,27.62,-10.68,-22.89,-0.01,0.18,1.06,3
3844,49.298,0,0.6629999999999999,0.31,0.55,-0.4,303.05,78.38,-10.77,0.2,-0.1,-0.04,4.09,-34.03,5.95,43.64,-0.94,0.2,0.21,3
3845,49.301,5,-0.099,0.28,-0.1,-0.95,185.07,33.15,9.85,-0.43,-0.22,0.02,4.09,10.38,-12.21,-54.63,-0.19,0.0,1.07,3
3846,49.303000000000004,6,0.205,-0.34,0.03,0.92,166.3,39.75,-6.95,-0.55,0.29,-0.92,4.09,-12.51,-17.7,7.02,0.19,0.35,0.05,3
3847,49.308,4,-0.534,0.22,0.03,-0.82,124.63,19.55,-17.28,-0.07,0.04,0.0,4.09,-6.71,-7.17,-1.53,-0.34,-0.21,0.92,3
3848,49.31,7,-0.465,-0.04,-0.03,-0.88,138.42,-2.11,4.86,-0.01,-0.04,-0.09,0.0,-12.82,-49.44,10.38,0.09,0.02,0.9,3
3849,49.31399999999999,1,0.812,0.24,0.42,-0.33,337.03,56.68,13.01,-0.16,0.08,-0.02,4.09,-32.81,-26.55,46.84,-0.86,-0.05,0.5,3
3850,49.315,3,0.023,-0.15,0.15,-0.98,199.33,-16.31,-17.82,0.3,-0.05,-0.39,4.09,25.18,-32.65,-7.93,-0.11,-0.27,0.61,3
3851,49.388999999999996,2,0.7879999999999999,0.2,0.11,0.57,85.4,-3.47,25.79,0.22,0.08,-0.04,4.09,25.02,-14.65,-8.54,0.02,0.23,0.92,3
3852,49.391000000000005,0,0.68,0.3,0.56,-0.36,316.35,79.09,-1.8,-0.47,0.03,0.05,4.09,-35.25,-3.51,22.58,-0.96,-0.33,-0.05,3
3853,49.395,5,-0.132,0.26,-0.09,-0.95,180.08,31.35,6.6,-0.3,-0.34,-0.06,4.09,-22.13,-30.82,29.14,-0.26,-0.15,1.06,3
3854,49.396,6,0.222,-0.31,-0.01,0.92,163.69,35.04,-10.53,-0.63,0.0,-0.35,4.09,-7.93,-38.6,-19.07,0.03,0.14,0.89,3
3855,49.4,4,-0.5329999999999999,0.21,0.04,-0.82,125.22,17.84,-17.22,0.02,0.05,0.01,4.09,-6.56,-28.08,6.1,-0.34,-0.26,0.91,3
3856,49.402,7,-0.45299999999999996,-0.07,0.0,-0.89,139.8,-7.83,3.5,-0.08,0.24,0.24,0.0,0.61,-34.48,-19.68,-0.03,0.25,1.29,3
3857,49.406000000000006,1,0.836,0.23,0.4,-0.29,342.54,53.98,14.17,-0.14,0.1,-0.08,4.09,-22.28,-13.12,39.83,-0.79,-0.04,0.51,3
3858,49.408,3,0.061,-0.18,0.14,-0.97,204.23,-18.91,-17.7,0.67,0.22,-0.04,4.09,-11.14,23.96,34.94,-0.12,0.26,1.17,3
3859,49.485,2,0.789,0.23,0.12,0.56,83.61,-3.66,29.54,0.3,-0.06,-0.01,4.09,51.73,-5.19,-17.7,0.26,0.21,0.99,3
3860,49.486999999999995,0,0.696,0.29,0.58,-0.31,339.23,80.07,16.19,-0.1,-0.2,-0.06,4.09,-48.07,18.92,39.06,-0.97,0.13,-0.04,3
3861,49.492,5,-0.10300000000000001,0.23,-0.07,-0.97,183.22,26.9,5.59,0.03,-0.07,-0.28,4.09,-45.17,-72.17,-12.82,-0.52,0.01,0.63,3
3862,49.494,6,0.248,-0.28,-0.03,0.93,160.52,30.86,-12.96,-0.45,-0.21,-0.15,4.09,4.73,-42.72,0.61,-0.0,-0.08,0.99,3
3863,49.515,4,-0.531,0.19,0.05,-0.82,126.12,15.13,-17.17,0.08,0.04,-0.0,4.09,16.63,-34.03,-4.12,-0.34,-0.36,0.88,3
3864,49.516000000000005,7,-0.46399999999999997,-0.07,-0.0,-0.88,138.38,-7.1,4.22,0.42,-0.19,-0.09,0.0,-7.02,44.56,27.92,0.04,-0.38,0.94,3
3865,49.52,2,0.7829999999999999,0.27,0.13,0.55,82.43,-4.73,34.42,0.12,-0.1,-0.02,4.09,53.71,-12.21,8.54,0.2,0.5,0.8,3
3866,49.522,3,0.079,-0.18,0.14,-0.97,206.7,-19.45,-19.19,0.2,-0.17,-0.15,4.09,4.12,-39.52,59.36,0.03,-0.35,0.8,3
3867,49.586999999999996,1,0.851,0.22,0.4,-0.27,346.21,52.2,14.93,0.74,-0.44,0.65,4.09,-17.4,48.52,-48.98,-0.92,0.8,0.92,3
3868,49.589,0,0.705,0.27,0.59,-0.27,351.94,81.0,23.5,-0.08,-0.14,0.09,4.09,-43.64,3.66,3.51,-1.08,0.1,0.03,3
3869,49.593,5,-0.073,0.2,-0.04,-0.98,186.14,23.62,2.91,0.13,0.9,0.13,4.09,2.9,-25.94,-37.69,-0.62,-0.31,0.74,3
3870,49.595,6,0.248,-0.25,-0.03,0.94,161.6,26.83,-11.75,-0.53,-0.05,-0.11,4.09,9.16,-36.93,-24.26,-0.0,-0.02,1.04,3
3871,49.599,4,-0.5379999999999999,0.15,0.05,-0.83,126.74,11.05,-14.07,-0.01,0.01,0.04,4.09,30.06,-32.96,-3.2,-0.22,-0.23,1.0,3
3872,49.6,7,-0.439,-0.02,-0.0,-0.9,141.88,-2.2,1.6,0.07,0.02,0.07,0.0,-25.94,60.73,35.71,-0.02,-0.0,1.09,3
3873,49.604,1,0.835,0.21,0.42,-0.28,343.89,55.73,12.46,-0.3,-0.13,-0.04,4.09,-2.14,16.17,7.32,-0.95,-0.04,0.36,3
3874,49.606,3,0.11699999999999999,-0.2,0.15,-0.96,211.63,-20.47,-20.57,0.19,-0.17,0.01,4.09,7.48,-20.29,32.5,0.14,-0.44,0.93,3
3875,49.705,2,0.757,0.31,0.15,0.55,83.98,-6.68,39.95,0.16,-0.1,-0.1,4.09,65.16,1.07,54.63,0.22,0.53,0.75,3
3876,49.707,0,0.715,0.25,0.61,-0.24,0.34,81.21,26.82,0.01,-0.1,-0.02,4.09,-42.57,1.07,8.85,-0.99,0.15,0.07,3
3877,49.711000000000006,5,-0.087,0.18,-0.05,-0.98,184.53,21.31,3.48,-0.02,-0.09,0.02,4.09,7.02,-16.94,3.51,-0.34,-0.03,0.96,3
3878,49.713,6,0.266,-0.22,-0.04,0.94,160.01,22.96,-11.64,-0.38,-0.12,-0.12,4.09,12.51,-29.75,6.26,-0.01,-0.03,0.96,3
3879,49.717,4,-0.5539999999999999,0.11,0.04,-0.82,125.46,8.03,-10.84,0.46,0.71,0.25,4.09,17.7,25.18,-77.67,-0.97,-0.65,1.12,3
3880,49.718999999999994,7,-0.42200000000000004,0.04,-0.02,-0.91,144.13,4.8,0.44,-0.02,-0.0,0.06,0.0,-4.58,94.76,20.75,-0.07,0.04,1.06,3
3881,49.723,1,0.838,0.21,0.43,-0.26,346.65,56.46,12.89,-0.15,-0.24,-0.08,4.09,-14.19,6.56,1.22,-0.91,0.22,0.3,3
3882,49.726000000000006,3,0.151,-0.22,0.14,-0.95,216.26,-21.88,-21.27,0.37,0.06,-0.0,4.09,14.19,-27.47,25.02,0.1,-0.21,1.03,3
3883,49.777,2,0.737,0.35,0.16,0.55,84.04,-8.73,45.15,0.31,-0.02,0.05,4.09,24.87,-0.92,0.46,0.27,0.47,0.89,3
3884,49.778999999999996,0,0.7240000000000001,0.23,0.61,-0.21,6.28,81.0,28.94,0.06,0.02,-0.01,4.09,-37.69,1.83,9.16,-0.96,0.09,0.2,3
3885,49.784,5,-0.073,0.18,-0.06,-0.98,186.52,20.78,5.29,0.05,0.06,0.01,4.09,13.28,-9.31,13.12,-0.41,0.1,0.93,3
3886,49.786,6,0.259,-0.19,-0.03,0.95,161.65,19.85,-9.9,-0.46,-0.22,-0.06,4.09,12.05,-23.5,34.48,0.16,-0.08,1.03,3
3887,49.791000000000004,4,-0.598,0.18,0.02,-0.78,117.21,15.04,-14.47,1.09,0.02,-0.48,4.09,-62.87,82.7,39.37,-0.4,-1.17,0.16,3
3888,49.793,3,0.182,-0.24,0.14,-0.94,220.43,-23.29,-21.89,0.28,-0.09,-0.04,4.09,-6.41,-35.4,33.11,0.12,-0.3,0.93,3
3889,49.885,1,0.8370000000000001,0.2,0.44,-0.25,346.92,57.03,12.36,-0.24,-0.04,-0.05,4.09,-4.73,-3.66,0.61,-0.92,-0.0,0.33,3
3890,49.887,0,0.73,0.21,0.62,-0.19,7.13,81.08,25.91,0.08,0.02,-0.03,4.09,-40.74,-3.66,-1.83,-0.93,0.08,0.23,3
3891,49.891000000000005,5,-0.071,0.17,-0.07,-0.98,186.98,19.67,6.85,0.03,-0.05,-0.0,4.09,13.43,-11.29,2.44,-0.39,0.11,0.92,3
3892,49.893,6,0.24100000000000002,-0.16,-0.03,0.96,164.7,16.54,-7.79,-0.34,0.13,-0.17,4.09,12.66,-44.86,6.71,-0.02,0.17,0.89,3
3893,49.897,4,-0.524,0.28,0.04,-0.81,123.14,23.43,-22.94,0.55,0.05,-0.03,4.09,-122.38,50.66,109.41,-0.62,-0.74,0.57,3
3894,49.898,7,-0.41200000000000003,0.19,-0.11,-0.88,144.84,25.23,3.11,-0.16,-0.26,-0.35,0.0,14.04,68.21,-1.98,0.05,-0.03,0.72,3
3895,49.902,1,0.843,0.19,0.44,-0.25,347.18,56.28,10.88,-0.18,-0.12,-0.03,4.09,-16.17,-15.56,0.31,-0.92,0.07,0.37,3
3896,49.903999999999996,3,0.209,-0.26,0.14,-0.93,224.86,-25.13,-24.65,0.18,-0.16,-0.05,4.09,-13.73,-37.84,37.38,0.22,-0.42,0.9,3
3897,50.001000000000005,2,0.6709999999999999,0.23,0.12,0.69,103.45,-9.2,29.48,0.34,-0.05,0.08,4.09,-126.19,108.64,120.09,0.24,0.26,1.07,3
3898,50.003,0,0.7390000000000001,0.18,0.63,-0.18,1.16,80.84,16.25,0.15,0.19,-0.08,4.09,-35.4,2.9,0.15,-0.86,-0.06,0.34,3
3899,50.008,5,-0.078,0.15,-0.08,-0.98,186.19,18.02,7.85,0.0,0.01,0.0,4.09,12.21,-14.5,-1.37,-0.32,0.14,0.94,3
3900,50.00899999999999,6,0.239,-0.1,-0.03,0.96,165.62,10.59,-6.45,-0.33,-0.15,-0.17,4.09,15.56,-60.42,14.5,0.2,-0.08,0.87,3
3901,50.013000000000005,4,-0.426,0.34,0.07,-0.84,132.16,30.73,-28.12,-0.28,-0.26,0.08,4.09,-50.05,-3.51,119.32,-0.27,-0.4,1.08,3
3902,50.015,7,-0.401,0.21,-0.14,-0.88,146.49,28.73,5.45,-0.29,-0.42,-0.48,0.0,21.51,-30.67,23.65,0.21,-0.02,0.74,3
3903,50.018,1,0.851,0.17,0.43,-0.25,346.14,54.82,8.32,-0.13,0.06,-0.06,4.09,-12.66,-18.92,-8.85,-0.81,-0.04,0.5,3
3904,50.02,3,0.249,-0.29,0.16,-0.91,231.44,-26.29,-28.83,0.25,-0.06,-0.13,4.09,-41.2,-39.06,65.77,0.18,-0.34,0.81,3
3905,50.092,2,0.5920000000000001,0.12,0.09,0.79,119.75,-5.14,16.32,-0.54,-0.07,0.06,4.09,-86.21,93.08,114.44,0.28,0.76,0.85,3
3906,50.093999999999994,0,0.743,0.15,0.63,-0.18,345.45,80.24,-1.67,-0.13,0.02,-0.11,4.09,5.19,-28.08,-22.58,-0.95,-0.16,0.14,3
3907,50.097,5,-0.081,0.14,-0.09,-0.98,186.07,17.15,9.58,0.08,0.07,0.01,4.09,14.19,-12.66,7.17,-0.32,0.19,0.94,3
3908,50.099,6,0.223,-0.05,-0.04,0.97,168.06,4.08,-5.38,-0.55,-0.01,0.17,4.09,25.79,-54.32,2.59,0.41,0.05,1.2,3
3909,50.102,4,-0.384,0.35,0.07,-0.85,137.17,32.93,-27.78,-1.0,-0.33,-0.17,4.09,-2.44,2.59,-131.53,0.33,0.11,1.26,3
3910,50.104,7,-0.386,0.17,-0.14,-0.89,149.09,24.7,7.9,-0.3,-0.26,-0.42,0.0,37.84,-73.39,-28.53,0.15,0.08,0.64,3
3911,50.108999999999995,2,0.551,0.07,0.07,0.83,126.6,-2.49,10.91,-0.09,0.04,-0.3,4.09,-26.86,5.95,41.05,0.0,0.21,0.67,3
3912,50.11,3,0.29100000000000004,-0.32,0.2,-0.88,239.48,-26.03,-36.87,0.14,-0.2,-0.07,4.09,-55.39,-38.76,31.13,0.17,-0.63,0.67,3
3913,50.202,1,0.8590000000000001,0.15,0.42,-0.25,343.4,52.67,4.3,-0.01,0.09,0.02,4.09,-8.54,-5.19,-17.55,-0.79,-0.05,0.65,3
3914,50.20399999999999,0,0.746,0.13,0.63,-0.18,336.85,79.45,-11.42,-0.09,-0.4,0.08,4.09,17.24,6.71,-18.77,-1.12,0.27,-0.05,3
3915,50.208999999999996,5,-0.076,0.13,-0.1,-0.98,186.74,15.64,10.97,0.03,-0.04,0.01,4.09,9.77,-18.46,6.56,-0.31,0.19,0.95,3
3916,50.21,6,0.198,-0.01,-0.04,0.98,171.12,0.58,-5.09,-0.37,0.1,0.05,4.09,15.72,-9.77,46.23,0.32,0.18,1.01,3
3917,50.214,4,-0.43799999999999994,0.3,0.08,-0.85,133.32,25.76,-25.66,-1.25,0.18,0.11,4.09,104.22,-63.32,202.18,-1.55,0.73,2.33,3
3918,50.216,7,-0.37,0.13,-0.14,-0.91,151.51,20.13,10.07,-0.26,-0.07,0.25,0.0,5.65,-29.91,29.75,-0.14,0.25,1.16,3
3919,50.223,2,0.534,0.08,0.06,0.84,128.69,-4.08,11.2,0.06,0.98,1.06,4.09,71.87,22.74,-136.41,-0.69,-0.07,1.52,3
3920,50.225,3,0.293,-0.35,0.26,-0.85,243.34,-26.63,-45.76,0.53,-0.14,0.43,4.09,-66.22,-3.51,14.34,0.22,-0.81,1.2,3
3921,50.302,1,0.857,0.14,0.42,-0.26,340.66,52.66,1.13,-0.24,-0.32,0.28,4.09,4.58,28.84,15.41,-1.64,0.17,0.39,3
3922,50.303000000000004,0,0.733,0.13,0.63,-0.22,320.31,79.32,-24.99,-0.05,-0.11,-0.06,4.09,27.47,10.83,-30.67,-0.94,0.0,0.05,3
3923,50.308,5,-0.07200000000000001,0.11,-0.11,-0.98,187.17,13.79,12.07,0.09,-0.07,0.04,4.09,10.07,-32.81,13.12,-0.32,0.13,0.99,3
3924,50.31,6,0.18600000000000003,-0.05,-0.02,0.98,172.48,4.89,-3.43,-0.53,0.44,-0.01,4.09,57.83,84.84,-26.86,0.25,0.47,1.02,3
3925,50.31399999999999,4,-0.40299999999999997,0.26,0.06,-0.88,140.47,24.04,-19.7,0.28,-0.33,0.02,4.09,9.31,-60.58,39.83,-0.29,-0.73,0.77,3
3926,50.315,3,0.278,-0.35,0.3,-0.84,242.67,-24.76,-51.1,0.26,-0.04,-0.19,4.09,-27.62,42.27,5.8,0.16,-0.5,0.68,3
3927,50.318999999999996,1,0.852,0.17,0.44,-0.22,349.36,56.16,8.76,-0.47,-0.56,-0.13,4.09,1.68,34.64,18.92,-1.09,0.29,-0.11,3
3928,50.321000000000005,7,-0.35200000000000004,0.1,-0.15,-0.92,154.03,17.11,12.48,-0.12,-0.02,-0.0,0.0,17.24,-35.86,6.56,-0.19,0.27,0.95,3
3929,50.393,2,0.528,0.08,0.1,0.84,129.35,-1.84,15.26,-0.69,0.14,-0.16,4.09,24.41,-66.53,-81.48,-0.01,0.71,0.73,3
3930,50.395,0,0.722,0.13,0.64,-0.24,307.31,78.82,-36.08,0.07,-0.09,-0.02,4.09,20.9,2.59,-27.01,-0.96,-0.0,0.17,3
3931,50.398999999999994,5,-0.038,0.09,-0.14,-0.99,191.11,10.88,15.8,0.46,-0.36,0.38,4.09,34.64,8.39,64.09,-0.69,-0.03,1.31,3
3932,50.4,6,0.24600000000000002,-0.12,0.03,0.96,165.34,14.04,-0.38,-0.38,-0.22,-0.07,4.09,27.62,72.33,-46.08,0.2,-0.02,1.01,3
3933,50.417,4,-0.41,0.24,0.05,-0.88,140.45,22.77,-17.58,0.02,0.1,0.0,4.09,-15.11,-16.48,-1.53,-0.47,-0.29,0.84,3
3934,50.419,7,-0.349,0.08,-0.15,-0.92,154.29,14.48,13.81,-0.05,-0.12,0.06,0.0,4.88,-20.75,30.67,-0.14,0.21,1.04,3
3935,50.424,2,0.565,0.11,0.12,0.81,123.76,-2.53,18.62,0.05,-0.19,-0.16,4.09,9.92,-35.86,-34.03,0.16,0.15,0.82,3
3936,50.427,3,0.273,-0.31,0.29,-0.86,238.62,-21.69,-46.68,0.35,0.09,-0.16,4.09,82.55,63.17,-17.09,0.12,-0.43,0.8,3
3937,50.501000000000005,1,0.852,0.15,0.45,-0.22,349.31,56.75,6.94,-0.24,-0.32,0.0,4.09,-24.26,6.41,-30.52,-1.03,0.21,0.22,3
3938,50.503,0,0.7140000000000001,0.13,0.64,-0.26,297.73,77.62,-44.44,0.07,-0.02,-0.06,4.09,4.43,-2.44,-18.77,-0.91,-0.08,0.21,3
3939,50.507,5,-0.038,0.1,-0.16,-0.98,191.62,12.06,18.37,1.01,-0.08,-0.07,4.09,32.65,60.73,-8.24,-1.21,0.06,0.56,3
3940,50.50899999999999,6,0.243,-0.19,0.04,0.95,165.12,22.41,-1.41,-0.32,-0.29,-0.08,4.09,-24.87,88.96,48.22,0.03,-0.12,1.0,3
3941,50.513000000000005,4,-0.41200000000000003,0.23,0.05,-0.88,140.6,21.36,-17.07,0.02,0.11,-0.01,4.09,16.63,-7.32,-18.31,-0.46,-0.24,0.85,3
3942,50.515,3,0.266,-0.25,0.22,-0.9,232.95,-19.7,-34.47,0.02,-0.27,0.19,4.09,144.65,54.47,-24.87,0.19,-0.9,0.9,3
3943,50.518,2,0.579,0.13,0.11,0.8,121.29,-4.43,19.1,0.08,-0.03,0.01,4.09,-0.46,1.68,-6.41,0.15,0.27,0.94,3
3944,50.52,7,-0.32,0.05,-0.15,-0.93,157.68,11.38,14.45,-0.07,-0.13,-0.05,0.0,3.66,-23.8,39.22,-0.04,0.19,0.97,3
3945,50.61,1,0.848,0.13,0.45,-0.24,342.72,56.51,0.47,-0.38,0.06,-0.13,4.09,-7.48,-7.17,-30.21,-0.89,-0.26,0.24,3
3946,50.611999999999995,0,0.713,0.12,0.64,-0.27,295.5,76.67,-46.6,0.15,0.01,0.01,4.09,6.71,-1.37,-5.04,-0.97,-0.07,0.29,3
3947,50.61600000000001,5,-0.048,0.17,-0.16,-0.97,191.86,20.71,18.77,0.76,0.1,-0.23,4.09,-45.01,117.49,-26.4,-0.97,0.24,0.42,3
3948,50.617,7,-0.289,0.03,-0.15,-0.95,161.1,7.67,15.2,-0.0,-0.15,-0.03,0.0,8.09,-22.43,40.89,-0.06,0.15,0.96,3
3949,50.621,4,-0.415,0.21,0.05,-0.88,141.0,19.38,-15.94,0.09,-0.04,0.01,4.09,17.85,-16.63,0.0,-0.36,-0.31,0.89,3
3950,50.623000000000005,3,0.28,-0.21,0.13,-0.93,231.26,-18.35,-22.15,0.23,0.02,-0.28,4.09,25.33,9.46,-68.82,0.19,-0.29,0.59,3
3951,50.626999999999995,2,0.5920000000000001,0.14,0.11,0.79,119.28,-4.99,19.4,0.14,0.02,-0.01,4.09,0.92,-18.46,-25.63,0.02,0.2,0.98,3
3952,50.629,6,0.196,-0.26,0.03,0.95,169.65,30.08,-3.45,-0.44,-0.17,-0.15,4.09,-42.27,82.24,53.86,-0.01,-0.03,0.96,3
3953,50.714,1,0.853,0.11,0.45,-0.24,340.64,55.02,-3.66,-0.27,-0.07,-0.07,4.09,-35.86,-12.66,2.14,-0.91,-0.1,0.31,3
3954,50.715,0,0.711,0.12,0.64,-0.27,294.68,76.66,-46.71,-0.16,0.19,0.05,4.09,-6.56,1.22,14.8,-1.01,-0.48,0.13,3
3955,50.718999999999994,5,-0.031,0.27,-0.09,-0.96,193.49,32.06,10.84,-0.16,0.11,-0.09,4.09,-117.03,97.35,48.07,-0.27,0.25,0.9,3
3956,50.721000000000004,6,0.136,-0.32,0.01,0.94,176.0,36.67,-4.59,-0.72,0.11,-0.46,4.09,-36.47,49.13,66.38,0.21,0.3,0.81,3
3957,50.726000000000006,4,-0.41700000000000004,0.19,0.04,-0.89,141.52,17.7,-13.84,-0.02,0.0,0.01,4.09,11.6,-14.5,1.98,-0.29,-0.19,0.95,3
3958,50.727,7,-0.276,-0.0,-0.14,-0.95,162.2,4.24,15.95,-0.06,-0.11,0.01,0.0,8.85,-30.82,-17.7,0.03,0.2,0.99,3
3959,50.731,2,0.605,0.15,0.12,0.77,116.96,-5.05,21.34,0.12,0.03,-0.0,4.09,39.67,0.15,-1.07,0.03,0.28,0.96,3
3960,50.733000000000004,3,0.267,-0.22,0.13,-0.93,230.25,-20.22,-22.8,0.85,0.09,-0.28,4.09,-23.04,22.13,24.87,-0.28,0.17,1.05,3
3961,50.803999999999995,1,0.8640000000000001,0.08,0.44,-0.22,342.06,53.44,-5.88,-0.2,-0.07,-0.06,4.09,-31.13,-16.94,18.92,-0.87,-0.08,0.4,3
3962,50.806000000000004,0,0.722,0.13,0.64,-0.24,305.28,78.33,-38.62,0.04,0.08,0.04,4.09,-24.26,-11.9,52.03,-1.0,-0.19,0.22,3
3963,50.812,5,0.057,0.29,-0.02,-0.96,202.38,33.34,4.9,-1.45,0.23,0.03,4.09,-53.1,-79.19,29.14,0.61,0.18,1.67,3
3964,50.813,6,0.08900000000000001,-0.33,-0.0,0.94,181.55,37.8,-4.87,-0.65,0.18,-0.62,4.09,-30.98,-40.74,27.47,0.22,0.24,0.66,3
3965,50.817,4,-0.414,0.18,0.04,-0.89,142.44,16.35,-12.93,0.06,-0.0,0.0,4.09,4.58,-17.55,7.32,-0.3,-0.25,0.93,3
3966,50.818999999999996,7,-0.271,-0.04,-0.14,-0.95,162.26,0.03,16.32,-0.14,0.01,-0.04,0.0,-1.22,-54.63,19.84,0.1,0.34,0.91,3
3967,50.823,2,0.614,0.16,0.14,0.76,115.11,-4.44,24.48,0.27,-0.05,-0.01,4.09,38.3,-0.76,-31.13,0.06,0.11,1.04,3
3968,50.825,3,0.263,-0.23,0.15,-0.93,230.18,-20.36,-24.53,0.1,-0.09,0.0,4.09,14.5,-45.62,38.3,0.21,-0.4,0.87,3
3969,50.9,5,0.132,0.25,-0.02,-0.96,211.39,27.78,6.74,0.24,0.65,0.19,4.09,9.61,-15.87,68.66,-0.59,0.79,0.92,3
3970,50.902,6,0.085,-0.29,-0.02,0.95,182.07,33.3,-5.8,-0.73,0.29,-0.66,4.09,-3.81,-58.59,-52.34,0.39,0.38,0.6,3
3971,50.906000000000006,4,-0.41200000000000003,0.16,0.03,-0.9,143.26,14.77,-11.27,0.08,0.02,-0.0,4.09,17.09,-18.16,2.9,-0.32,-0.24,0.92,3
3972,50.908,0,0.746,0.12,0.63,-0.18,333.22,79.24,-15.85,0.04,-0.15,0.19,4.09,-47.0,-4.12,20.6,-1.07,0.1,0.08,3
3973,50.912,1,0.885,0.04,0.44,-0.15,352.5,52.29,-5.89,-0.22,0.04,-0.08,4.09,-33.26,-5.95,43.95,-0.84,-0.15,0.41,3
3974,50.913999999999994,3,0.308,-0.25,0.13,-0.91,236.49,-22.21,-24.82,0.07,-0.24,-0.1,4.09,2.75,-27.77,30.98,0.18,-0.46,0.77,3
3975,50.917,5,0.127,0.22,-0.04,-0.97,210.89,24.54,8.47,0.03,0.06,0.01,4.09,-4.58,-29.75,12.97,-0.43,0.18,0.9,3
3976,50.919,7,-0.255,-0.09,-0.12,-0.95,163.14,-6.63,16.39,0.03,-0.07,0.11,0.0,1.37,-60.12,10.99,0.14,0.22,1.15,3
3977,50.996,2,0.622,0.18,0.16,0.74,113.34,-3.63,27.96,0.23,-0.07,-0.05,4.09,46.08,-3.97,-5.49,0.06,0.24,0.91,3
3978,50.998000000000005,0,0.747,0.11,0.64,-0.14,346.19,80.96,-7.46,-0.18,-0.11,0.09,4.09,-51.88,12.51,25.48,-1.11,0.04,-0.05,3
3979,51.001999999999995,4,-0.41,0.13,0.02,-0.9,144.26,12.41,-8.49,0.07,-0.01,0.02,4.09,35.71,-25.18,1.53,-0.28,-0.2,0.97,3
3980,51.003,6,0.12,-0.25,-0.03,0.96,177.86,27.63,-7.79,-0.31,-0.55,0.11,4.09,-11.14,-43.49,-18.92,-0.11,-0.56,1.1,3
3981,51.008,2,0.618,0.22,0.19,0.73,112.3,-4.81,33.19,0.24,0.04,-0.08,4.09,71.26,-28.38,1.68,-0.03,0.31,0.9,3
3982,51.01,7,-0.258,-0.11,-0.11,-0.95,162.6,-8.86,15.34,0.41,-0.55,0.12,0.0,-52.49,9.92,36.32,0.07,-0.35,1.2,3
3983,51.013000000000005,1,0.888,0.02,0.45,-0.11,356.6,52.77,-6.52,0.06,-0.92,0.29,4.09,-34.03,36.01,-38.3,-1.07,0.88,0.72,3
3984,51.015,3,0.349,-0.27,0.14,-0.89,242.81,-22.8,-27.83,0.29,-0.01,-0.05,4.09,-5.19,-21.82,24.26,0.14,-0.29,0.97,3
3985,51.098,5,0.16,0.2,-0.03,-0.97,214.25,21.99,7.23,0.02,-0.0,0.0,4.09,-22.74,-23.5,15.11,-0.39,0.09,0.92,3
3986,51.1,0,0.746,0.1,0.65,-0.1,4.01,82.24,5.94,-0.05,0.01,-0.02,4.09,-36.93,7.17,29.3,-0.97,-0.01,0.09,3
3987,51.104,4,-0.41600000000000004,0.09,0.0,-0.9,144.27,9.01,-4.59,0.36,0.38,0.41,4.09,6.56,-39.98,-92.47,-0.93,-0.24,1.39,3
3988,51.105,6,0.11,-0.22,-0.04,0.97,179.27,24.8,-8.09,-0.66,0.28,-0.22,4.09,-5.34,-36.16,-4.43,0.18,0.29,1.01,3
3989,51.11,1,0.8759999999999999,-0.0,0.46,-0.13,350.49,54.36,-12.38,-0.48,-0.04,0.02,4.09,2.59,7.78,-5.19,-1.09,-0.2,0.24,3
3990,51.111999999999995,7,-0.21100000000000002,-0.07,-0.06,-0.97,169.09,-6.61,8.1,0.1,0.0,0.02,0.0,-66.68,68.05,64.39,0.0,0.15,1.03,3
3991,51.11600000000001,2,0.586,0.28,0.22,0.73,113.48,-8.15,40.7,-0.26,-0.13,0.41,4.09,94.3,-58.14,2.14,0.37,1.02,0.91,3
3992,51.117,3,0.373,-0.28,0.13,-0.87,246.36,-23.4,-28.62,0.27,-0.07,-0.04,4.09,5.34,-23.35,24.26,0.19,-0.33,0.89,3
3993,51.214,5,0.17300000000000001,0.19,-0.03,-0.97,215.66,20.52,7.01,0.09,0.03,0.01,4.09,4.12,-8.7,9.61,-0.41,0.19,0.9,3
3994,51.216,0,0.745,0.09,0.66,-0.07,24.17,82.55,22.87,0.08,0.02,-0.07,4.09,-27.77,9.0,21.21,-0.92,0.06,0.2,3
3995,51.22,4,-0.525,0.2,0.04,-0.83,126.95,16.45,-16.33,1.19,-0.31,-0.74,4.09,-136.26,79.19,86.06,-0.21,-1.22,-0.18,3
3996,51.221000000000004,6,0.124,-0.2,-0.05,0.97,177.69,21.78,-9.24,-0.47,-0.04,-0.05,4.09,1.53,-19.53,0.15,0.07,-0.03,1.04,3
3997,51.225,1,0.875,0.0,0.47,-0.12,353.37,55.45,-10.54,-0.47,-0.21,-0.18,4.09,-10.53,1.37,42.57,-0.95,0.09,0.06,3
3998,51.228,7,-0.18600000000000003,0.01,-0.03,-0.98,172.64,1.82,3.52,-0.03,0.29,0.14,0.0,-11.29,114.9,-22.43,-0.12,0.3,1.07,3
3999,51.232,2,0.5920000000000001,0.28,0.23,0.72,112.36,-7.35,42.1,0.7,0.09,-0.24,4.09,-77.21,82.4,42.27,-0.07,0.0,1.01,3
4000,51.239,3,0.397,-0.29,0.13,-0.86,249.95,-23.3,-30.22,0.27,-0.06,-0.02,4.09,-15.11,-9.31,17.55,0.21,-0.33,0.95,3
4001,51.3,5,0.17600000000000002,0.17,-0.03,-0.97,215.78,18.95,7.13,-0.0,-0.0,0.01,4.09,-3.66,-14.5,-0.76,-0.34,0.13,0.94,3
4002,51.302,0,0.746,0.08,0.66,-0.04,35.7,82.31,30.9,0.13,-0.1,-0.0,4.09,-24.11,-1.83,9.46,-0.96,0.18,0.22,3
4003,51.306000000000004,4,-0.381,0.28,0.1,-0.87,141.28,25.06,-25.31,0.38,0.11,-0.26,4.09,-112.76,21.67,154.11,-0.61,-0.43,0.44,3
4004,51.308,6,0.128,-0.18,-0.05,0.97,177.55,19.4,-9.05,-0.45,0.19,-0.18,4.09,7.63,-32.2,-13.58,0.09,0.13,0.93,3
4005,51.312,1,0.88,0.01,0.47,-0.09,358.91,55.26,-6.05,-0.23,-0.22,-0.11,4.09,10.83,-6.26,12.51,-0.89,0.12,0.27,3
4006,51.31399999999999,7,-0.207,0.11,-0.06,-0.97,170.48,13.41,3.95,-0.18,0.0,0.0,0.0,21.51,113.68,-35.1,-0.08,0.14,1.01,3
4007,51.318000000000005,5,0.17300000000000001,0.16,-0.03,-0.97,215.24,17.56,6.77,0.03,-0.0,0.01,4.09,6.41,-13.12,-7.32,-0.32,0.12,0.95,3
4008,51.318999999999996,3,0.418,-0.3,0.14,-0.85,253.31,-22.69,-32.29,0.4,-0.11,-0.13,4.09,-28.08,-14.5,25.94,0.05,-0.25,0.93,3
4009,51.412,4,-0.28300000000000003,0.34,0.13,-0.89,149.97,32.14,-29.77,-0.23,-0.26,0.32,4.09,-45.17,25.18,23.04,-0.36,-0.69,1.15,3
4010,51.413999999999994,0,0.747,0.07,0.66,-0.02,42.01,81.82,35.75,0.25,-0.19,0.04,4.09,-14.65,7.32,2.14,-1.07,0.53,0.24,3
4011,51.418,1,0.885,0.02,0.46,-0.09,359.99,54.12,-4.26,-0.14,-0.14,-0.05,4.09,4.58,-9.77,-3.36,-0.86,0.07,0.43,3
4012,51.42,6,0.139,-0.13,-0.06,0.98,176.84,14.21,-8.84,-0.46,0.11,-0.18,4.09,9.77,-56.15,14.19,0.19,0.06,0.93,3
4013,51.428000000000004,2,0.42,0.08,0.14,0.89,143.32,-1.94,18.36,-0.15,-0.21,-0.09,4.09,-81.02,42.42,58.9,0.34,0.3,0.83,3
4014,51.43,7,-0.231,0.19,-0.09,-0.95,167.72,23.37,5.04,-0.35,-0.3,-0.44,0.0,18.77,64.7,-18.16,0.22,-0.06,0.65,3
4015,51.434,5,0.168,0.15,-0.04,-0.97,214.61,16.37,7.11,0.06,-0.02,0.0,4.09,0.76,-14.5,-3.2,-0.34,0.13,0.94,3
4016,51.435,3,0.444,-0.32,0.17,-0.82,258.34,-21.76,-37.27,0.24,-0.15,-0.25,4.09,-38.45,-37.99,53.86,0.06,-0.35,0.73,3
4017,51.503,4,-0.32,0.35,0.15,-0.87,143.88,30.63,-34.26,-1.18,-0.09,-0.61,4.09,74.01,-32.81,-68.97,0.51,0.29,1.12,3
4018,51.505,0,0.747,0.06,0.66,-0.03,27.15,82.75,20.49,0.2,0.29,-0.1,4.09,-6.87,-18.01,-30.36,-0.87,-0.15,0.37,3
4019,51.50899999999999,1,0.889,0.02,0.45,-0.1,358.86,52.95,-4.78,-0.12,-0.06,-0.04,4.09,5.8,-13.58,-10.53,-0.84,-0.01,0.48,3
4020,51.511,6,0.11800000000000001,-0.07,-0.05,0.99,180.0,7.72,-7.11,-0.52,0.05,-0.23,4.09,20.29,-50.66,20.14,0.39,0.07,0.84,3
4021,51.515,5,0.161,0.14,-0.04,-0.98,213.74,14.63,7.34,0.05,0.02,0.01,4.09,1.37,-23.5,-3.36,-0.29,0.17,0.97,3
4022,51.516999999999996,7,-0.221,0.2,-0.11,-0.95,169.48,25.64,7.33,-0.4,-0.27,-0.53,0.0,32.96,-25.94,37.84,0.25,0.01,0.22,3
4023,51.522,2,0.389,0.04,0.07,0.92,148.01,-1.51,9.18,-0.15,0.07,-0.36,4.09,-64.54,-8.54,-12.97,0.1,0.28,0.65,3
4024,51.523999999999994,3,0.457,-0.35,0.19,-0.79,262.65,-22.4,-42.48,0.28,0.01,-0.07,4.09,-43.33,-20.6,21.51,0.26,-0.39,0.84,3
4025,51.603,4,-0.278,0.3,0.08,-0.91,154.6,29.89,-20.36,-1.5,1.89,0.21,4.09,-8.39,11.29,-90.64,-0.85,0.99,1.29,3
4026,51.605,0,0.759,0.04,0.65,-0.05,6.36,80.99,-0.15,-0.09,0.05,0.03,4.09,2.14,-10.68,6.1,-1.03,-0.08,0.08,3
4027,51.611000000000004,1,0.894,0.02,0.43,-0.11,357.31,51.28,-5.81,-0.17,-0.27,-0.14,4.09,-0.15,-17.24,-22.13,-0.83,0.17,0.38,3
4028,51.614,6,0.128,-0.02,-0.04,0.99,179.24,1.11,-4.96,-0.4,0.09,0.11,4.09,16.17,-63.32,4.73,0.31,0.11,1.17,3
4029,51.619,2,0.40299999999999997,0.04,0.09,0.91,146.38,0.2,10.63,0.8,-0.54,0.08,4.09,40.89,32.5,26.25,0.05,-0.59,1.01,3
4030,51.62,7,-0.213,0.16,-0.12,-0.96,170.83,21.41,10.13,0.03,-0.1,-0.32,0.0,4.12,-38.76,54.47,-0.29,0.09,0.7,3
4031,51.626000000000005,5,0.162,0.11,-0.05,-0.98,213.57,12.03,7.44,-0.02,0.0,0.01,4.09,2.9,-34.48,-0.46,-0.18,0.13,0.98,3
4032,51.628,3,0.456,-0.4,0.21,-0.77,266.93,-25.03,-48.71,0.22,-0.28,0.49,4.09,-53.41,-34.79,17.55,0.35,-1.06,1.15,3
4033,51.706,4,-0.261,0.27,0.09,-0.92,157.7,26.54,-19.94,-0.13,-0.38,0.01,4.09,34.33,-34.33,16.02,-0.32,-0.45,0.92,3
4034,51.708999999999996,0,0.76,0.05,0.64,-0.07,358.89,80.46,-5.78,-0.17,-0.08,0.2,4.09,46.08,2.29,-23.19,-1.2,-0.0,0.04,3
4035,51.713,1,0.893,0.02,0.43,-0.12,356.28,51.22,-5.51,-0.1,0.72,0.51,4.09,23.04,70.34,50.51,-0.93,-0.96,0.94,3
4036,51.721000000000004,7,-0.193,0.13,-0.13,-0.96,173.34,17.35,12.61,-0.08,-0.38,-0.06,0.0,23.96,-21.21,29.45,-0.04,-0.06,0.96,3
4037,51.726000000000006,2,0.414,0.06,0.1,0.9,144.65,-1.59,13.17,0.05,0.2,-0.0,4.09,21.82,-31.89,-62.26,-0.17,0.3,0.95,3
4038,51.728,3,0.45899999999999996,-0.43,0.25,-0.74,270.98,-23.89,-56.6,0.48,-0.07,-0.4,4.09,-10.68,21.67,20.29,0.01,-0.21,0.8,3
4039,51.806000000000004,5,0.17,0.09,-0.05,-0.98,214.26,8.85,6.93,0.35,-0.09,0.27,4.09,1.98,-9.16,70.19,-0.77,0.19,1.27,3
4040,51.809,0,0.757,0.05,0.64,-0.1,343.4,79.81,-17.97,0.04,-0.2,-0.08,4.09,29.14,-4.27,-28.23,-0.92,0.15,0.16,3
4041,51.81399999999999,4,-0.264,0.24,0.08,-0.93,158.64,24.41,-17.19,0.03,0.02,0.0,4.09,-3.97,-19.84,1.83,-0.43,-0.34,0.86,3
4042,51.816,6,0.198,-0.08,0.0,0.98,171.01,8.69,-1.32,-0.43,-0.18,-0.12,4.09,17.4,96.13,-58.14,0.3,-0.07,0.94,3
4043,51.82,1,0.877,0.05,0.47,-0.09,2.86,56.38,0.05,-0.67,-0.39,-0.08,4.09,-25.33,6.1,-6.26,-1.16,0.19,-0.02,3
4044,51.821000000000005,7,-0.184,0.1,-0.15,-0.97,174.43,14.69,15.19,-0.08,-0.14,-0.01,0.0,22.89,-27.77,-3.66,-0.13,0.14,0.99,3
4045,51.826,2,0.434,0.07,0.12,0.89,141.85,-1.25,16.59,-0.22,-0.0,0.1,4.09,13.12,-19.38,-41.35,0.15,0.49,1.06,3
4046,51.828,3,0.452,-0.36,0.24,-0.78,263.76,-20.68,-48.4,0.31,-0.0,-0.22,4.09,90.18,98.88,-61.49,0.17,-0.38,0.73,3
4047,51.911,5,0.278,0.13,-0.08,-0.95,227.99,11.9,12.72,0.73,-1.0,-0.24,4.09,33.42,98.27,142.06,-1.26,-0.32,0.3,3
4048,51.912,0,0.755,0.05,0.64,-0.13,329.67,78.34,-29.38,0.1,-0.1,-0.05,4.09,9.61,-1.98,-30.98,-0.92,0.02,0.26,3
4049,51.916000000000004,4,-0.266,0.24,0.07,-0.93,158.63,23.54,-16.76,0.0,0.05,0.0,4.09,12.97,-5.34,-15.26,-0.45,-0.21,0.87,3
4050,51.918,6,0.204,-0.16,0.01,0.97,169.81,18.35,-2.59,-0.42,-0.11,-0.2,4.09,-26.86,79.5,29.75,0.13,0.02,0.9,3
4051,51.922,1,0.877,0.02,0.47,-0.11,357.16,55.63,-5.98,-0.37,-0.13,-0.16,4.09,2.29,-5.8,-45.32,-0.91,-0.05,0.16,3
4052,51.923,7,-0.165,0.08,-0.16,-0.97,176.47,11.47,16.66,-0.05,-0.1,0.0,0.0,12.82,-22.58,39.83,-0.13,0.21,0.98,3
4053,51.93,2,0.462,0.09,0.12,0.87,137.97,-2.44,17.16,0.11,-0.02,0.0,4.09,-3.51,-19.84,-10.99,0.0,0.22,0.99,3
4054,51.931999999999995,3,0.423,-0.27,0.18,-0.84,252.94,-17.9,-34.75,-0.04,-0.1,0.18,4.09,121.46,82.24,-35.71,0.28,-0.74,0.92,3
4055,52.007,5,0.281,0.21,-0.07,-0.93,230.2,20.15,15.29,0.73,0.07,-0.29,4.09,18.77,78.12,-69.12,-0.76,0.57,0.43,3
4056,52.01,0,0.752,0.04,0.64,-0.15,320.87,77.09,-37.28,0.21,-0.0,-0.09,4.09,17.7,8.7,-26.86,-0.87,-0.06,0.37,3
4057,52.013999999999996,1,0.879,0.01,0.46,-0.13,352.62,54.13,-9.58,-0.32,0.11,-0.07,4.09,-9.61,-14.5,-5.49,-0.9,-0.27,0.3,3
4058,52.015,6,0.154,-0.24,-0.01,0.96,174.48,27.42,-5.43,-0.53,-0.01,-0.15,4.09,-53.56,76.29,47.45,0.04,0.1,0.93,3
4059,52.019,2,0.47700000000000004,0.1,0.11,0.87,135.86,-3.43,16.47,0.15,-0.13,-0.05,4.09,-9.46,-15.26,-13.89,0.08,0.1,0.96,3
4060,52.021,7,-0.14400000000000002,0.05,-0.16,-0.97,178.55,8.1,18.07,-0.08,-0.15,-0.07,0.0,12.36,-33.11,24.41,-0.02,0.18,0.95,3
4061,52.025,5,0.23800000000000002,0.28,-0.04,-0.93,226.4,30.05,13.54,-0.02,0.33,0.08,4.09,-18.31,89.87,-54.63,-0.35,0.49,0.93,3
4062,52.027,3,0.434,-0.2,0.12,-0.87,250.02,-14.6,-22.89,0.16,0.2,-0.33,4.09,43.95,40.89,-104.68,0.33,-0.15,0.58,3
4063,52.129,4,-0.264,0.18,0.05,-0.95,160.97,18.8,-11.61,0.01,0.04,0.0,4.09,23.04,-30.98,11.9,-0.35,-0.16,0.93,3
4064,52.131,0,0.74,0.04,0.65,-0.18,307.77,76.01,-48.19,-0.21,0.43,0.28,4.09,8.7,12.36,-0.92,-1.19,-0.9,0.02,3
4065,52.135,2,0.483,0.1,0.12,0.86,134.94,-3.67,17.78,-0.1,0.14,-0.04,4.09,53.1,7.48,-10.38,0.02,0.48,0.87,3
4066,52.136,6,0.098,-0.3,-0.02,0.95,180.1,33.83,-7.27,-0.7,0.21,-0.2,4.09,-41.05,55.24,64.09,0.07,0.25,1.05,3
4067,52.14,1,0.884,-0.01,0.45,-0.12,353.63,52.99,-11.1,-0.19,-0.16,-0.04,4.09,-27.16,-7.63,4.12,-0.91,-0.0,0.39,3
4068,52.141999999999996,7,-0.121,0.01,-0.17,-0.98,180.55,3.86,18.97,-0.09,-0.1,-0.04,0.0,12.82,-36.01,29.3,0.04,0.22,0.94,3
4069,52.146,5,0.222,0.28,0.01,-0.94,222.57,31.53,6.38,-1.6,0.35,-0.21,4.09,-77.67,-101.01,-8.24,0.77,-0.34,1.55,3
4070,52.148,3,0.39799999999999996,-0.22,0.12,-0.88,246.08,-16.6,-23.58,1.04,-0.34,-0.22,4.09,-40.59,16.48,32.04,-0.32,0.33,1.31,3
4071,52.226000000000006,4,-0.249,0.17,0.05,-0.95,163.22,16.97,-10.66,0.07,-0.06,0.01,4.09,-0.76,-12.36,10.68,-0.33,-0.23,0.93,3
4072,52.228,0,0.738,0.04,0.65,-0.18,308.36,76.85,-47.54,0.04,-0.02,-0.03,4.09,5.19,-3.36,10.83,-0.94,-0.14,0.18,3
4073,52.231,1,0.888,-0.03,0.45,-0.1,355.38,52.26,-12.94,-0.24,-0.08,-0.04,4.09,-42.57,-7.32,18.31,-0.92,-0.07,0.39,3
4074,52.233000000000004,6,0.051,-0.34,-0.03,0.94,185.31,38.95,-7.24,-0.69,0.25,-0.36,4.09,-25.94,35.55,39.98,0.11,0.23,0.94,3
4075,52.236999999999995,2,0.498,0.12,0.15,0.85,132.62,-2.5,22.0,0.21,-0.06,-0.06,4.09,34.94,-3.66,-13.12,0.02,0.25,0.95,3
4076,52.24,7,-0.111,-0.02,-0.17,-0.98,181.04,-0.5,19.87,-0.09,-0.1,-0.07,0.0,8.85,-45.78,15.87,0.13,0.24,0.91,3
4077,52.247,5,0.28,0.23,0.02,-0.93,228.87,26.7,5.68,0.52,0.87,0.4,4.09,12.51,0.31,102.08,-0.75,0.96,0.76,3
4078,52.248999999999995,3,0.37799999999999995,-0.23,0.14,-0.89,244.42,-17.63,-26.42,0.04,-0.07,-0.05,4.09,-8.85,-45.62,18.46,0.13,-0.44,0.8,3
4079,52.327,4,-0.245,0.15,0.04,-0.96,163.97,15.58,-9.45,0.04,0.03,-0.0,4.09,7.93,-7.17,-5.04,-0.31,-0.12,0.94,3
4080,52.32899999999999,0,0.7490000000000001,0.05,0.64,-0.15,322.98,78.27,-34.31,0.16,0.03,-0.02,4.09,-23.19,-11.75,59.2,-0.93,-0.08,0.33,3
4081,52.332,1,0.887,-0.05,0.45,-0.07,358.53,53.15,-13.96,-0.4,-0.01,-0.14,4.09,-16.63,-16.33,14.8,-0.92,-0.13,0.23,3
4082,52.333999999999996,6,0.019,-0.34,-0.03,0.94,189.62,39.87,-5.71,-0.26,0.39,-1.14,4.09,-4.43,-47.45,2.75,0.34,0.52,0.08,3
4083,52.338,2,0.504,0.13,0.18,0.84,131.41,-2.14,25.34,0.13,-0.09,-0.02,4.09,28.38,2.59,-1.22,0.07,0.28,0.94,3
4084,52.339,7,-0.1,-0.07,-0.17,-0.98,181.23,-6.23,20.37,-0.01,0.0,-0.07,0.0,0.0,-65.46,15.56,0.09,0.32,0.89,3
4085,52.345,5,0.27699999999999997,0.22,-0.0,-0.94,228.73,24.0,7.79,0.05,0.14,0.01,4.09,-5.04,-26.09,-10.99,-0.4,0.19,0.92,3
4086,52.346000000000004,3,0.409,-0.26,0.14,-0.86,250.1,-19.7,-29.55,0.29,-0.2,-0.06,4.09,-13.89,-32.2,19.68,0.01,-0.4,0.92,3
4087,52.42,4,-0.24100000000000002,0.13,0.04,-0.96,164.86,13.5,-8.34,0.07,-0.09,0.03,4.09,22.28,-21.36,0.46,-0.28,-0.22,0.95,3
4088,52.422,0,0.7559999999999999,0.05,0.64,-0.1,343.58,80.07,-18.17,-0.16,-0.24,0.08,4.09,-37.54,10.83,29.6,-1.06,0.11,0.01,3
4089,52.43,1,0.888,-0.06,0.45,-0.04,0.84,53.02,-14.96,-0.2,0.08,-0.08,4.09,-27.16,3.05,14.5,-0.83,-0.26,0.35,3
4090,52.431000000000004,6,0.046,-0.3,-0.04,0.95,186.15,34.77,-7.55,-0.51,0.21,-0.63,4.09,6.41,-61.8,-61.65,-0.05,-0.03,0.87,3
4091,52.435,2,0.512,0.15,0.19,0.82,129.56,-2.68,28.29,0.17,0.04,-0.05,4.09,44.86,-10.99,-22.28,-0.07,0.3,0.9,3
4092,52.437,7,-0.099,-0.13,-0.16,-0.97,180.13,-13.09,20.32,0.31,-0.3,0.32,0.0,-14.5,-24.41,-18.31,0.08,0.11,1.39,3
4093,52.44,5,0.289,0.2,0.0,-0.94,229.82,22.46,7.15,0.07,-0.03,-0.02,4.09,-5.34,-20.6,10.38,-0.44,0.16,0.89,3
4094,52.443000000000005,3,0.442,-0.28,0.15,-0.84,255.51,-19.92,-32.29,0.27,0.06,-0.09,4.09,-8.39,-36.93,54.32,0.24,-0.22,0.9,3
4095,52.528,4,-0.243,0.11,0.02,-0.96,165.23,11.49,-5.58,0.07,-0.01,0.02,4.09,15.26,-19.84,1.22,-0.25,-0.14,0.99,3
4096,52.53,0,0.7509999999999999,0.04,0.66,-0.06,357.22,82.21,-9.2,-0.19,-0.16,0.14,4.09,-39.67,5.19,23.65,-1.09,0.09,0.0,3
4097,52.534,1,0.8809999999999999,-0.09,0.46,-0.04,359.05,54.06,-19.07,-0.1,-0.9,0.11,4.09,-5.65,46.39,-54.32,-1.02,0.4,0.44,3
4098,52.535,6,0.077,-0.26,-0.06,0.96,182.25,29.72,-10.05,-0.56,0.24,-0.25,4.09,4.12,-33.57,30.06,0.14,0.33,0.97,3
4099,52.538999999999994,2,0.508,0.19,0.24,0.81,128.6,-3.46,35.05,0.2,-0.01,-0.12,4.09,101.93,-21.97,36.62,0.01,0.43,0.84,3
4100,52.541000000000004,7,-0.081,-0.11,-0.12,-0.98,183.12,-11.27,15.1,0.23,-0.31,0.04,0.0,-68.21,84.38,58.9,0.04,-0.01,1.09,3
4101,52.54600000000001,5,0.29100000000000004,0.18,-0.0,-0.94,229.67,19.9,6.66,-0.07,-0.01,0.02,4.09,3.05,-12.82,3.36,-0.33,0.08,0.97,3
4102,52.547,3,0.47700000000000004,-0.3,0.15,-0.81,261.37,-20.58,-34.24,0.11,-0.13,-0.04,4.09,7.63,-47.61,52.49,0.15,-0.48,0.86,3
4103,52.628,4,-0.273,0.1,0.03,-0.96,161.64,9.97,-6.48,1.36,-0.33,0.94,4.09,-85.3,92.01,-133.97,-1.49,-1.29,1.38,3
4104,52.63,0,0.748,0.02,0.66,-0.02,12.97,83.17,2.57,-0.04,0.1,-0.09,4.09,-34.79,13.89,32.35,-0.93,-0.08,0.09,3
4105,52.63399999999999,1,0.875,-0.09,0.47,-0.05,356.61,55.01,-20.63,-0.36,0.03,0.04,4.09,-3.2,-4.73,36.77,-1.04,-0.23,0.26,3
4106,52.635,6,0.083,-0.24,-0.06,0.97,181.67,26.44,-10.61,-0.63,-0.03,-0.1,4.09,1.53,-24.26,-47.15,0.15,-0.1,1.09,3
4107,52.638999999999996,2,0.479,0.25,0.28,0.79,128.86,-7.17,43.77,0.36,-0.09,0.04,4.09,20.29,5.95,-86.67,-0.07,0.22,0.91,3
4108,52.641000000000005,7,-0.047,-0.03,-0.08,-1.0,188.39,-2.99,8.95,0.18,0.13,0.12,0.0,-36.93,119.93,18.77,-0.11,0.23,1.07,3
4109,52.645,5,0.297,0.17,-0.0,-0.94,230.25,18.74,6.74,0.01,0.0,0.01,4.09,-10.99,-17.55,7.17,-0.33,0.12,0.95,3
4110,52.647,3,0.506,-0.31,0.14,-0.79,265.44,-20.47,-34.44,0.19,-0.03,-0.05,4.09,10.99,-26.25,24.57,0.2,-0.36,0.85,3
4111,52.717,4,-0.26,0.2,0.08,-0.94,160.22,19.79,-16.27,0.94,0.15,-0.4,4.09,-116.42,75.38,147.86,-1.01,-0.43,0.15,3
4112,52.721000000000004,0,0.7390000000000001,0.02,0.67,0.01,42.39,83.93,29.01,0.08,0.03,-0.13,4.09,-21.82,10.53,16.48,-0.88,0.06,0.15,3
4113,52.736000000000004,1,0.882,-0.08,0.46,-0.02,3.8,54.78,-15.81,-0.42,-0.42,-0.22,4.09,7.63,-22.13,28.38,-0.92,0.32,0.15,3
4114,52.739,6,0.099,-0.23,-0.07,0.97,179.91,25.09,-10.93,-0.49,0.29,-0.18,4.09,8.85,-11.44,2.9,0.0,0.24,0.97,3
4115,52.746,2,0.47700000000000004,0.19,0.27,0.82,132.51,-2.85,37.83,0.36,-0.12,-0.27,4.09,-113.83,107.42,95.52,-0.01,0.15,0.79,3
4116,52.748999999999995,7,-0.043,0.08,-0.07,-0.99,189.65,9.23,7.56,-0.04,0.1,0.06,0.0,9.46,141.75,-28.08,-0.12,0.24,0.99,3
4117,52.754,5,0.3,0.16,-0.01,-0.94,230.45,17.43,6.38,0.04,-0.02,0.01,4.09,-1.22,-17.55,-5.65,-0.34,0.13,0.94,3
4118,52.756,3,0.518,-0.32,0.13,-0.78,267.62,-20.93,-35.05,0.23,-0.14,-0.05,4.09,-23.65,-9.77,11.29,0.19,-0.42,0.92,3
4119,52.831,4,-0.174,0.28,0.12,-0.94,167.38,29.29,-21.33,0.14,-0.08,-0.19,4.09,-40.28,63.63,44.56,-0.43,-0.39,0.61,3
4120,52.833,6,0.121,-0.2,-0.06,0.97,177.76,22.42,-10.48,-0.46,0.03,-0.09,4.09,12.36,-28.23,-25.79,0.07,-0.06,1.02,3
4121,52.836999999999996,1,0.89,-0.06,0.45,-0.01,7.92,53.43,-10.62,-0.23,-0.12,-0.13,4.09,14.8,-19.07,-4.12,-0.85,0.03,0.34,3
4122,52.838,0,0.736,0.01,0.68,0.03,51.67,84.0,35.74,0.18,-0.02,0.05,4.09,-21.21,1.98,0.92,-1.02,0.07,0.27,3
4123,52.843,2,0.35200000000000004,0.08,0.19,0.91,151.87,-0.31,23.52,-0.27,-0.15,0.25,4.09,-142.52,123.14,160.83,0.31,0.74,1.11,3
4124,52.845,7,-0.077,0.18,-0.09,-0.98,186.77,21.55,8.85,-0.33,-0.09,-0.29,0.0,21.82,90.18,-52.49,0.08,0.05,0.76,3
4125,52.848,5,0.302,0.15,-0.01,-0.94,230.52,16.35,6.13,0.04,0.02,0.01,4.09,5.95,-7.48,-2.59,-0.3,0.09,0.95,3
4126,52.85,3,0.534,-0.33,0.14,-0.77,270.88,-20.65,-37.55,0.34,-0.14,-0.09,4.09,-21.06,-20.29,19.07,0.12,-0.33,0.92,3
4127,52.931000000000004,4,-0.171,0.31,0.11,-0.93,166.71,33.08,-21.53,-0.65,-0.16,0.16,4.09,49.44,5.8,-16.33,-0.04,-0.29,1.31,3
4128,52.933,6,0.13,-0.17,-0.05,0.98,177.36,18.53,-9.16,-0.41,0.16,-0.22,4.09,21.36,-50.81,-8.54,0.09,0.14,0.88,3
4129,52.937,2,0.304,0.0,0.11,0.95,158.78,3.57,12.34,-0.14,0.06,-0.02,4.09,-89.72,34.79,46.54,0.02,0.36,0.92,3
4130,52.938,0,0.737,-0.0,0.67,0.04,48.7,84.06,30.98,0.2,-0.07,-0.06,4.09,-8.09,2.59,-7.17,-0.91,0.11,0.28,3
4131,52.942,1,0.9,-0.05,0.43,-0.02,6.6,50.86,-10.27,-0.13,-0.17,-0.04,4.09,16.17,-25.02,-25.18,-0.84,0.04,0.54,3
4132,52.945,7,-0.106,0.23,-0.1,-0.96,183.76,27.13,9.59,-0.5,-0.28,-0.46,0.0,12.36,-18.01,9.46,0.17,-0.08,0.82,3
4133,52.949,5,0.3,0.15,-0.01,-0.94,230.35,15.84,6.83,0.09,0.0,0.0,4.09,1.22,-12.36,1.53,-0.35,0.18,0.93,3
4134,52.95,3,0.5489999999999999,-0.34,0.16,-0.75,274.24,-19.95,-40.65,0.36,-0.07,-0.08,4.09,-33.11,-23.35,32.96,0.18,-0.32,0.9,3
4135,53.016000000000005,4,-0.262,0.3,0.09,-0.91,156.16,29.75,-21.99,-0.96,-0.31,-0.51,4.09,55.85,-35.4,-111.24,0.45,-0.08,1.01,3
4136,53.018,6,0.135,-0.11,-0.04,0.98,177.75,12.18,-6.63,-0.54,0.02,-0.12,4.09,30.06,-56.46,9.92,0.34,0.07,1.04,3
4137,53.022,1,0.909,-0.05,0.41,-0.05,2.82,47.99,-11.62,-0.1,-0.06,0.03,4.09,9.77,-13.58,-25.18,-0.8,-0.1,0.62,3
4138,53.023,0,0.741,-0.02,0.67,0.03,30.19,84.18,12.24,0.13,0.07,-0.07,4.09,16.02,-17.7,-43.64,-0.91,-0.08,0.24,3
4139,53.028,2,0.268,-0.01,0.08,0.96,163.17,3.82,7.98,-0.04,0.25,-0.1,4.09,-2.59,-21.06,35.71,-0.13,0.36,0.85,3
4140,53.03,7,-0.094,0.2,-0.11,-0.97,185.29,24.05,10.82,-0.13,-0.42,0.55,0.0,15.72,-23.19,16.63,-0.39,-0.07,1.42,3
4141,53.034,5,0.299,0.14,-0.02,-0.94,230.03,14.25,6.95,0.08,0.02,-0.0,4.09,-2.75,-24.11,-1.98,-0.28,0.17,0.95,3
4142,53.035,3,0.5589999999999999,-0.37,0.18,-0.72,278.2,-19.7,-45.82,0.38,0.01,-0.05,4.09,-62.41,-16.02,19.07,0.29,-0.38,0.88,3
4143,53.12,4,-0.247,0.25,0.06,-0.93,161.0,26.01,-14.75,0.09,0.27,0.43,4.09,19.84,-8.7,27.92,-1.05,-0.53,1.27,3
4144,53.122,0,0.742,-0.02,0.67,0.01,3.2,84.08,-13.61,-0.09,0.19,0.02,4.09,4.88,18.16,-3.36,-1.06,-0.22,0.0,3
4145,53.126000000000005,1,0.907,-0.05,0.41,-0.06,0.44,47.86,-12.96,-0.19,-0.13,0.02,4.09,1.37,19.99,-8.54,-0.93,-0.02,0.52,3
4146,53.128,6,0.11,-0.06,-0.03,0.99,181.11,6.89,-4.25,-0.39,0.43,0.02,4.09,12.05,-41.05,20.45,0.12,0.41,1.1,3
4147,53.132,2,0.28,0.01,0.09,0.96,161.56,1.39,10.62,0.2,0.24,0.4,4.09,48.83,-37.23,-82.55,-0.37,0.1,1.2,3
4148,53.13399999999999,7,-0.075,0.16,-0.12,-0.98,187.45,19.37,12.65,-0.06,0.39,0.18,0.0,8.09,-61.04,16.17,-0.36,0.61,1.02,3
4149,53.137,5,0.301,0.11,-0.02,-0.95,229.94,11.43,6.19,0.06,0.01,0.01,4.09,-9.61,-26.7,6.26,-0.21,0.14,1.0,3
4150,53.138999999999996,3,0.555,-0.41,0.2,-0.69,281.55,-20.19,-52.34,0.21,-0.04,0.33,4.09,-32.35,-27.47,46.08,0.41,-0.79,0.94,3
4151,53.211999999999996,4,-0.239,0.24,0.05,-0.94,162.39,25.03,-13.74,0.04,-0.03,0.05,4.09,10.99,-28.69,25.79,-0.46,-0.25,0.91,3
4152,53.214,0,0.737,-0.02,0.68,0.0,355.11,84.76,-20.96,-0.02,-0.01,0.13,4.09,30.52,-2.29,-23.5,-1.11,-0.04,0.08,3
4153,53.228,1,0.898,-0.04,0.44,-0.03,5.8,51.54,-8.89,-0.42,-0.33,-0.23,4.09,3.81,19.53,47.0,-0.92,0.29,0.14,3
4154,53.23,3,0.5670000000000001,-0.45,0.23,-0.65,286.51,-18.44,-58.74,0.34,0.05,-0.04,4.09,-62.26,-1.22,9.31,0.34,-0.55,0.71,3
4155,53.233999999999995,2,0.292,0.03,0.12,0.95,159.91,0.53,13.96,-0.37,0.27,-0.14,4.09,30.98,-28.84,-42.11,0.1,0.66,0.74,3
4156,53.235,7,-0.067,0.12,-0.12,-0.98,187.94,14.57,13.11,-0.2,-0.09,-0.05,0.0,4.58,-40.74,30.52,-0.05,0.18,0.98,3
4157,53.333999999999996,5,0.306,0.08,-0.02,-0.95,230.21,8.16,4.96,0.11,-0.01,0.05,4.09,-12.82,-32.2,3.51,-0.24,0.15,1.04,3
4158,53.336000000000006,0,0.735,-0.01,0.68,-0.03,337.28,84.14,-35.41,-0.1,-0.17,-0.03,4.09,28.08,-5.65,-17.4,-0.94,0.14,-0.03,3
4159,53.34,4,-0.249,0.22,0.05,-0.94,161.67,23.41,-12.96,0.12,-0.01,-0.01,4.09,-0.61,-14.65,-23.5,-0.48,-0.29,0.83,3
4160,53.341,6,0.124,-0.12,-0.04,0.98,178.97,13.05,-5.82,-0.45,0.27,-0.19,4.09,3.2,68.21,-17.24,0.18,0.27,0.92,3
4161,53.346000000000004,1,0.8959999999999999,-0.02,0.44,-0.01,9.86,52.43,-5.0,-0.51,-0.16,-0.08,4.09,8.24,1.07,6.71,-1.06,0.16,0.18,3
4162,53.348,7,-0.057,0.09,-0.12,-0.99,188.78,10.97,13.67,-0.09,-0.11,0.0,0.0,1.68,-26.86,14.95,-0.09,0.14,1.03,3
4163,53.351000000000006,2,0.33,0.04,0.14,0.93,155.2,0.52,16.66,-0.09,0.08,0.14,4.09,12.97,-3.97,1.37,0.07,0.4,0.96,3
4164,53.353,3,0.574,-0.44,0.26,-0.64,287.25,-15.77,-60.51,0.62,-0.25,-0.66,4.09,56.61,71.56,9.31,-0.08,0.0,0.75,3
4165,53.428999999999995,5,0.33799999999999997,0.06,-0.01,-0.94,233.83,6.32,3.9,0.45,0.08,0.39,4.09,21.06,24.11,88.35,-0.58,0.35,1.28,3
4166,53.431000000000004,6,0.136,-0.2,-0.04,0.97,176.64,21.88,-7.57,-0.44,0.01,0.01,4.09,-23.5,108.95,17.55,0.02,0.01,1.07,3
4167,53.434,4,-0.242,0.2,0.06,-0.95,163.07,20.45,-12.67,-0.04,0.03,0.02,4.09,11.9,-23.35,-4.43,-0.35,-0.18,0.94,3
4168,53.43600000000001,0,0.735,-0.01,0.68,-0.06,320.53,82.26,-49.72,-0.01,-0.06,-0.0,4.09,28.53,10.22,-33.26,-0.98,-0.05,0.06,3
4169,53.44,1,0.894,-0.03,0.45,-0.02,8.15,52.85,-6.33,-0.4,-0.07,-0.15,4.09,-2.9,-5.95,-20.75,-0.92,-0.01,0.2,3
4170,53.441,7,-0.048,0.07,-0.12,-0.99,189.53,8.48,13.49,-0.12,-0.11,0.03,0.0,-5.65,-22.89,16.48,-0.02,0.15,1.05,3
4171,53.446000000000005,2,0.358,0.07,0.13,0.92,151.34,-1.73,17.02,0.17,0.01,0.1,4.09,4.12,-19.23,-12.51,-0.1,0.23,1.08,3
4172,53.448,3,0.522,-0.36,0.25,-0.73,272.04,-15.47,-49.52,0.21,0.03,0.11,4.09,103.76,149.84,-117.95,0.29,-0.69,0.86,3
4173,53.521,5,0.414,0.13,-0.02,-0.9,244.17,12.24,7.83,1.28,0.32,-0.58,4.09,66.53,103.76,58.44,-0.71,1.53,0.15,3
4174,53.523,6,0.131,-0.29,-0.05,0.95,175.02,32.31,-11.5,-0.56,-0.08,-0.44,4.09,-35.4,108.03,36.01,0.13,-0.06,0.71,3
4175,53.527,4,-0.245,0.18,0.06,-0.95,163.18,18.63,-12.12,0.09,0.02,0.0,4.09,-1.07,-36.01,20.9,-0.37,-0.22,0.9,3
4176,53.531000000000006,0,0.7290000000000001,-0.02,0.68,-0.09,306.79,80.34,-61.35,0.19,-0.09,-0.11,4.09,17.55,4.12,-24.72,-0.89,-0.04,0.25,3
4177,53.535,1,0.895,-0.04,0.44,-0.03,5.04,52.13,-9.37,-0.35,-0.06,-0.07,4.09,-11.14,-9.0,-23.04,-0.94,-0.07,0.29,3
4178,53.537,7,-0.03,0.04,-0.11,-0.99,191.2,5.31,12.83,-0.08,-0.04,-0.02,0.0,2.14,-27.16,13.73,0.02,0.19,0.98,3
4179,53.541000000000004,2,0.355,0.07,0.13,0.92,151.65,-2.08,17.0,-0.14,0.02,-0.08,4.09,-10.38,-18.92,-14.34,0.12,0.37,0.86,3
4180,53.542,3,0.48,-0.25,0.2,-0.82,259.0,-12.8,-35.3,-0.17,-0.08,0.18,4.09,117.95,78.89,-43.33,0.23,-0.8,0.81,3
4181,53.625,5,0.327,0.25,-0.06,-0.91,237.33,23.99,17.73,0.11,0.05,-0.18,4.09,119.93,84.53,-163.42,-0.31,0.26,0.71,3
4182,53.628,6,0.083,-0.36,-0.06,0.93,178.99,41.76,-12.58,-0.55,0.06,-0.5,4.09,-31.28,38.45,36.47,0.05,0.03,0.76,3
4183,53.632,4,-0.23600000000000002,0.16,0.05,-0.96,164.7,16.44,-10.91,0.07,0.0,0.01,4.09,14.95,-10.99,-7.63,-0.34,-0.2,0.92,3
4184,53.63399999999999,0,0.731,-0.02,0.68,-0.1,306.07,79.56,-61.01,0.25,0.01,-0.01,4.09,11.44,1.68,-2.75,-0.95,-0.13,0.33,3
4185,53.638000000000005,1,0.8959999999999999,-0.06,0.44,-0.04,2.41,51.36,-13.51,-0.12,-0.07,-0.04,4.09,-23.04,-15.72,-15.11,-0.83,-0.07,0.5,3
4186,53.638999999999996,7,-0.01,0.01,-0.11,-0.99,193.06,1.42,12.53,-0.02,-0.04,-0.01,0.0,3.51,-39.83,32.2,-0.01,0.19,0.97,3
4187,53.643,2,0.368,0.08,0.12,0.92,149.84,-3.7,16.43,0.06,0.03,-0.02,4.09,6.87,-16.78,-14.34,0.0,0.26,0.95,3
4188,53.645,3,0.478,-0.2,0.13,-0.84,255.89,-12.46,-25.12,0.38,-0.06,-0.1,4.09,55.54,-19.53,-25.18,0.0,-0.09,0.96,3
4189,53.724,5,0.207,0.32,-0.06,-0.92,224.67,34.53,17.14,-0.51,0.12,-0.13,4.09,-15.41,39.98,-86.98,-0.02,0.2,1.03,3
4190,53.726000000000006,6,0.048,-0.38,-0.07,0.92,182.5,43.79,-13.76,-0.42,0.15,-0.78,4.09,-31.43,-19.99,34.48,0.18,0.17,0.46,3
4191,53.731,4,-0.24,0.15,0.05,-0.96,164.58,14.95,-10.28,0.1,-0.05,-0.01,4.09,-1.22,-11.14,-4.73,-0.32,-0.23,0.91,3
4192,53.732,0,0.732,-0.01,0.67,-0.11,307.08,79.49,-58.82,0.19,-0.07,-0.16,4.09,6.41,2.29,2.75,-0.89,-0.16,0.2,3
4193,53.736000000000004,1,0.9009999999999999,-0.08,0.43,-0.03,3.98,49.76,-14.26,-0.08,-0.04,-0.03,4.09,-22.58,-16.63,24.57,-0.8,-0.11,0.55,3
4194,53.738,7,-0.008,-0.03,-0.11,-0.99,192.75,-3.52,13.12,-0.11,-0.11,-0.11,0.0,6.56,-55.69,0.46,0.16,0.09,0.89,3
4195,53.742,2,0.382,0.1,0.13,0.91,147.82,-4.39,18.12,0.05,-0.01,0.01,4.09,32.2,-12.36,-20.6,0.06,0.26,0.94,3
4196,53.744,3,0.44299999999999995,-0.21,0.12,-0.86,251.62,-14.66,-24.35,0.07,-0.9,1.25,4.09,-54.02,-2.14,40.28,-0.47,-0.82,1.48,3
4197,53.826,5,0.207,0.31,-0.01,-0.93,222.35,34.45,10.2,-1.36,0.73,-0.14,4.09,-58.14,-63.32,9.77,0.73,0.23,1.57,3
4198,53.82899999999999,6,0.038,-0.33,-0.09,0.94,184.3,38.32,-14.53,-1.03,1.27,1.23,4.09,-3.51,-17.55,-5.95,-0.61,0.62,2.05,3
4199,53.833999999999996,4,-0.23800000000000002,0.13,0.06,-0.96,164.93,13.12,-10.9,0.11,-0.04,0.0,4.09,-3.05,-15.72,0.61,-0.3,-0.24,0.93,3
4200,53.835,0,0.7440000000000001,0.01,0.66,-0.07,332.14,81.68,-34.97,0.18,-0.27,0.1,4.09,-29.14,-10.38,3.66,-1.15,0.11,0.22,3
4201,53.839,1,0.9059999999999999,-0.08,0.42,0.0,8.79,49.06,-12.32,-0.09,-0.15,-0.02,4.09,-10.38,2.75,21.36,-0.8,0.01,0.59,3
4202,53.841,7,-0.004,-0.09,-0.11,-0.99,192.44,-9.76,13.01,0.07,0.03,0.27,0.0,-9.16,-57.98,39.06,0.19,0.31,1.15,3
4203,53.846000000000004,2,0.40700000000000003,0.12,0.15,0.89,143.95,-5.35,21.92,0.02,0.08,-0.05,4.09,49.74,-25.94,-63.32,0.01,0.4,0.93,3
4204,53.848,3,0.44299999999999995,-0.23,0.15,-0.85,252.49,-14.63,-28.04,-0.36,-0.26,-0.02,4.09,-27.62,-34.64,28.99,0.24,-0.9,0.71,3
4205,53.928000000000004,5,0.242,0.24,0.01,-0.94,224.4,26.91,6.41,0.73,-0.66,1.76,4.09,-19.07,16.94,45.93,-1.78,0.12,2.19,3
4206,53.931999999999995,6,0.055999999999999994,-0.29,-0.09,0.95,182.98,32.97,-14.47,-0.72,-0.4,-0.06,4.09,1.53,-57.22,-73.24,0.11,-0.65,1.16,3
4207,53.93600000000001,4,-0.23,0.12,0.07,-0.96,166.13,11.47,-11.03,0.09,-0.01,0.01,4.09,3.05,-23.65,5.49,-0.26,-0.23,0.95,3
4208,53.938,0,0.7490000000000001,0.0,0.66,-0.04,346.35,82.07,-24.05,-0.09,0.1,0.04,4.09,-35.4,-1.37,25.18,-1.09,-0.18,0.03,3
4209,53.941,1,0.899,-0.08,0.43,0.02,11.64,50.91,-11.71,-0.26,0.35,0.04,4.09,-17.55,20.45,30.67,-1.2,-0.49,0.31,3
4210,53.943000000000005,7,-0.013999999999999999,-0.11,-0.1,-0.99,191.13,-12.35,12.39,0.18,-0.45,0.2,0.0,-26.86,18.77,8.39,0.04,-0.13,1.22,3
4211,53.948,2,0.446,0.15,0.19,0.86,138.05,-4.82,27.75,0.23,-0.06,0.04,4.09,56.76,-8.09,-29.45,0.05,0.23,1.1,3
4212,53.949,3,0.485,-0.26,0.15,-0.82,259.53,-15.85,-31.28,0.4,-0.11,0.02,4.09,-0.31,-27.62,9.92,0.02,-0.35,0.97,3
4213,54.028,5,0.253,0.22,0.0,-0.94,225.56,24.11,6.84,0.0,0.08,0.01,4.09,-1.37,-27.77,1.37,-0.36,0.17,0.95,3
4214,54.03,6,0.064,-0.26,-0.1,0.96,182.63,28.66,-14.82,-0.55,0.45,-0.31,4.09,3.36,-36.01,4.43,0.1,0.32,0.98,3
4215,54.034,4,-0.228,0.1,0.07,-0.97,166.68,8.68,-10.63,0.18,-0.02,0.08,4.09,12.05,-39.06,1.83,-0.33,-0.3,1.01,3
4216,54.036,0,0.747,0.0,0.66,-0.01,3.85,83.24,-8.97,-0.05,0.02,-0.14,4.09,-22.43,6.56,27.31,-0.85,-0.05,0.05,3
4217,54.04,1,0.8859999999999999,-0.11,0.45,0.01,7.04,53.29,-17.13,-0.76,0.39,-0.1,4.09,3.36,23.96,-9.77,-1.1,-0.26,-0.17,3
4218,54.041000000000004,7,0.004,-0.07,-0.08,-0.99,193.94,-7.52,9.11,-0.07,-0.27,-0.17,0.0,-39.98,84.53,24.11,0.15,-0.1,0.83,3
4219,54.04600000000001,2,0.43200000000000005,0.2,0.23,0.85,137.62,-8.25,34.43,-0.32,0.16,0.38,4.09,66.22,-37.84,35.71,0.25,1.07,0.92,3
4220,54.048,3,0.48700000000000004,-0.27,0.15,-0.82,260.75,-17.24,-32.59,0.32,0.03,-0.03,4.09,0.15,-18.31,15.41,0.22,-0.26,0.95,3
4221,54.13,5,0.27,0.21,0.0,-0.94,227.41,23.22,6.6,0.11,-0.04,-0.03,4.09,-19.84,-18.01,12.97,-0.47,0.18,0.89,3
4222,54.132,0,0.7440000000000001,0.0,0.67,0.02,26.99,83.67,11.82,0.11,0.07,-0.07,4.09,-12.51,7.48,25.94,-0.9,-0.04,0.21,3
4223,54.136,4,-0.261,0.08,0.09,-0.96,162.9,6.7,-12.11,1.39,0.23,0.08,4.09,-63.93,85.14,-38.76,-1.48,-0.76,0.65,3
4224,54.137,6,0.079,-0.23,-0.11,0.96,181.15,25.15,-15.5,-0.62,0.02,-0.18,4.09,0.61,-31.13,-14.04,0.2,-0.12,1.01,3
4225,54.141000000000005,2,0.447,0.22,0.24,0.83,134.88,-8.13,37.12,0.61,-0.06,-0.34,4.09,-55.24,22.58,-48.68,-0.17,-0.04,0.9,3
4226,54.143,7,0.01,0.01,-0.06,-1.0,195.23,0.97,6.38,-0.09,0.08,0.23,0.0,-15.41,89.87,-26.25,0.06,0.18,1.21,3
4227,54.147,1,0.883,-0.1,0.46,0.02,9.01,54.61,-15.25,-0.35,0.01,-0.09,4.09,-10.07,3.97,35.1,-0.92,-0.05,0.18,3
4228,54.148999999999994,3,0.499,-0.28,0.16,-0.8,263.01,-17.23,-33.87,0.35,-0.04,-0.08,4.09,-23.65,-8.54,1.37,0.1,-0.3,0.92,3
4229,54.251999999999995,5,0.261,0.18,0.01,-0.95,225.7,20.49,4.97,0.03,0.01,0.0,4.09,1.53,-20.29,-9.0,-0.37,0.13,0.93,3
4230,54.253,6,0.053,-0.21,-0.11,0.97,184.78,23.43,-14.41,-0.49,0.35,-0.29,4.09,-1.98,-27.31,28.53,0.11,0.21,0.91,3
4231,54.257,4,-0.205,0.17,0.12,-0.96,167.18,16.13,-18.3,0.87,-0.09,-0.17,4.09,-81.02,109.41,56.0,-0.87,-0.56,0.43,3
4232,54.25899999999999,0,0.74,0.01,0.67,0.04,49.66,83.37,32.7,0.14,-0.01,-0.05,4.09,-20.29,10.38,28.53,-0.92,0.06,0.25,3
4233,54.263999999999996,1,0.885,-0.09,0.46,0.04,12.79,54.41,-12.27,-0.31,-0.15,-0.05,4.09,12.97,-9.16,6.56,-0.95,0.06,0.32,3
4234,54.266000000000005,7,-0.012,0.09,-0.04,-0.99,193.09,10.27,5.04,-0.08,0.08,-0.05,0.0,-1.83,83.31,-37.69,-0.09,0.16,0.94,3
4235,54.272,2,0.408,0.15,0.2,0.88,142.97,-5.54,27.64,0.17,-0.16,-0.04,4.09,-124.36,77.82,136.11,0.12,0.29,0.95,3
4236,54.275,3,0.507,-0.29,0.17,-0.79,264.88,-16.82,-36.6,0.31,-0.1,-0.09,4.09,-32.5,-13.28,24.11,0.1,-0.32,0.89,3
4237,54.343999999999994,5,0.258,0.17,0.01,-0.95,225.21,18.96,4.64,0.01,-0.01,0.01,4.09,-0.15,-13.89,-2.75,-0.38,0.15,0.92,3
4238,54.347,0,0.731,0.01,0.68,0.07,72.24,82.39,53.05,-0.24,-0.54,0.34,4.09,-13.12,5.95,-0.46,-1.25,0.73,-0.14,3
4239,54.351000000000006,4,-0.18899999999999997,0.25,0.14,-0.94,166.21,24.31,-23.4,-0.27,-0.27,0.14,4.09,-3.51,30.21,61.65,-0.08,-0.41,1.09,3
4240,54.352,6,0.055,-0.18,-0.11,0.98,185.22,19.34,-14.1,-0.52,0.08,-0.17,4.09,-0.46,-39.98,-6.87,0.21,-0.08,0.97,3
4241,54.356,1,0.8859999999999999,-0.08,0.46,0.04,14.71,54.44,-9.43,-0.23,-0.04,-0.05,4.09,9.77,-3.81,14.8,-0.9,-0.0,0.37,3
4242,54.358000000000004,7,-0.049,0.15,-0.05,-0.99,189.02,17.91,4.51,-0.22,0.03,-0.23,0.0,8.09,59.51,-51.42,-0.04,0.09,0.79,3
4243,54.363,2,0.321,0.06,0.11,0.94,156.06,-2.11,13.52,-0.39,0.08,-0.02,4.09,-117.8,63.93,55.39,0.28,0.54,0.79,3
4244,54.365,3,0.525,-0.31,0.19,-0.77,268.44,-15.85,-39.84,0.12,-0.14,-0.07,4.09,-17.85,-14.34,19.99,0.13,-0.53,0.84,3
4245,54.446999999999996,5,0.25,0.16,0.0,-0.96,224.02,17.36,4.37,0.0,0.0,0.01,4.09,1.98,-13.43,-4.88,-0.3,0.08,0.96,3
4246,54.448,6,0.055,-0.14,-0.11,0.98,185.68,15.67,-14.08,-0.6,0.26,-0.29,4.09,3.51,-35.86,-18.62,0.37,0.13,0.9,3
4247,54.452,4,-0.139,0.22,0.09,-0.96,174.53,23.35,-14.97,-1.06,-0.15,0.12,4.09,69.58,-45.93,43.03,0.52,-0.16,1.42,3
4248,54.45399999999999,0,0.73,-0.0,0.68,0.07,69.16,83.48,49.57,-0.01,-0.03,-0.03,4.09,-11.6,-7.02,-12.97,-1.0,0.14,0.06,3
4249,54.457,1,0.888,-0.06,0.45,0.05,17.29,54.31,-5.94,-0.24,-0.11,-0.07,4.09,20.75,-3.97,5.65,-0.9,0.1,0.35,3
4250,54.458999999999996,7,-0.08199999999999999,0.2,-0.05,-0.98,185.26,23.38,3.83,-0.39,-0.07,-0.19,0.0,10.83,33.42,-24.11,0.05,0.06,0.88,3
4251,54.464,2,0.271,0.01,0.05,0.96,162.62,0.61,6.27,-0.21,0.3,0.06,4.09,1.98,60.12,88.65,0.06,0.81,1.38,3
4252,54.465,3,0.534,-0.32,0.2,-0.76,270.56,-15.54,-42.4,0.18,-0.09,-0.03,4.09,-15.56,-22.74,28.23,0.13,-0.52,0.84,3
4253,54.538000000000004,5,0.251,0.15,-0.0,-0.96,224.04,16.21,4.56,0.06,0.04,0.01,4.09,-5.34,-16.78,1.37,-0.31,0.14,0.96,3
4254,54.54,6,0.073,-0.1,-0.11,0.99,184.4,10.35,-13.29,-0.48,0.06,-0.14,4.09,14.19,-43.18,-12.05,0.33,-0.06,0.95,3
4255,54.544,4,-0.133,0.2,0.07,-0.97,176.04,21.77,-12.03,0.37,-0.33,-0.14,4.09,-39.98,-22.13,-13.73,-0.59,-0.68,0.63,3
4256,54.54600000000001,0,0.737,-0.01,0.67,0.06,51.56,83.73,31.67,0.12,-0.08,-0.05,4.09,1.07,-15.56,-20.14,-0.92,0.11,0.23,3
4257,54.55,1,0.893,-0.05,0.45,0.04,17.15,53.17,-4.41,-0.36,-0.18,-0.16,4.09,10.68,-24.41,-21.97,-0.88,0.14,0.29,3
4258,54.552,7,-0.099,0.21,-0.06,-0.97,183.41,24.81,4.33,-0.42,-0.14,-0.22,0.0,15.11,-21.97,1.98,0.08,0.01,0.88,3
4259,54.556000000000004,2,0.261,-0.0,0.09,0.96,163.96,3.12,10.05,-0.11,-0.19,-0.1,4.09,10.07,-4.12,33.11,0.19,0.22,0.79,3
4260,54.556999999999995,3,0.556,-0.34,0.21,-0.73,274.84,-14.75,-45.12,0.34,-0.11,-0.13,4.09,-30.21,-19.23,12.21,0.09,-0.41,0.84,3
4261,54.63399999999999,5,0.249,0.14,-0.0,-0.96,223.81,14.93,4.57,0.06,0.03,0.0,4.09,-2.14,-11.9,0.92,-0.3,0.13,0.95,3
4262,54.636,6,0.08199999999999999,-0.06,-0.09,0.99,184.0,5.64,-11.42,-0.58,0.14,-0.07,4.09,27.92,-36.32,-22.74,0.44,0.05,0.99,3
4263,54.64,4,-0.11,0.17,0.08,-0.98,179.15,18.85,-11.92,0.1,0.02,0.0,4.09,27.47,-7.02,-25.94,-0.4,-0.19,0.91,3
4264,54.641000000000005,0,0.747,-0.02,0.66,0.04,28.52,83.06,9.38,0.12,-0.15,0.03,4.09,20.9,-3.97,-21.97,-1.01,0.15,0.25,3
4265,54.645,1,0.9,-0.04,0.43,0.02,14.09,51.54,-4.92,-0.25,-0.1,-0.04,4.09,12.97,-8.24,-19.99,-0.9,0.05,0.41,3
4266,54.648999999999994,7,-0.092,0.19,-0.06,-0.98,184.33,22.71,5.24,-0.12,-0.15,-0.06,0.0,32.5,-37.69,12.66,-0.03,0.06,0.72,3
4267,54.652,2,0.28,0.02,0.09,0.96,161.48,0.52,10.71,0.22,0.05,0.03,4.09,19.84,-15.56,-41.5,-0.23,0.09,1.02,3
4268,54.653999999999996,3,0.555,-0.38,0.23,-0.7,278.19,-15.91,-50.89,0.23,-0.26,-0.12,4.09,-72.17,-52.64,-5.19,-0.04,-0.6,0.76,3
4269,54.735,5,0.253,0.13,-0.0,-0.96,224.03,13.9,3.92,0.04,0.01,0.0,4.09,-6.1,-14.04,3.51,-0.26,0.07,0.96,3
4270,54.736999999999995,6,0.094,-0.03,-0.08,0.99,182.94,2.99,-9.78,-0.46,0.37,0.08,4.09,21.51,-6.56,-16.94,0.32,0.27,1.15,3
4271,54.74100000000001,4,-0.12300000000000001,0.16,0.08,-0.98,177.95,17.45,-11.41,0.15,-0.03,0.0,4.09,-8.39,-16.02,-7.32,-0.43,-0.31,0.86,3
4272,54.742,0,0.7490000000000001,-0.03,0.66,0.01,1.44,82.74,-15.43,-0.16,-0.11,0.12,4.09,36.01,2.59,-40.44,-1.16,0.05,-0.02,3
4273,54.747,1,0.898,-0.03,0.44,0.0,12.12,51.95,-5.14,-0.37,-0.18,0.32,4.09,17.4,18.77,-0.46,-1.28,0.08,0.54,3
4274,54.748000000000005,7,-0.07400000000000001,0.17,-0.08,-0.98,186.81,19.58,7.97,-0.21,0.21,0.14,0.0,16.33,-25.94,0.15,-0.18,0.34,1.07,3
4275,54.751999999999995,2,0.294,0.03,0.11,0.95,159.64,0.24,13.5,-0.02,0.01,-0.0,4.09,22.89,-22.43,-40.44,0.02,0.25,0.94,3
4276,54.754,3,0.531,-0.45,0.26,-0.67,282.03,-18.84,-60.9,0.01,0.01,0.44,4.09,-70.5,-33.57,-42.27,0.48,-1.18,0.62,3
4277,54.831,5,0.255,0.11,-0.0,-0.96,224.17,12.38,3.78,0.05,0.0,0.05,4.09,3.51,-19.68,9.46,-0.26,0.09,1.01,3
4278,54.832,0,0.747,-0.03,0.66,-0.02,343.52,82.26,-30.71,-0.07,0.06,0.06,4.09,11.14,1.37,-6.71,-1.04,-0.11,0.05,3
4279,54.838,4,-0.12300000000000001,0.15,0.08,-0.98,178.13,15.93,-11.31,0.11,-0.03,-0.0,4.09,7.93,-3.36,-2.29,-0.36,-0.24,0.9,3
4280,54.839,7,-0.064,0.14,-0.09,-0.98,187.94,16.8,9.37,-0.13,0.04,-0.01,0.0,8.39,-23.5,19.84,-0.17,0.21,0.96,3
4281,54.843,1,0.885,-0.02,0.47,0.02,15.3,55.56,-1.58,-0.65,-0.26,-0.13,4.09,-10.83,36.01,3.36,-1.11,0.26,-0.02,3
4282,54.846000000000004,3,0.535,-0.45,0.27,-0.66,282.56,-18.18,-61.39,0.52,-0.14,-0.19,4.09,79.5,37.99,65.61,0.08,-0.4,0.84,3
4283,54.858999999999995,2,0.33299999999999996,0.05,0.13,0.93,154.6,-0.67,16.04,0.08,0.07,-0.01,4.09,23.65,-20.9,-55.85,-0.13,0.31,0.98,3
4284,54.861000000000004,6,0.131,-0.06,-0.06,0.99,178.52,6.2,-8.09,-0.3,0.24,-0.14,4.09,21.21,63.78,-67.6,0.14,0.17,0.9,3
4285,54.948,5,0.318,0.11,-0.04,-0.94,232.16,11.09,8.29,0.54,-0.01,0.42,4.09,63.48,28.69,122.22,-0.7,0.46,1.07,3
4286,54.949,0,0.747,-0.02,0.66,-0.04,340.5,81.93,-32.04,0.09,0.01,-0.08,4.09,20.29,-1.83,-10.07,-0.89,-0.06,0.19,3
4287,54.953,4,-0.127,0.15,0.08,-0.98,177.76,15.6,-11.13,0.17,-0.06,-0.0,4.09,-7.32,-10.22,3.2,-0.39,-0.34,0.88,3
4288,54.955,6,0.18100000000000002,-0.11,-0.06,0.98,172.15,11.47,-8.95,-0.78,0.07,0.09,4.09,-15.56,39.52,-19.23,0.46,0.19,1.38,3
4289,54.958,1,0.877,-0.03,0.48,0.01,13.09,57.35,-4.56,-0.48,-0.05,-0.05,4.09,-2.59,8.54,-25.02,-1.04,0.02,0.08,3
4290,54.96,7,-0.054000000000000006,0.12,-0.09,-0.99,189.08,14.31,10.21,-0.11,-0.04,-0.0,0.0,7.32,-20.75,13.28,-0.12,0.14,0.97,3
4291,54.965,2,0.365,0.06,0.14,0.92,150.59,-0.34,17.84,0.16,-0.01,0.01,4.09,4.73,-31.28,-31.13,-0.17,0.14,1.03,3
4292,54.966,3,0.5539999999999999,-0.37,0.24,-0.7,277.7,-14.79,-51.63,0.41,-0.03,-0.2,4.09,91.25,101.01,-71.41,0.14,-0.38,0.81,3
4293,55.038000000000004,5,0.361,0.18,-0.05,-0.91,239.24,16.94,13.71,0.96,-0.18,-0.24,4.09,45.62,122.53,9.77,-0.95,0.69,0.37,3
4294,55.04,0,0.746,-0.02,0.66,-0.06,328.94,80.66,-41.29,0.09,-0.02,0.07,4.09,29.14,3.66,-33.26,-1.04,-0.15,0.23,3
4295,55.044,4,-0.124,0.14,0.08,-0.98,178.24,14.39,-10.87,0.16,0.0,-0.01,4.09,3.66,-23.35,7.63,-0.4,-0.21,0.9,3
4296,55.048,6,0.17600000000000002,-0.2,-0.06,0.96,171.23,21.11,-11.04,-0.22,0.1,-0.42,4.09,-31.59,98.11,24.11,-0.03,0.11,0.66,3
4297,55.052,1,0.879,-0.04,0.47,-0.0,9.51,56.6,-7.73,-0.3,0.09,-0.05,4.09,-3.05,-9.46,-6.71,-0.96,-0.15,0.27,3
4298,55.053000000000004,7,-0.051,0.1,-0.1,-0.99,189.22,11.59,10.8,-0.09,-0.09,0.03,0.0,2.59,-28.38,1.98,-0.11,0.11,1.05,3
4299,55.058,2,0.37200000000000005,0.07,0.15,0.91,149.54,-1.41,18.78,-0.07,0.12,-0.02,4.09,10.22,-7.93,-18.31,0.02,0.37,0.91,3
4300,55.06,3,0.504,-0.28,0.21,-0.79,263.95,-13.59,-38.77,0.25,-0.06,0.16,4.09,93.99,75.23,-52.34,0.15,-0.49,1.03,3
4301,55.138999999999996,5,0.34,0.3,-0.06,-0.89,241.6,29.67,21.09,0.23,0.53,-0.1,4.09,94.6,126.34,-20.45,-0.25,0.81,0.67,3
4302,55.141000000000005,0,0.743,-0.01,0.66,-0.1,315.47,78.58,-51.28,0.11,-0.03,-0.11,4.09,24.57,6.41,-13.43,-0.83,-0.07,0.22,3
4303,55.145,4,-0.114,0.12,0.08,-0.98,179.61,12.49,-10.63,0.17,-0.08,-0.02,4.09,8.7,-12.05,-1.07,-0.37,-0.28,0.89,3
4304,55.147,6,0.16,-0.27,-0.06,0.95,171.22,29.58,-13.7,-0.58,0.01,-0.17,4.09,-27.77,89.72,33.11,0.03,-0.0,0.99,3
4305,55.151,1,0.879,-0.05,0.47,-0.01,7.87,56.38,-9.71,-0.27,-0.17,-0.02,4.09,-6.56,3.36,-33.87,-0.95,0.09,0.32,3
4306,55.153,7,-0.044000000000000004,0.07,-0.1,-0.99,189.74,8.45,11.07,-0.07,-0.18,-0.04,0.0,3.66,-26.55,40.74,-0.06,0.04,0.97,3
4307,55.157,2,0.392,0.09,0.14,0.9,146.63,-3.11,19.09,0.11,0.11,0.1,4.09,5.65,-17.85,-19.68,-0.07,0.36,1.04,3
4308,55.158,3,0.48200000000000004,-0.23,0.16,-0.83,257.98,-13.12,-30.38,-0.02,-0.1,-0.15,4.09,66.68,17.85,-32.35,0.11,-0.48,0.69,3
4309,55.255,5,0.27,0.39,-0.08,-0.88,238.5,40.33,27.18,-0.49,0.28,-0.32,4.09,41.81,29.91,-97.96,0.0,0.24,0.86,3
4310,55.257,0,0.738,-0.0,0.66,-0.12,310.6,78.37,-54.02,0.2,-0.12,-0.1,4.09,11.9,7.93,-9.16,-0.89,0.0,0.28,3
4311,55.261,4,-0.109,0.1,0.08,-0.99,180.44,10.85,-10.49,0.14,-0.09,0.0,4.09,-2.29,-19.53,1.53,-0.3,-0.28,0.93,3
4312,55.263000000000005,6,0.135,-0.34,-0.07,0.93,171.85,37.57,-16.37,-0.58,0.09,-0.44,4.09,-40.89,53.71,37.38,0.06,0.09,0.84,3
4313,55.266999999999996,1,0.88,-0.07,0.47,-0.03,2.68,55.42,-14.73,-0.2,0.02,-0.1,4.09,-12.66,-18.31,-14.19,-0.86,-0.13,0.31,3
4314,55.269,7,-0.013000000000000001,0.04,-0.1,-0.99,192.96,4.4,11.54,-0.11,-0.02,-0.01,0.0,3.2,-38.45,30.36,0.05,0.17,0.97,3
4315,55.272,2,0.41700000000000004,0.12,0.13,0.89,142.9,-5.57,19.84,0.16,-0.01,-0.08,4.09,-2.29,-50.66,-32.5,-0.03,0.21,0.92,3
4316,55.273999999999994,3,0.45299999999999996,-0.2,0.13,-0.86,252.62,-13.1,-24.71,-0.04,-0.21,-0.03,4.09,32.35,33.57,-77.36,0.11,-0.82,1.08,3
4317,55.348,5,0.205,0.38,-0.05,-0.9,227.06,41.97,19.12,-0.76,0.14,-0.31,4.09,-43.18,-71.56,-19.68,0.11,0.0,1.01,3
4318,55.349,6,0.098,-0.37,-0.09,0.92,174.5,41.95,-18.96,-0.5,0.26,-0.78,4.09,-32.65,-2.14,12.05,0.14,0.27,0.53,3
4319,55.353,4,-0.109,0.09,0.08,-0.99,180.61,9.39,-9.97,0.13,-0.01,-0.01,4.09,-0.76,-10.83,-1.68,-0.29,-0.21,0.93,3
4320,55.355,0,0.74,0.01,0.66,-0.1,318.2,80.09,-46.51,0.24,-0.26,0.03,4.09,-11.75,-13.58,52.8,-1.03,0.2,0.33,3
4321,55.358999999999995,1,0.888,-0.08,0.45,-0.02,3.11,53.09,-15.73,-0.16,0.04,-0.05,4.09,-9.0,-14.8,12.66,-0.85,-0.19,0.42,3
4322,55.36,7,0.012,-0.01,-0.1,-0.99,195.32,-0.99,11.39,-0.04,0.01,-0.08,0.0,-8.09,-47.3,29.91,0.06,0.2,0.89,3
4323,55.36600000000001,2,0.43700000000000006,0.14,0.14,0.88,139.86,-6.87,21.44,0.03,-0.06,-0.08,4.09,26.55,-14.65,-24.87,0.11,0.32,0.9,3
4324,55.368,3,0.46299999999999997,-0.19,0.12,-0.86,253.49,-13.11,-22.9,-0.19,-0.12,-0.33,4.09,-27.92,-40.28,-9.46,0.09,-0.63,0.49,3
4325,55.479,5,0.191,0.29,-0.01,-0.94,219.75,32.1,9.17,-0.64,-0.57,-0.03,4.09,-66.99,-119.48,-17.24,-0.71,-0.42,1.19,3
4326,55.481,0,0.755,0.03,0.65,-0.06,353.11,81.22,-13.86,0.14,0.11,-0.28,4.09,-49.59,-12.51,37.38,-0.67,-0.12,0.28,3
4327,55.486000000000004,4,-0.105,0.08,0.08,-0.99,181.21,8.02,-9.93,0.17,-0.03,-0.01,4.09,0.46,-15.87,1.68,-0.28,-0.21,0.93,3
4328,55.488,3,0.491,-0.23,0.13,-0.83,258.85,-14.97,-26.84,0.46,0.03,-0.18,4.09,-22.43,-23.19,46.39,0.1,-0.05,0.96,3
4329,55.493,1,0.89,-0.09,0.45,-0.0,6.34,52.88,-14.76,-0.24,0.03,-0.09,4.09,-10.53,-6.26,21.06,-0.85,-0.17,0.32,3
4330,55.494,6,0.09699999999999999,-0.33,-0.12,0.93,175.16,36.69,-20.93,-1.6,1.49,1.9,4.09,-7.63,-41.81,-41.2,-0.97,0.66,3.74,3
4331,55.5,2,0.457,0.16,0.16,0.86,136.51,-7.1,25.14,-0.03,-0.02,-0.21,4.09,47.3,-14.34,-17.55,0.14,0.43,0.73,3
4332,55.501999999999995,7,0.02,-0.07,-0.09,-0.99,195.69,-7.98,10.05,-0.01,-0.02,0.4,0.0,-18.77,-78.12,35.4,0.22,0.24,1.38,3
4333,55.571000000000005,5,0.23199999999999998,0.22,0.02,-0.95,222.53,25.65,4.06,-0.14,-0.13,0.04,4.09,-36.77,-63.78,-39.98,-0.39,-0.15,0.99,3
4334,55.574,0,0.7559999999999999,0.02,0.65,-0.03,7.05,81.75,-3.39,-0.2,0.06,0.07,4.09,-23.65,3.36,10.99,-1.07,-0.13,-0.0,3
4335,55.578,4,-0.102,0.06,0.08,-0.99,181.76,6.23,-9.72,0.21,-0.09,0.0,4.09,23.04,-23.04,-6.87,-0.29,-0.3,0.93,3
4336,55.581,7,0.004,-0.1,-0.09,-0.99,193.44,-11.77,10.43,0.12,-0.39,-0.02,0.0,-0.15,13.12,-50.51,0.07,-0.28,1.1,3
4337,55.588,1,0.894,-0.08,0.44,0.03,12.03,52.18,-11.15,0.0,0.14,-0.09,4.09,-15.41,-3.97,52.95,-0.8,-0.27,0.51,3
4338,55.591,3,0.504,-0.25,0.14,-0.82,261.71,-15.71,-29.55,0.26,-0.14,0.09,4.09,-6.1,-20.75,32.5,0.11,-0.37,1.04,3
4339,55.598,2,0.49,0.19,0.18,0.83,130.87,-8.0,29.4,0.47,0.09,-0.1,4.09,54.78,-27.92,-15.56,-0.13,0.14,0.98,3
4340,55.6,6,0.099,-0.3,-0.12,0.94,176.12,32.51,-20.05,-0.81,-0.14,-0.18,4.09,1.68,-41.2,-16.33,0.28,-0.37,1.14,3
4341,55.678000000000004,5,0.24100000000000002,0.2,0.02,-0.95,223.19,23.33,3.16,0.05,-0.02,-0.01,4.09,9.61,-18.77,11.44,-0.44,0.07,0.9,3
4342,55.68,0,0.75,0.01,0.66,-0.0,17.62,82.85,4.64,-0.1,0.03,-0.05,4.09,-19.23,10.22,11.6,-0.95,-0.04,0.03,3
4343,55.685,4,-0.098,0.03,0.06,-0.99,182.62,2.9,-7.62,0.22,-0.0,0.12,4.09,-0.46,-33.72,21.06,-0.27,-0.2,1.09,3
4344,55.68600000000001,7,0.017,-0.08,-0.08,-0.99,195.3,-8.79,8.98,-0.11,-0.24,-0.19,0.0,-31.74,58.14,41.05,0.22,-0.11,0.81,3
4345,55.69,1,0.888,-0.1,0.45,0.02,9.3,53.09,-15.28,-0.6,0.49,-0.05,4.09,-1.37,26.4,-13.43,-1.16,-0.48,-0.1,3
4346,55.691,3,0.52,-0.26,0.14,-0.8,264.59,-16.18,-31.08,0.29,-0.06,-0.01,4.09,-7.32,-15.72,6.71,0.09,-0.33,1.01,3
4347,55.695,2,0.45799999999999996,0.23,0.22,0.83,132.73,-10.49,36.52,-0.28,0.1,0.37,4.09,49.59,-3.66,20.14,0.28,0.96,0.86,3
4348,55.696999999999996,6,0.106,-0.27,-0.13,0.95,176.18,28.8,-19.96,-0.51,0.35,-0.35,4.09,7.32,-30.06,11.75,0.03,0.23,0.88,3
4349,55.753,5,0.237,0.19,0.01,-0.95,222.83,21.96,4.06,0.13,0.02,-0.0,4.09,-4.73,-13.12,2.75,-0.48,0.19,0.86,3
4350,55.755,0,0.747,0.01,0.66,0.02,28.93,83.03,14.05,0.05,0.01,-0.01,4.09,-18.77,-1.83,15.41,-0.98,0.01,0.18,3
4351,55.76,4,-0.10300000000000001,0.04,0.06,-0.99,182.0,4.08,-7.14,1.23,-0.02,0.09,4.09,-31.74,126.65,-69.43,-1.21,-0.4,0.95,3
4352,55.762,6,0.107,-0.24,-0.13,0.96,176.78,26.05,-19.25,-0.67,0.18,-0.23,4.09,4.27,-27.01,-34.18,0.21,-0.04,1.03,3
4353,55.766999999999996,1,0.885,-0.1,0.45,0.03,9.88,54.08,-14.68,-0.4,0.05,-0.07,4.09,-1.37,-1.68,23.8,-0.95,-0.16,0.2,3
4354,55.768,7,0.031,-0.03,-0.05,-1.0,197.4,-4.13,5.75,-0.04,0.18,0.08,0.0,-14.04,55.85,-28.84,0.16,0.24,1.13,3
4355,55.773999999999994,2,0.474,0.24,0.25,0.81,130.1,-8.66,40.1,0.45,-0.14,-0.58,4.09,-11.44,30.52,-31.59,-0.01,-0.08,0.63,3
4356,55.776,3,0.5329999999999999,-0.27,0.14,-0.79,266.9,-16.21,-32.21,0.44,-0.02,-0.05,4.09,-5.65,-17.85,15.41,0.12,-0.17,1.03,3
4357,55.846000000000004,5,0.23600000000000002,0.18,0.01,-0.96,222.42,20.14,3.54,0.07,0.03,0.0,4.09,-3.36,-11.9,2.44,-0.4,0.13,0.92,3
4358,55.849,0,0.747,0.01,0.66,0.04,45.15,82.29,28.37,0.1,0.01,-0.05,4.09,-13.89,4.43,22.28,-0.95,0.08,0.19,3
4359,55.853,4,-0.131,0.13,0.07,-0.98,177.57,14.23,-10.08,0.84,-0.23,-0.35,4.09,-27.62,108.34,13.89,-0.89,-0.53,0.38,3
4360,55.854,6,0.124,-0.22,-0.13,0.96,175.45,22.75,-19.29,-0.44,0.1,-0.18,4.09,1.98,-27.01,4.27,0.02,-0.04,0.96,3
4361,55.858000000000004,1,0.8859999999999999,-0.09,0.45,0.04,13.69,53.99,-12.09,-0.38,-0.25,-0.11,4.09,6.71,-11.29,3.36,-0.95,0.19,0.27,3
4362,55.86,7,0.005,0.03,-0.04,-1.0,194.79,2.99,4.73,0.19,0.1,0.13,0.0,6.1,89.57,-27.92,-0.23,0.19,1.15,3
4363,55.864,2,0.451,0.18,0.22,0.85,136.03,-6.59,32.62,0.31,-0.08,-0.05,4.09,-112.76,69.12,39.06,0.01,0.24,0.97,3
4364,55.86600000000001,3,0.544,-0.28,0.15,-0.78,268.9,-16.06,-33.46,0.26,-0.13,-0.03,4.09,-29.91,-2.44,0.76,0.09,-0.36,0.96,3
4365,55.949,5,0.23600000000000002,0.17,0.01,-0.96,222.36,18.89,3.63,0.07,0.05,0.01,4.09,-0.92,-2.44,7.63,-0.38,0.14,0.93,3
4366,55.951,0,0.741,0.01,0.67,0.06,62.21,81.64,43.69,0.08,-0.08,-0.01,4.09,-17.24,17.24,15.72,-0.96,0.17,0.18,3
4367,55.955,4,-0.131,0.21,0.08,-0.97,175.94,22.77,-13.18,0.14,-0.34,-0.05,4.09,-22.13,58.29,25.79,-0.35,-0.56,0.79,3
4368,55.957,6,0.113,-0.19,-0.13,0.97,177.51,20.15,-17.96,-0.5,0.34,-0.29,4.09,1.83,-37.23,-12.97,0.13,0.19,0.9,3
4369,55.961000000000006,1,0.887,-0.08,0.45,0.04,14.65,54.16,-9.78,-0.25,0.05,-0.02,4.09,17.24,0.0,8.85,-0.94,-0.11,0.36,3
4370,55.963,7,-0.016,0.12,-0.05,-0.99,192.82,13.54,5.56,-0.08,0.11,-0.21,0.0,17.24,95.83,-43.18,-0.1,0.18,0.76,3
4371,55.968,2,0.387,0.1,0.14,0.91,147.03,-4.1,19.87,-0.06,-0.12,0.02,4.09,-109.56,82.7,146.18,0.24,0.35,0.96,3
4372,55.97,3,0.552,-0.29,0.16,-0.76,270.78,-15.21,-36.42,0.22,0.01,-0.08,4.09,-25.18,-15.87,24.87,0.18,-0.36,0.84,3
4373,56.068000000000005,5,0.23800000000000002,0.16,0.01,-0.96,222.54,17.97,3.36,0.06,0.05,0.0,4.09,-0.61,-10.68,0.15,-0.32,0.12,0.95,3
4374,56.068999999999996,6,0.124,-0.16,-0.13,0.97,176.83,16.23,-18.22,-0.57,0.19,-0.24,4.09,3.05,-35.86,-25.02,0.27,0.04,0.94,3
4375,56.073,4,-0.13699999999999998,0.23,0.08,-0.96,174.54,25.25,-14.46,-1.12,0.23,-0.1,4.09,32.2,-16.94,-107.88,0.49,0.34,1.43,3
4376,56.075,0,0.7340000000000001,0.0,0.68,0.07,67.86,82.41,48.12,0.09,0.27,-0.06,4.09,-1.22,-1.83,-17.4,-0.94,-0.19,0.19,3
4377,56.078,1,0.8859999999999999,-0.06,0.46,0.05,17.83,54.7,-5.95,-0.23,-0.1,-0.11,4.09,7.78,-6.26,17.55,-0.85,0.08,0.35,3
4378,56.08,7,-0.067,0.19,-0.06,-0.98,187.34,21.8,5.6,-0.37,-0.2,-0.13,0.0,16.94,66.22,-51.73,0.03,-0.06,0.97,3
4379,56.085,2,0.33299999999999996,0.04,0.07,0.94,154.82,-1.86,9.64,0.0,0.15,-0.3,4.09,-79.04,-44.25,-33.57,-0.03,0.29,0.73,3
4380,56.086999999999996,3,0.561,-0.3,0.18,-0.75,272.92,-14.71,-38.96,0.23,0.02,0.01,4.09,-25.33,-3.97,15.87,0.22,-0.41,0.89,3
4381,56.15,5,0.233,0.15,0.0,-0.96,221.85,16.87,3.75,0.1,0.03,0.0,4.09,5.49,-13.12,-5.19,-0.36,0.14,0.93,3
4382,56.152,0,0.737,-0.01,0.67,0.06,55.6,83.43,35.51,0.02,-0.03,-0.01,4.09,5.04,-7.48,-17.24,-0.97,0.08,0.14,3
4383,56.156000000000006,4,-0.21,0.19,0.06,-0.96,167.26,20.11,-11.76,-0.07,0.62,0.34,4.09,35.55,-19.68,90.79,-1.24,0.77,1.19,3
4384,56.158,6,0.14800000000000002,-0.12,-0.13,0.97,175.07,11.34,-17.27,-0.4,0.08,-0.14,4.09,10.83,-39.37,-13.89,0.18,-0.1,0.91,3
4385,56.162,1,0.893,-0.05,0.44,0.05,18.07,52.93,-4.46,-0.32,-0.2,-0.15,4.09,22.43,-23.8,-23.8,-0.87,0.2,0.27,3
4386,56.163999999999994,7,-0.10300000000000001,0.22,-0.07,-0.97,183.18,26.37,5.31,-0.48,-0.19,-0.54,0.0,7.32,0.76,-19.53,0.28,-0.05,0.64,3
4387,56.168,2,0.326,0.05,0.06,0.94,155.66,-2.66,8.79,0.48,0.46,0.65,4.09,56.92,27.01,-25.79,-0.46,-0.23,1.23,3
4388,56.17,3,0.5720000000000001,-0.32,0.19,-0.73,275.27,-14.26,-41.16,0.35,-0.11,-0.09,4.09,-26.86,-9.77,8.39,0.09,-0.37,0.92,3
4389,56.248000000000005,5,0.228,0.14,0.0,-0.96,221.23,15.49,3.7,-0.01,-0.02,0.02,4.09,4.58,-13.43,-8.39,-0.25,0.04,0.98,3
4390,56.25,0,0.7440000000000001,-0.02,0.67,0.04,34.09,83.46,14.85,0.17,-0.07,-0.12,4.09,11.14,-14.19,-29.75,-0.87,0.08,0.27,3
4391,56.254,4,-0.179,0.18,0.06,-0.97,171.21,18.7,-11.37,0.22,-0.09,-0.0,4.09,-5.65,-26.7,40.74,-0.47,-0.34,0.84,3
4392,56.256,6,0.152,-0.08,-0.12,0.98,175.43,6.91,-15.09,-0.6,0.16,-0.2,4.09,16.63,-31.43,5.65,0.42,0.1,0.91,3
4393,56.26,1,0.904,-0.04,0.43,0.02,13.94,50.4,-5.31,-0.18,0.02,0.04,4.09,26.55,-17.24,-23.04,-0.9,-0.06,0.49,3
4394,56.261,3,0.568,-0.34,0.21,-0.72,276.55,-14.43,-45.13,0.25,0.01,-0.16,4.09,-44.71,-19.07,15.11,0.18,-0.4,0.75,3
4395,56.276,2,0.307,0.05,0.1,0.95,157.89,-2.19,12.24,-0.07,0.06,0.0,4.09,7.48,-31.59,-1.22,0.0,0.36,0.95,3
4396,56.278,7,-0.096,0.2,-0.07,-0.97,184.05,23.2,6.05,-0.3,-0.35,0.67,0.0,-3.05,-30.52,22.58,-0.57,-0.17,1.67,3
4397,56.36600000000001,5,0.226,0.13,-0.0,-0.97,220.86,14.44,3.61,0.08,0.01,0.0,4.09,-8.85,-17.7,0.15,-0.3,0.11,0.96,3
4398,56.367,0,0.75,-0.02,0.66,0.02,12.5,82.72,-4.5,0.02,0.08,0.06,4.09,32.04,-8.24,-18.01,-1.01,-0.08,0.17,3
4399,56.372,4,-0.18,0.17,0.05,-0.97,171.44,17.51,-9.91,0.17,0.01,-0.0,4.09,14.04,-12.82,-10.53,-0.45,-0.22,0.87,3
4400,56.373000000000005,6,0.152,-0.04,-0.11,0.98,176.14,2.98,-12.97,-0.35,0.15,0.05,4.09,19.38,-33.57,34.64,0.2,0.08,1.13,3
4401,56.376999999999995,1,0.909,-0.04,0.41,-0.0,11.35,48.95,-5.93,-0.13,-0.15,0.05,4.09,10.22,3.81,-18.62,-0.89,0.1,0.62,3
4402,56.379,7,-0.09,0.17,-0.08,-0.98,184.9,20.61,7.28,0.05,0.19,-0.21,0.0,12.66,-28.84,28.84,-0.37,0.42,0.8,3
4403,56.386,2,0.33399999999999996,0.07,0.1,0.93,154.32,-3.92,13.29,0.2,0.05,-0.04,4.09,21.67,-22.28,-32.65,-0.11,0.13,0.96,3
4404,56.387,3,0.573,-0.39,0.23,-0.68,281.75,-15.78,-52.04,0.49,-0.1,0.21,4.09,-45.78,-37.23,47.0,0.24,-0.64,1.12,3
4405,56.467,5,0.225,0.11,0.0,-0.97,220.49,12.37,2.81,0.01,0.02,0.01,4.09,-11.75,-18.01,3.2,-0.24,0.12,0.98,3
4406,56.468999999999994,0,0.7509999999999999,-0.01,0.66,-0.02,355.24,82.15,-17.45,0.0,0.14,0.13,4.09,35.86,1.37,-21.51,-1.09,-0.23,0.12,3
4407,56.472,4,-0.18600000000000003,0.15,0.05,-0.97,171.04,15.78,-9.5,0.18,-0.04,-0.02,4.09,1.37,-21.82,0.0,-0.43,-0.25,0.86,3
4408,56.474,6,0.141,-0.04,-0.1,0.98,177.46,2.83,-11.78,-0.52,0.44,0.32,4.09,12.97,32.04,2.9,0.31,0.28,1.35,3
4409,56.478,1,0.898,-0.02,0.44,0.0,12.78,52.17,-3.05,-0.07,0.26,-0.11,4.09,8.54,62.1,53.1,-0.75,-0.24,0.46,3
4410,56.479,7,-0.081,0.15,-0.09,-0.98,186.02,17.46,9.29,-0.25,-0.17,-0.01,0.0,16.94,-23.5,24.57,-0.07,0.06,0.94,3
4411,56.483999999999995,2,0.355,0.08,0.12,0.92,151.48,-4.17,15.85,-0.12,0.11,-0.04,4.09,17.24,-10.38,-30.98,0.12,0.42,0.88,3
4412,56.485,3,0.569,-0.43,0.23,-0.66,285.3,-17.76,-57.07,0.35,-0.15,0.07,4.09,2.9,-23.19,17.7,0.15,-0.63,0.89,3
4413,56.56100000000001,5,0.237,0.09,0.01,-0.97,221.8,10.79,1.66,0.16,0.03,0.13,4.09,-15.26,-13.73,64.85,-0.49,0.23,1.12,3
4414,56.563,6,0.166,-0.09,-0.08,0.98,173.99,8.88,-10.56,-0.39,0.36,-0.27,4.09,15.56,72.33,-52.95,0.13,0.3,0.83,3
4415,56.567,4,-0.183,0.14,0.06,-0.97,171.49,14.1,-9.89,0.16,-0.06,-0.01,4.09,-4.27,-7.63,-5.8,-0.37,-0.33,0.87,3
4416,56.568999999999996,0,0.7509999999999999,0.0,0.66,-0.05,344.04,81.58,-25.59,-0.03,-0.01,0.01,4.09,30.52,-2.29,-20.45,-1.0,-0.07,0.11,3
4417,56.573,1,0.889,-0.01,0.46,0.01,15.28,54.37,-1.13,-0.34,0.15,0.12,4.09,3.51,2.44,-9.0,-1.11,-0.16,0.37,3
4418,56.574,7,-0.07400000000000001,0.12,-0.1,-0.98,186.85,15.07,10.73,-0.12,-0.07,-0.03,0.0,11.14,-22.89,-0.31,-0.12,0.12,0.96,3
4419,56.578,2,0.396,0.1,0.13,0.9,146.02,-4.32,17.87,0.13,-0.04,0.05,4.09,9.61,-18.01,-42.11,-0.01,0.18,1.02,3
4420,56.58,3,0.575,-0.4,0.22,-0.68,282.66,-16.74,-52.23,0.56,-0.01,-0.21,4.09,73.24,94.76,-97.05,0.22,-0.28,0.92,3
4421,56.653,5,0.392,0.14,-0.02,-0.91,241.81,14.31,8.91,0.76,-0.64,0.19,4.09,65.46,111.85,204.62,-1.28,0.17,0.77,3
4422,56.655,0,0.75,0.01,0.66,-0.08,336.89,81.01,-29.79,0.16,0.0,-0.13,4.09,24.11,6.1,-6.56,-0.84,-0.04,0.29,3
4423,56.659,4,-0.18600000000000003,0.13,0.06,-0.97,171.17,13.52,-10.12,0.16,-0.0,-0.02,4.09,5.8,-11.44,-1.68,-0.4,-0.21,0.89,3
4424,56.66,6,0.21100000000000002,-0.15,-0.07,0.96,167.83,15.18,-11.42,-0.4,0.01,-0.05,4.09,-8.54,73.7,-17.09,0.12,-0.03,1.03,3
4425,56.665,1,0.888,-0.02,0.46,-0.0,11.89,54.59,-4.12,-0.47,-0.03,-0.17,4.09,2.59,-2.29,-37.23,-0.94,0.0,0.1,3
4426,56.667,7,-0.067,0.1,-0.11,-0.99,187.58,12.57,11.46,-0.1,-0.04,-0.02,0.0,9.31,-23.5,15.87,-0.11,0.15,0.95,3
4427,56.67,2,0.415,0.11,0.13,0.89,143.52,-4.51,19.23,0.18,0.14,0.07,4.09,19.38,3.97,5.34,-0.06,0.33,1.02,3
4428,56.672,3,0.524,-0.31,0.18,-0.77,268.13,-16.4,-39.06,0.12,0.09,-0.07,4.09,100.71,98.57,-65.16,0.32,-0.39,0.74,3
4429,56.756,5,0.4,0.24,-0.05,-0.88,246.42,22.61,17.8,0.61,-0.02,-0.2,4.09,109.86,53.71,-88.5,-0.66,0.62,0.42,3
4430,56.758,0,0.741,0.03,0.66,-0.1,326.07,81.43,-38.03,0.1,-0.04,-0.05,4.09,23.35,14.5,-14.8,-0.94,-0.04,0.21,3
4431,56.762,4,-0.179,0.11,0.07,-0.97,172.27,11.51,-10.0,0.2,-0.12,-0.01,4.09,13.89,-21.36,0.76,-0.31,-0.32,0.91,3
4432,56.765,6,0.204,-0.23,-0.06,0.95,166.93,24.1,-13.25,-0.52,0.11,-0.11,4.09,-19.99,90.33,-0.76,0.02,0.1,0.99,3
4433,56.769,1,0.893,-0.03,0.45,-0.03,7.01,53.01,-7.52,-0.27,0.1,-0.06,4.09,-0.61,-15.11,-15.41,-0.91,-0.14,0.34,3
4434,56.771,7,-0.055,0.07,-0.11,-0.99,188.75,9.18,12.45,-0.08,-0.02,-0.0,0.0,6.56,-29.6,15.72,-0.06,0.19,0.97,3
4435,56.775,2,0.426,0.12,0.13,0.89,141.64,-6.0,19.84,0.12,0.13,0.01,4.09,-9.31,-25.02,-15.72,-0.08,0.24,0.97,3
4436,56.776,3,0.47700000000000004,-0.22,0.15,-0.84,256.58,-12.57,-28.58,0.16,-0.12,-0.1,4.09,49.44,52.49,-29.91,0.02,-0.34,0.93,3
4437,56.872,5,0.305,0.3,-0.07,-0.9,236.86,29.61,20.56,-0.08,0.08,-0.02,4.09,36.62,15.87,-139.47,-0.41,0.32,0.87,3
4438,56.873999999999995,0,0.737,0.03,0.66,-0.12,318.57,81.1,-43.01,0.21,-0.0,-0.06,4.09,28.08,5.95,-10.22,-0.9,-0.0,0.28,3
4439,56.878,4,-0.18,0.1,0.06,-0.98,172.33,9.97,-9.11,0.15,-0.01,-0.01,4.09,0.31,-14.04,0.76,-0.3,-0.21,0.93,3
4440,56.88,6,0.188,-0.29,-0.06,0.94,166.92,31.21,-15.61,-0.54,0.01,-0.21,4.09,-33.57,76.6,48.07,-0.01,0.01,0.95,3
4441,56.88399999999999,1,0.9009999999999999,-0.04,0.43,-0.03,6.13,50.88,-8.57,-0.25,-0.05,-0.05,4.09,-5.95,-24.87,-3.36,-0.91,-0.05,0.41,3
4442,56.886,7,-0.044000000000000004,0.04,-0.12,-0.99,189.55,5.36,13.18,-0.06,-0.09,-0.05,0.0,12.21,-41.5,14.65,-0.02,0.13,0.94,3
4443,56.89,2,0.444,0.14,0.13,0.88,138.94,-7.47,20.52,0.14,-0.03,-0.01,4.09,11.29,-23.65,-18.62,0.03,0.24,1.0,3
4444,56.891000000000005,3,0.44799999999999995,-0.19,0.14,-0.86,251.31,-11.52,-24.11,0.04,-0.07,-0.07,4.09,16.48,-1.68,-62.26,0.11,-0.42,0.83,3
4445,56.966,5,0.204,0.31,-0.04,-0.93,223.19,33.91,14.27,-0.5,0.08,0.18,4.09,-6.71,-0.76,-123.29,-0.25,0.18,1.24,3
4446,56.968,0,0.733,0.05,0.66,-0.14,312.79,80.67,-46.25,0.15,-0.17,-0.13,4.09,7.78,7.48,-16.63,-0.86,0.08,0.2,3
4447,56.971000000000004,4,-0.183,0.09,0.06,-0.98,172.12,9.04,-9.06,0.2,-0.01,-0.02,4.09,11.75,-17.09,-3.05,-0.33,-0.23,0.92,3
4448,56.973,6,0.14800000000000002,-0.34,-0.06,0.93,170.38,37.94,-16.09,-0.65,0.18,-0.48,4.09,-16.33,31.13,30.67,0.12,0.22,0.81,3
4449,56.977,1,0.905,-0.05,0.42,-0.02,6.57,49.64,-9.5,-0.15,-0.01,-0.02,4.09,-14.19,-17.55,6.71,-0.84,-0.07,0.51,3
4450,56.979,7,-0.039,-0.0,-0.13,-0.99,189.56,0.37,14.5,-0.1,-0.04,-0.03,0.0,15.72,-52.64,5.49,0.1,0.2,0.93,3
4451,56.983000000000004,2,0.462,0.15,0.12,0.86,136.2,-8.64,20.88,0.01,0.02,-0.08,4.09,2.14,-27.77,-35.55,0.11,0.32,0.84,3
4452,56.985,3,0.429,-0.2,0.12,-0.87,249.5,-14.33,-23.74,0.34,-0.3,0.73,4.09,-2.44,-8.85,-16.33,0.11,-0.88,1.93,3
4453,57.06100000000001,5,0.16399999999999998,0.29,-0.02,-0.94,216.33,32.6,8.57,-0.84,0.22,-0.38,4.09,-47.3,-81.63,-29.14,1.17,0.03,0.96,3
4454,57.063,0,0.733,0.05,0.66,-0.13,316.26,81.28,-42.53,0.22,-0.16,-0.18,4.09,-10.83,-0.31,31.74,-0.82,0.07,0.27,3
4455,57.068000000000005,4,-0.187,0.08,0.06,-0.98,171.91,7.22,-8.07,0.09,0.04,0.01,4.09,-0.61,-11.29,-5.65,-0.21,-0.13,0.98,3
4456,57.07,6,0.131,-0.34,-0.07,0.93,172.59,38.26,-15.56,-0.57,0.24,-0.67,4.09,-8.24,-48.98,-3.36,0.15,0.28,0.63,3
4457,57.074,1,0.9079999999999999,-0.06,0.41,-0.01,8.11,48.77,-10.11,-0.18,-0.05,-0.04,4.09,-17.24,-2.29,4.27,-0.84,-0.05,0.48,3
4458,57.075,7,-0.038,-0.05,-0.13,-0.99,188.89,-5.56,15.71,-0.12,-0.08,-0.03,0.0,-2.44,-49.9,16.17,0.23,0.14,0.91,3
4459,57.07899999999999,2,0.502,0.18,0.13,0.84,130.1,-9.33,24.17,0.34,-0.19,-0.03,4.09,24.72,-21.06,-39.67,0.18,0.05,1.05,3
4460,57.081,3,0.425,-0.23,0.14,-0.87,250.17,-15.85,-26.89,-0.07,-0.16,-0.19,4.09,-26.7,-50.66,28.99,0.09,-0.52,0.72,3
4461,57.161,5,0.166,0.23,0.01,-0.96,214.54,25.91,3.81,0.18,-0.5,-0.29,4.09,-24.87,-51.27,14.34,-0.48,-0.23,0.81,3
4462,57.163000000000004,0,0.7440000000000001,0.05,0.66,-0.1,337.6,81.96,-23.53,0.08,-0.13,0.14,4.09,-41.5,-10.38,16.94,-1.13,0.08,0.19,3
4463,57.168,4,-0.187,0.06,0.06,-0.98,171.99,5.75,-7.97,0.19,-0.01,-0.01,4.09,13.73,-31.74,1.53,-0.25,-0.19,0.94,3
4464,57.17,7,-0.002,-0.12,-0.12,-0.99,192.18,-13.23,13.98,-0.05,0.11,0.22,0.0,-1.37,-59.05,14.04,0.32,0.38,1.12,3
4465,57.174,1,0.9059999999999999,-0.07,0.42,-0.0,8.7,49.3,-10.86,-0.19,0.12,-0.06,4.09,-7.17,2.9,3.51,-0.83,-0.25,0.44,3
4466,57.175,6,0.153,-0.29,-0.08,0.94,170.79,31.67,-16.52,-0.43,0.1,-0.19,4.09,14.19,-25.94,-3.51,0.04,0.04,0.54,3
4467,57.178999999999995,2,0.522,0.2,0.15,0.82,126.45,-9.8,27.48,0.0,0.02,-0.08,4.09,44.56,-22.89,-15.26,0.16,0.46,0.87,3
4468,57.181000000000004,3,0.456,-0.25,0.15,-0.84,255.78,-16.73,-30.73,0.04,-0.08,-0.0,4.09,-30.06,-19.38,42.72,0.2,-0.5,0.87,3
4469,57.25899999999999,5,0.183,0.2,0.0,-0.96,216.48,23.06,4.35,-0.03,0.07,0.04,4.09,3.05,-29.45,5.65,-0.33,0.16,0.97,3
4470,57.261,0,0.7490000000000001,0.04,0.66,-0.07,351.56,82.13,-13.18,-0.1,-0.06,0.08,4.09,-40.13,-3.66,13.73,-1.09,0.02,0.04,3
4471,57.266000000000005,4,-0.18100000000000002,0.04,0.05,-0.98,172.92,3.15,-6.91,0.19,0.01,-0.01,4.09,11.14,-21.51,4.88,-0.2,-0.16,0.96,3
4472,57.266999999999996,6,0.174,-0.25,-0.09,0.95,169.45,26.32,-16.14,-0.58,-0.41,0.39,4.09,-7.17,-40.59,-15.41,-0.04,-0.45,1.36,3
4473,57.272,1,0.899,-0.08,0.43,0.0,8.24,50.69,-12.74,-0.63,-0.21,0.4,4.09,-16.78,26.4,-35.4,-1.47,0.31,0.49,3
4474,57.273,7,-0.025,-0.15,-0.11,-0.98,189.11,-16.64,13.97,0.13,-0.59,0.22,0.0,-33.42,-6.1,42.57,0.27,-0.29,1.3,3
4475,57.277,2,0.531,0.24,0.19,0.79,123.21,-10.05,34.07,0.56,-0.04,-0.0,4.09,65.92,-11.14,12.82,0.04,0.19,1.13,3
4476,57.278999999999996,3,0.483,-0.27,0.16,-0.82,260.15,-16.48,-33.22,0.17,-0.06,-0.04,4.09,-6.71,-7.17,31.13,0.2,-0.36,0.82,3
4477,57.36600000000001,5,0.19399999999999998,0.19,-0.0,-0.96,217.64,21.07,4.46,-0.03,-0.02,0.02,4.09,6.87,-17.24,-2.44,-0.34,0.04,0.97,3
4478,57.367,0,0.747,0.03,0.66,-0.04,3.49,83.19,-4.83,-0.08,0.15,-0.03,4.09,-34.03,9.16,23.8,-0.96,-0.18,0.05,3
4479,57.372,4,-0.183,0.0,0.05,-0.98,173.03,-0.73,-5.49,1.06,0.04,0.22,4.09,-15.72,-3.66,-68.36,-0.98,-0.46,1.17,3
4480,57.373000000000005,6,0.17300000000000001,-0.22,-0.09,0.95,170.17,23.11,-16.13,-0.65,0.19,-0.24,4.09,2.14,-37.99,-0.15,0.18,0.13,1.02,3
4481,57.376999999999995,1,0.885,-0.1,0.45,-0.03,0.54,53.0,-19.14,-0.63,0.22,0.01,4.09,7.17,20.29,-1.68,-1.17,-0.27,0.09,3
4482,57.379,7,-0.004,-0.12,-0.08,-0.99,192.42,-14.06,9.59,0.07,-0.16,-0.14,0.0,-45.32,60.88,10.07,0.12,-0.02,0.87,3
4483,57.383,2,0.507,0.29,0.25,0.77,123.03,-11.47,43.43,-0.09,-0.04,0.17,4.09,73.55,-19.53,18.31,0.25,0.9,0.74,3
4484,57.385,3,0.505,-0.29,0.16,-0.8,264.1,-17.07,-34.92,0.29,-0.02,-0.04,4.09,-6.71,-27.31,21.51,0.19,-0.34,0.93,3
4485,57.463,5,0.19,0.17,-0.0,-0.97,217.14,19.51,4.59,0.04,-0.04,0.0,4.09,1.98,-30.36,-6.87,-0.38,0.05,0.93,3
4486,57.468,0,0.7440000000000001,0.02,0.67,-0.01,19.02,83.72,7.79,0.01,-0.02,-0.0,4.09,-23.04,3.36,21.21,-1.0,0.05,0.13,3
4487,57.473,4,-0.263,0.07,0.05,-0.96,163.09,5.56,-8.02,0.49,-0.1,-0.5,4.09,-22.89,95.98,-61.65,-0.38,-0.42,0.37,3
4488,57.475,6,0.17600000000000002,-0.19,-0.1,0.96,170.49,19.82,-15.61,-0.48,0.16,-0.15,4.09,1.83,-21.51,-7.63,0.04,0.05,0.97,3
4489,57.48,2,0.523,0.28,0.26,0.76,121.71,-8.34,44.43,0.63,-0.03,-0.48,4.09,-63.48,80.11,-6.26,-0.08,-0.06,0.82,3
4490,57.482,7,0.005,-0.07,-0.04,-1.0,194.35,-7.5,4.69,0.19,0.2,0.23,0.0,-29.91,93.69,-8.85,-0.06,0.28,1.22,3
4491,57.488,1,0.8809999999999999,-0.09,0.46,-0.02,2.47,54.56,-17.58,-0.44,0.02,-0.09,4.09,-1.53,1.98,42.42,-0.96,-0.11,0.13,3
4492,57.49,3,0.521,-0.3,0.16,-0.78,267.05,-17.37,-36.15,0.36,-0.05,-0.02,4.09,-8.54,-12.05,16.17,0.15,-0.29,0.98,3
4493,57.55,5,0.188,0.16,-0.01,-0.97,216.72,17.94,4.75,0.08,0.03,0.01,4.09,-1.68,-6.56,9.92,-0.36,0.13,0.93,3
4494,57.552,0,0.741,0.02,0.67,0.01,40.22,83.6,26.64,0.13,-0.02,-0.09,4.09,-21.51,7.93,25.94,-0.88,0.08,0.2,3
4495,57.556000000000004,4,-0.201,0.14,0.08,-0.97,168.94,14.1,-12.99,0.84,-0.21,-0.1,4.09,-82.4,103.3,98.72,-0.84,-0.7,0.57,3
4496,57.558,7,-0.009000000000000001,0.02,-0.03,-1.0,193.12,2.65,3.21,0.04,0.18,0.06,0.0,5.49,115.51,-36.62,-0.1,0.28,1.07,3
4497,57.571999999999996,1,0.883,-0.07,0.46,0.01,8.69,55.0,-12.22,-0.37,-0.15,-0.1,4.09,9.31,-3.05,20.75,-0.98,0.03,0.23,3
4498,57.574,3,0.5329999999999999,-0.31,0.16,-0.77,269.09,-17.5,-36.99,0.23,-0.1,-0.03,4.09,-19.23,-9.92,14.65,0.17,-0.39,0.9,3
4499,57.663000000000004,2,0.45299999999999996,0.2,0.24,0.84,135.05,-6.38,35.76,0.06,-0.02,0.07,4.09,-105.9,113.22,95.52,0.12,0.58,0.89,3
4500,57.665,6,0.183,-0.14,-0.08,0.97,171.16,13.77,-12.64,-0.44,0.13,-0.12,4.09,2.29,-27.16,-9.46,0.13,0.1,0.98,3
4501,57.67,5,0.191,0.16,-0.01,-0.97,217.2,17.47,5.15,0.02,0.03,0.0,4.09,3.2,-1.22,4.27,-0.33,0.13,0.94,3
4502,57.67100000000001,0,0.736,0.02,0.68,0.04,61.74,82.82,46.16,0.11,0.0,0.01,4.09,-15.11,8.85,18.62,-1.01,0.11,0.18,3
4503,57.675,4,-0.141,0.23,0.11,-0.96,173.32,24.46,-18.06,-0.4,-0.2,-0.17,4.09,-34.79,45.62,58.14,0.1,-0.29,0.92,3
4504,57.677,7,-0.066,0.13,-0.04,-0.99,186.9,15.37,3.89,-0.23,0.03,-0.12,0.0,18.46,97.05,-76.45,-0.02,0.1,0.93,3
4505,57.681000000000004,1,0.883,-0.06,0.47,0.02,13.11,55.54,-7.71,-0.31,-0.14,-0.12,4.09,7.93,-15.41,18.01,-0.9,0.11,0.27,3
4506,57.681999999999995,3,0.5479999999999999,-0.31,0.18,-0.75,271.97,-16.27,-39.62,0.23,-0.03,-0.09,4.09,-27.77,-13.28,28.69,0.15,-0.44,0.84,3
4507,57.781000000000006,2,0.375,0.08,0.18,0.91,148.85,-1.17,22.42,-0.16,-0.09,-0.03,4.09,-107.73,78.43,103.0,0.2,0.42,0.87,3
4508,57.784,0,0.731,0.02,0.68,0.05,68.71,83.13,52.0,0.04,-0.05,0.08,4.09,0.76,0.0,-20.45,-1.07,0.12,0.12,3
4509,57.788000000000004,5,0.191,0.15,-0.02,-0.97,217.08,16.68,5.38,0.03,0.03,0.01,4.09,-1.53,-13.12,-0.76,-0.29,0.11,0.96,3
4510,57.79,6,0.2,-0.1,-0.08,0.97,169.87,9.48,-11.33,-0.67,0.15,-0.13,4.09,2.9,-31.13,32.04,0.43,0.14,1.0,3
4511,57.794,4,-0.078,0.24,0.09,-0.96,181.59,26.76,-13.45,-0.81,-0.17,-0.07,4.09,49.44,-51.42,33.87,0.32,-0.3,1.18,3
4512,57.79600000000001,7,-0.12,0.2,-0.05,-0.97,180.64,23.67,3.48,-0.45,-0.11,-0.43,0.0,14.34,50.51,-35.25,0.21,0.04,0.7,3
4513,57.801,1,0.8859999999999999,-0.04,0.46,0.03,16.23,54.9,-3.8,-0.16,-0.1,-0.07,4.09,16.02,-9.77,-0.31,-0.85,0.09,0.4,3
4514,57.803000000000004,3,0.564,-0.33,0.19,-0.73,275.51,-15.53,-43.09,0.37,0.04,0.07,4.09,-17.85,-16.02,15.72,0.29,-0.41,1.0,3
4515,57.867,2,0.307,0.03,0.12,0.94,158.08,0.65,14.29,-0.06,0.11,-0.1,4.09,-58.29,20.9,64.39,0.0,0.35,0.82,3
4516,57.869,0,0.737,0.0,0.67,0.04,50.2,83.87,33.23,0.04,-0.02,-0.13,4.09,-0.76,-16.02,-27.92,-0.86,0.08,0.12,3
4517,57.873000000000005,5,0.18600000000000003,0.14,-0.02,-0.97,216.53,15.8,5.71,0.09,0.05,0.0,4.09,3.36,-10.38,-3.66,-0.31,0.16,0.94,3
4518,57.875,6,0.18100000000000002,-0.07,-0.08,0.98,172.41,6.77,-10.34,-0.46,0.09,-0.17,4.09,11.9,-36.47,19.84,0.33,0.14,0.91,3
4519,57.878,4,-0.122,0.19,0.07,-0.97,177.64,21.18,-10.93,-0.57,0.52,-0.03,4.09,36.77,-6.41,-94.45,0.11,0.51,1.27,3
4520,57.88,7,-0.12300000000000001,0.21,-0.06,-0.97,180.53,24.46,4.41,-0.52,-0.18,-0.42,0.0,16.94,-46.69,18.46,0.25,-0.02,0.76,3
4521,57.885,1,0.8909999999999999,-0.02,0.45,0.02,15.2,53.9,-2.32,-0.21,-0.03,-0.03,4.09,24.87,-13.89,-17.7,-0.91,0.02,0.37,3
4522,57.887,3,0.585,-0.36,0.2,-0.7,280.26,-15.27,-46.22,0.39,-0.14,-0.14,4.09,-38.3,-14.95,31.13,0.11,-0.38,0.88,3
4523,57.986999999999995,5,0.182,0.14,-0.03,-0.97,216.07,15.01,6.14,0.06,0.02,0.0,4.09,3.51,-8.09,-0.31,-0.31,0.14,0.94,3
4524,57.989,0,0.748,-0.01,0.66,0.02,21.17,83.19,5.16,0.13,0.01,0.12,4.09,21.21,-4.12,-15.56,-1.11,-0.05,0.27,3
4525,57.993,2,0.28600000000000003,0.03,0.09,0.95,160.68,-0.0,10.56,-0.41,0.92,1.04,4.09,15.87,-51.27,-135.04,-0.58,1.01,1.7,3
4526,57.994,6,0.188,-0.03,-0.06,0.98,172.2,1.94,-7.74,-0.37,-0.04,-0.0,4.09,22.58,-47.91,-26.25,0.27,-0.01,0.96,3
4527,57.998000000000005,4,-0.146,0.19,0.06,-0.97,175.18,20.13,-9.93,0.12,0.03,-0.0,4.09,-10.68,-38.76,24.87,-0.46,-0.16,0.88,3
4528,58.0,7,-0.113,0.18,-0.07,-0.98,181.9,21.04,5.56,0.02,0.1,-0.55,0.0,22.28,-60.58,5.34,-0.26,0.08,0.31,3
4529,58.005,1,0.895,-0.02,0.45,-0.0,12.53,52.99,-3.0,-0.09,-0.03,0.0,4.09,8.39,-5.04,-20.45,-0.86,0.01,0.57,3
4530,58.006,3,0.575,-0.39,0.22,-0.69,281.87,-16.22,-51.17,-0.05,-0.11,0.01,4.09,-66.07,-26.25,5.04,0.18,-0.81,0.59,3
4531,58.078,2,0.271,0.03,0.12,0.95,162.46,0.96,14.31,-0.26,0.27,-0.23,4.09,37.38,-28.53,3.36,-0.02,0.57,0.77,3
4532,58.08,0,0.747,-0.01,0.66,-0.01,0.06,83.1,-14.21,0.0,-0.08,0.14,4.09,29.91,4.58,-30.98,-1.17,0.01,0.16,3
4533,58.085,5,0.183,0.12,-0.03,-0.98,215.94,13.14,5.57,0.03,0.01,0.01,4.09,-8.54,-18.16,5.19,-0.25,0.11,0.97,3
4534,58.086000000000006,6,0.193,-0.01,-0.06,0.98,171.8,-0.49,-6.78,-0.46,0.3,0.16,4.09,5.49,-8.24,-4.27,0.32,0.34,1.21,3
4535,58.09,4,-0.141,0.17,0.06,-0.97,176.0,18.32,-9.8,0.2,-0.02,-0.01,4.09,14.34,-4.58,-25.63,-0.49,-0.21,0.86,3
4536,58.092,7,-0.106,0.14,-0.08,-0.98,182.79,17.28,7.26,-0.2,-0.07,0.22,0.0,13.43,-34.79,-11.44,-0.11,0.05,1.23,3
4537,58.096000000000004,1,0.892,-0.01,0.45,-0.02,9.97,53.73,-3.85,-0.65,-0.14,0.48,4.09,14.95,30.67,16.33,-1.38,-0.18,0.45,3
4538,58.098,3,0.5579999999999999,-0.44,0.25,-0.66,284.13,-16.95,-58.99,0.27,-0.01,0.44,4.09,-55.39,-7.17,5.04,0.42,-0.97,0.91,3
4539,58.18899999999999,2,0.32,0.06,0.12,0.94,156.16,-1.41,15.63,0.28,-0.01,-0.06,4.09,35.4,-7.02,-22.28,-0.17,0.08,0.95,3
4540,58.191,0,0.741,-0.01,0.67,-0.05,334.47,82.67,-36.39,-0.04,0.03,-0.03,4.09,27.62,7.02,-22.43,-0.97,-0.08,0.03,3
4541,58.195,5,0.184,0.1,-0.03,-0.98,215.95,11.02,5.36,0.0,0.0,0.03,4.09,0.0,-28.08,8.24,-0.2,0.08,1.02,3
4542,58.196000000000005,6,0.21,-0.05,-0.05,0.97,169.5,4.43,-7.28,-0.41,0.39,-0.25,4.09,14.95,79.04,-42.11,0.17,0.42,0.8,3
4543,58.2,4,-0.146,0.16,0.06,-0.97,175.51,16.96,-9.87,0.14,0.03,0.0,4.09,-12.21,-13.89,-0.15,-0.41,-0.17,0.92,3
4544,58.202,3,0.551,-0.44,0.28,-0.65,283.94,-15.94,-61.65,0.66,-0.16,-0.3,4.09,40.44,38.45,18.16,0.03,-0.29,0.91,3
4545,58.206,1,0.88,0.01,0.48,0.01,15.99,56.74,2.23,-0.64,-0.36,-0.14,4.09,4.73,21.21,4.88,-1.12,0.21,-0.01,3
4546,58.208,7,-0.091,0.12,-0.09,-0.98,184.62,14.59,8.74,-0.01,0.09,-0.05,0.0,9.61,-27.16,16.02,-0.23,0.19,0.9,3
4547,58.276,2,0.33799999999999997,0.06,0.15,0.93,153.85,-0.84,18.79,0.2,-0.02,-0.01,4.09,13.58,-41.35,-78.43,-0.1,0.19,1.02,3
4548,58.278,0,0.7390000000000001,-0.0,0.67,-0.07,324.67,81.77,-43.53,0.05,-0.0,-0.02,4.09,23.35,-1.07,-16.78,-0.95,-0.07,0.16,3
4549,58.282,5,0.21899999999999997,0.09,-0.05,-0.97,220.17,9.2,7.77,0.44,-0.02,0.38,4.09,38.3,7.02,99.79,-0.62,0.39,1.17,3
4550,58.284,6,0.25,-0.12,-0.03,0.96,164.13,12.19,-7.37,-0.39,-0.13,0.07,4.09,-14.19,79.04,-23.8,0.16,-0.11,1.13,3
4551,58.288999999999994,4,-0.152,0.15,0.06,-0.97,174.85,16.22,-10.34,0.21,0.0,-0.01,4.09,0.31,-16.94,6.1,-0.45,-0.22,0.88,3
4552,58.291000000000004,3,0.541,-0.37,0.25,-0.72,275.44,-15.0,-50.96,0.33,0.01,0.09,4.09,112.61,113.53,-92.01,0.26,-0.67,0.94,3
4553,58.295,1,0.878,-0.0,0.48,-0.0,13.35,57.17,-0.67,-0.34,-0.17,-0.03,4.09,-21.21,3.05,-32.35,-0.99,0.16,0.23,3
4554,58.29600000000001,7,-0.078,0.1,-0.09,-0.99,185.97,11.78,9.47,-0.18,-0.01,0.07,0.0,1.37,-25.02,14.95,-0.04,0.17,1.05,3
4555,58.387,2,0.368,0.08,0.16,0.91,149.87,-1.82,20.03,0.11,0.0,0.01,4.09,-2.14,-33.57,-33.87,-0.09,0.27,1.0,3
4556,58.388999999999996,0,0.736,0.0,0.67,-0.1,315.0,80.53,-50.82,0.06,-0.02,-0.09,4.09,27.01,3.51,-21.51,-0.9,-0.09,0.16,3
4557,58.393,5,0.27,0.14,-0.07,-0.95,227.21,12.99,12.47,1.02,-0.25,-0.3,4.09,37.99,108.49,-18.92,-1.0,0.49,0.28,3
4558,58.394,6,0.23600000000000002,-0.2,-0.04,0.95,164.17,21.63,-10.42,-0.49,-0.05,-0.06,4.09,-39.98,101.32,38.91,0.09,0.03,1.06,3
4559,58.398,4,-0.15,0.14,0.06,-0.98,175.32,14.74,-9.9,0.16,0.03,-0.01,4.09,4.27,-24.26,9.77,-0.4,-0.18,0.9,3
4560,58.4,7,-0.067,0.08,-0.09,-0.99,187.11,9.47,9.57,-0.08,-0.12,-0.06,0.0,1.83,-23.65,23.5,-0.05,0.05,0.95,3
4561,58.405,1,0.8809999999999999,-0.02,0.47,-0.02,8.14,56.29,-5.73,-0.31,0.14,-0.09,4.09,3.97,-14.5,-16.78,-0.92,-0.2,0.25,3
4562,58.407,3,0.502,-0.27,0.21,-0.79,263.26,-13.3,-38.23,0.06,0.1,0.1,4.09,101.32,100.4,-66.07,0.29,-0.65,0.87,3
4563,58.471000000000004,2,0.381,0.09,0.15,0.91,148.11,-2.77,19.43,-0.01,0.01,-0.05,4.09,-5.49,-13.43,-6.1,0.03,0.31,0.89,3
4564,58.473,0,0.7340000000000001,0.01,0.67,-0.12,310.21,79.75,-53.44,0.17,0.01,0.02,4.09,18.46,1.37,-2.9,-0.99,-0.12,0.27,3
4565,58.477,5,0.23399999999999999,0.24,-0.06,-0.94,225.21,24.82,14.65,0.47,0.09,-0.04,4.09,25.94,98.88,-48.83,-0.72,0.49,0.63,3
4566,58.478,6,0.196,-0.3,-0.05,0.93,166.0,32.64,-14.54,-0.5,-0.03,-0.34,4.09,-51.73,82.7,44.25,0.07,0.03,0.82,3
4567,58.482,4,-0.14,0.12,0.06,-0.98,176.71,12.8,-9.31,0.15,0.0,-0.0,4.09,5.04,-16.94,-0.15,-0.37,-0.21,0.9,3
4568,58.485,7,-0.045,0.05,-0.09,-0.99,189.38,6.35,9.73,-0.02,-0.03,-0.03,0.0,4.12,-35.4,21.67,-0.08,0.13,0.95,3
4569,58.489,1,0.885,-0.03,0.46,-0.03,6.46,55.12,-8.04,-0.3,-0.02,-0.1,4.09,-16.48,-23.65,0.31,-0.91,-0.05,0.28,3
4570,58.49,3,0.48,-0.2,0.17,-0.84,256.4,-10.28,-28.89,0.02,0.0,-0.06,4.09,54.47,18.16,-21.21,0.16,-0.43,0.82,3
4571,58.583999999999996,2,0.39399999999999996,0.1,0.14,0.9,146.2,-4.05,19.12,0.01,0.04,0.03,4.09,2.14,-16.48,-15.41,0.07,0.35,0.94,3
4572,58.586000000000006,0,0.7390000000000001,0.02,0.66,-0.12,315.0,79.7,-47.61,0.22,-0.06,-0.1,4.09,1.37,-3.66,3.81,-0.88,-0.03,0.32,3
4573,58.59,5,0.17800000000000002,0.29,-0.03,-0.94,218.54,32.74,10.46,-0.45,0.12,0.09,4.09,-28.23,36.16,-72.17,-0.21,0.12,1.18,3
4574,58.591,7,-0.027000000000000003,0.01,-0.09,-1.0,191.05,1.91,9.96,-0.07,-0.01,-0.06,0.0,0.31,-50.35,18.92,0.06,0.14,0.93,3
4575,58.595,4,-0.135,0.11,0.06,-0.98,177.55,11.1,-8.77,0.15,0.0,-0.01,4.09,7.32,-9.92,-6.71,-0.32,-0.16,0.94,3
4576,58.597,3,0.469,-0.2,0.15,-0.85,254.51,-11.28,-25.97,-0.16,-0.34,0.65,4.09,-15.72,-33.72,18.62,0.07,-1.08,1.44,3
4577,58.602,1,0.892,-0.04,0.45,-0.02,7.82,53.29,-8.51,-0.12,0.01,-0.05,4.09,-10.53,-16.94,14.65,-0.83,-0.1,0.48,3
4578,58.604,6,0.156,-0.35,-0.07,0.92,168.76,38.58,-17.18,-0.59,0.16,-0.66,4.09,-34.18,1.22,16.63,0.14,0.22,0.67,3
4579,58.678000000000004,2,0.419,0.12,0.14,0.89,142.7,-5.17,20.13,0.21,0.06,-0.03,4.09,22.89,-7.93,-18.92,-0.09,0.23,0.96,3
4580,58.68,0,0.748,0.03,0.65,-0.11,328.25,80.01,-35.01,0.14,-0.15,-0.03,4.09,-16.63,-11.6,37.08,-0.99,0.09,0.26,3
4581,58.684,5,0.145,0.3,0.01,-0.94,213.05,34.9,4.6,-0.9,0.34,-0.11,4.09,-22.74,-8.7,10.83,0.28,0.15,1.27,3
4582,58.68600000000001,6,0.145,-0.32,-0.09,0.93,170.59,35.03,-18.13,-1.28,0.96,0.65,4.09,11.44,-32.81,-27.62,-0.38,0.8,2.18,3
4583,58.69,4,-0.134,0.1,0.07,-0.98,177.79,9.95,-9.21,0.17,-0.05,-0.0,4.09,-3.05,-18.77,2.14,-0.32,-0.25,0.92,3
4584,58.692,7,-0.021,-0.04,-0.09,-1.0,191.28,-4.2,9.92,-0.0,0.08,0.08,0.0,-2.9,-69.89,3.51,0.08,0.28,1.05,3
4585,58.696000000000005,2,0.43700000000000006,0.13,0.15,0.88,140.02,-5.65,22.09,0.3,0.05,0.01,4.09,28.99,-22.43,-29.45,-0.11,0.18,1.03,3
4586,58.696999999999996,3,0.466,-0.2,0.17,-0.84,254.6,-10.54,-29.17,0.02,0.06,-0.16,4.09,-30.67,4.58,-52.8,0.18,-0.46,0.67,3
4587,58.786,1,0.897,-0.04,0.44,0.01,11.53,52.26,-6.81,-0.1,0.0,-0.01,4.09,-7.63,-6.71,28.69,-0.83,-0.07,0.51,3
4588,58.788000000000004,0,0.753,0.03,0.65,-0.08,344.66,81.07,-20.0,-0.23,-0.08,0.04,4.09,-13.58,-11.9,6.87,-1.06,-0.05,-0.06,3
4589,58.792,5,0.16899999999999998,0.26,0.03,-0.95,214.85,30.23,2.18,-0.31,-0.27,0.39,4.09,-47.45,-57.07,24.26,-1.28,-0.52,1.4,3
4590,58.794,7,-0.03,-0.1,-0.09,-0.99,189.57,-10.61,10.32,0.11,-0.15,0.21,0.0,2.29,-28.23,-18.77,0.19,0.03,1.21,3
4591,58.799,4,-0.129,0.08,0.07,-0.99,178.47,7.77,-9.14,0.17,-0.02,-0.01,4.09,3.81,-34.18,5.65,-0.28,-0.2,0.94,3
4592,58.801,6,0.18,-0.28,-0.1,0.94,167.5,29.16,-18.66,-0.55,0.0,-0.15,4.09,21.51,-47.91,-25.79,0.01,-0.23,1.08,3
4593,58.806000000000004,1,0.8959999999999999,-0.04,0.44,0.03,16.33,52.48,-4.08,-0.13,-0.0,-0.03,4.09,-8.39,11.75,19.68,-0.91,-0.09,0.42,3
4594,58.808,3,0.48100000000000004,-0.23,0.17,-0.83,257.78,-12.16,-31.4,0.39,-0.17,0.1,4.09,-19.84,-12.36,10.53,-0.04,-0.42,1.09,3
4595,58.882,2,0.45899999999999996,0.15,0.17,0.86,136.45,-6.05,25.67,0.2,-0.07,-0.05,4.09,43.95,-9.92,-26.7,0.08,0.22,0.98,3
4596,58.885,0,0.755,0.03,0.65,-0.05,359.5,81.64,-8.2,-0.06,-0.08,0.08,4.09,-36.77,6.71,25.18,-1.07,0.08,0.06,3
4597,58.891000000000005,5,0.19899999999999998,0.24,0.03,-0.95,218.43,27.35,2.8,0.13,0.24,0.01,4.09,8.39,-51.57,-39.83,-0.46,0.18,0.92,3
4598,58.893,6,0.19699999999999998,-0.24,-0.1,0.95,166.53,24.42,-18.0,-0.6,0.17,-0.3,4.09,11.14,-31.74,22.28,0.11,0.22,0.9,3
4599,58.898,4,-0.125,0.05,0.07,-0.99,179.25,4.66,-8.53,0.16,-0.03,0.02,4.09,18.46,-32.81,-3.97,-0.21,-0.2,0.98,3
4600,58.901,7,-0.03,-0.09,-0.08,-0.99,189.71,-10.25,9.44,0.08,-0.37,-0.04,0.0,-26.55,52.34,2.9,0.13,-0.22,0.99,3
4601,58.908,1,0.889,-0.06,0.45,0.01,10.46,54.01,-9.44,-0.35,0.15,-0.16,4.09,-0.61,31.74,-44.1,-0.9,-0.23,0.17,3
