0,3,-0.734,-0.05,-0.11,-0.67,99.34,5.75,13.25,0,-0,0.01,4.09,0.15,0.31,0.15,-0.1,0.23,0.98
0.0046,7,-0.94,-0.07,0.05,-0.33,52.46,-8.07,5.23,-0,-0,0,0,-0.15,-0.31,-0.15,0.14,0.09,0.99
0.0061,4,-0.875,0.08,-0.13,0.46,317.42,8.64,-14.66,-0.02,-0,0.01,4.09,-0.31,0.31,-1.07,-0.17,-0.27,0.96
0.092,1,-0.033,0.03,-0.04,-1,190.36,3.2,4.71,-0.02,0,0,4.09,0,-0.15,0,-0.04,0.08,1
0.0935,2,-0.816,-0.05,-0.08,0.57,304.05,10.86,-0.3,-0.02,-0.01,0.01,4.09,-0.31,-0.15,-0.61,-0.2,-0.01,0.99
0.097,0,-0.024,-0.06,-0.03,-1,191.03,-6.35,3.95,-0.01,-0,0.01,4.09,0.31,0,-0.46,0.11,0.06,1
0.0987,6,0.971,-0.05,-0.1,-0.21,349.89,-12.84,-3.55,-0.03,-0,0,4.09,-0.76,0.61,0,0.2,-0.07,0.98
0.1026,5,0.932,0.07,0.12,0.33,54.68,10.51,12.19,0.03,0,0.01,4.09,-0.15,0.76,0.61,-0.16,0.19,0.98
0.1042,3,-0.734,-0.05,-0.12,-0.67,99.31,5.74,13.38,0,-0.01,0.02,4.09,0.46,0.46,0.92,-0.09,0.23,0.99
0.1077,7,-0.94,-0.07,0.05,-0.33,52.52,-8.02,5.22,0,-0,-0,0,0,0.31,0.15,0.14,0.09,0.98
0.1091,4,-0.875,0.08,-0.13,0.46,317.28,8.67,-14.81,-0.03,-0.01,0,4.09,-0.76,0,-0.92,-0.17,-0.27,0.95
0.1939,1,-0.034,0.03,-0.04,-1,190.3,3.19,4.7,-0.02,-0,0,4.09,0,-0.31,-0.31,-0.04,0.08,1
0.1955,6,0.97,-0.05,-0.1,-0.21,349.79,-12.69,-3.63,-0.04,-0.02,0.01,4.09,-2.59,2.44,-1.22,0.18,-0.06,1
0.1996,0,-0.025,-0.06,-0.03,-1,191,-6.3,3.99,-0.01,-0.01,0,4.09,0.31,0.31,-1.07,0.13,0.06,1
0.2012,2,-0.815,-0.05,-0.08,0.57,303.87,10.85,-0.45,-0.02,-0.02,0.01,4.09,-0.76,-0.31,-5.19,-0.21,-0.02,0.99
0.2046,5,0.932,0.07,0.12,0.34,54.83,10.56,12.16,0.02,0.01,0.01,4.09,0,1.07,0.76,-0.16,0.19,0.98
0.206,3,-0.733,-0.05,-0.12,-0.67,99.36,5.69,13.52,0.02,-0.01,0.02,4.09,1.68,1.07,0,-0.09,0.22,1
0.2094,7,-0.94,-0.07,0.05,-0.33,52.42,-8.06,5.2,-0,0,0,0,0,0.61,-1.37,0.14,0.09,0.99
0.2108,4,-0.874,0.08,-0.13,0.46,317.21,8.73,-14.92,-0.03,-0.03,0.03,4.09,-1.68,0.61,-1.53,-0.2,-0.27,0.98
0.2859,1,-0.034,0.02,-0.04,-1,190.23,2.99,4.69,-0.02,-0.01,0,4.09,0,-1.07,0,-0.03,0.08,1
0.2874,6,0.97,-0.06,-0.1,-0.21,349.6,-12.36,-3.82,-0.03,-0.01,0.03,4.09,-4.73,5.65,1.37,0.18,-0.07,1.01
0.2924,0,-0.025,-0.06,-0.03,-1,190.9,-6.39,3.99,-0.02,-0,0,4.09,0.46,-0.46,-1.37,0.13,0.06,0.99
0.294,2,-0.815,-0.06,-0.08,0.57,303.94,11.4,0.01,0.04,-0.09,0.06,4.09,19.23,14.04,0.46,-0.28,0.08,1.02
0.2976,5,0.931,0.07,0.12,0.34,54.99,10.68,12.28,0.02,-0,0.01,4.09,0.15,1.37,1.68,-0.17,0.2,0.98
0.2994,3,-0.731,-0.05,-0.12,-0.67,99.84,6.09,13.3,0.13,0.04,0.07,4.09,-16.33,15.72,28.08,-0.15,0.12,1.06
0.3039,7,-0.941,-0.07,0.05,-0.33,52.27,-7.9,5.27,-0.02,-0,0.01,0,0.15,2.75,-3.66,0.12,0.11,1
0.3055,4,-0.876,0.09,-0.14,0.45,317.81,9.35,-16.16,-0.23,-0.22,0.21,4.09,-48.83,26.25,-8.54,-0.52,-0.41,1.09
0.3859,1,-0.035,0.02,-0.04,-1,190.15,2.91,4.67,-0.02,-0.01,-0.01,4.09,1.07,-2.9,-1.22,-0.03,0.08,0.98
0.3874,2,-0.806,-0.1,-0.08,0.58,303.24,14.1,3.74,0.04,-0.07,0.1,4.09,55.69,37.08,-39.06,-0.32,0.11,1.05
0.3911,0,-0.027,-0.06,-0.03,-1,190.75,-6.33,4.02,-0.03,-0.02,0.04,4.09,1.07,3.2,-0.31,0.15,0.05,1.03
0.3925,6,0.971,-0.06,-0.09,-0.21,349.89,-11.56,-4.58,-0.04,0.03,-0.01,4.09,-10.07,7.78,8.7,0.18,-0.13,0.98
0.3957,5,0.929,0.07,0.13,0.34,55.53,10.96,12.56,0.01,0.08,0.13,4.09,8.7,10.99,19.38,-0.26,0.19,1.09
0.3982,3,-0.703,-0.01,-0.11,-0.7,104.66,8.63,10.07,0.08,-0.01,0.02,4.09,-50.35,47.76,48.83,-0.15,0.1,1.01
0.4031,7,-0.941,-0.07,0.05,-0.33,52.23,-7.36,5.41,-0,-0.03,-0.01,0,1.53,4.58,-1.68,0.14,0.11,0.97
0.4048,4,-0.837,0.14,-0.22,0.48,310.96,13.17,-26.84,-0.23,-0.19,0.38,4.09,-148.47,103.3,-104.37,-0.58,-0.75,1.08
0.4879,1,-0.037,0.02,-0.04,-1,189.93,2.34,4.65,-0.03,-0.02,0.05,4.09,0,-4.73,-0.92,-0.01,0.07,1.05
0.4893,2,-0.771,-0.15,-0.09,0.61,298.26,18.92,7.04,-0.16,-0,0.03,4.09,36.62,50.81,-62.71,-0.38,-0.05,0.97
0.4947,0,-0.024,-0.05,-0.03,-1,191.1,-6.04,3.96,-0.03,-0.01,-0,4.09,0.76,3.05,1.68,0.14,0.05,0.99
0.4965,6,0.975,-0.07,-0.07,-0.2,351.89,-9.74,-6.37,0.06,-0.05,-0.05,4.09,-13.73,27.16,24.41,0.23,-0.04,0.94
0.5021,5,0.914,0.09,0.16,0.36,59.44,13.06,16.23,-0.05,0.25,0.28,4.09,58.75,63.32,76.75,-0.53,0.18,1.21
0.5043,3,-0.655,0.04,-0.11,-0.75,112.16,12.03,6.99,-0.08,-0.08,-0,4.09,-30.98,43.03,93.84,-0.12,0.2,0.97
0.5082,7,-0.942,-0.06,0.04,-0.33,52.02,-6.66,5.52,-0.01,-0.02,0.01,0,1.22,10.83,1.83,0.11,0.16,0.99
0.5098,4,-0.73,0.24,-0.35,0.53,294.79,15.14,-48.67,-0.1,-0.09,0.22,4.09,-216.06,119.63,-128.33,-0.37,-0.94,0.61
0.6031,1,-0.04,0.02,-0.04,-1,189.57,2.02,4.55,-0.01,-0.02,-0.02,4.09,-0.15,-7.02,-2.59,-0.02,0.06,0.97
0.6047,2,-0.739,-0.18,-0.13,0.64,293.89,24.8,6.16,-0.27,0.04,-0.11,4.09,-27.62,60.12,-40.13,-0.38,-0.17,0.86
0.6082,0,-0.02,-0.05,-0.03,-1,191.55,-5.55,3.84,-0.01,-0.03,0.04,4.09,-2.14,10.22,3.51,0.11,0.04,1.03
0.6096,6,0.977,-0.07,-0.06,-0.19,352.33,-8.33,-6.92,0.09,0.1,-0,4.09,0,-5.34,13.58,0.24,-0.22,0.96
0.6134,5,0.841,0.15,0.26,0.45,75.49,17.3,30.19,0.01,0.19,0.41,4.09,138.09,150.6,155.03,-0.55,0.59,1.16
0.6148,3,-0.6,0.05,-0.14,-0.79,120.52,14.64,9.12,-0.21,0.09,-0.03,4.09,38.76,36.93,62.56,-0.28,0.38,0.91
0.6194,7,-0.944,-0.07,0.03,-0.32,51.4,-5.34,6.37,-0.16,-0.02,0.06,0,17.24,22.74,-16.48,-0.03,0.23,1.05
0.621,4,-0.579,0.36,-0.5,0.54,279.88,10.74,-75.21,-0.14,0.03,-0.26,4.09,-185.85,72.17,-26.55,-0.09,-0.74,0.05
0.6975,1,-0.042,0.01,-0.04,-1,189.3,1,4.58,0.02,0.01,-0.02,4.09,2.14,-14.65,-1.68,-0.04,0.09,0.97
0.6996,6,0.979,-0.08,-0.07,-0.18,354.08,-9.25,-7.31,-0.12,-0.02,0,4.09,5.34,-11.9,-2.75,0.03,-0.21,1.02
0.704,0,-0.01,-0.03,-0.03,-1,192.84,-3.66,3.41,-0.04,-0.03,-0.05,4.09,0.15,29.75,20.45,0.09,0.03,0.93
0.7055,2,-0.707,-0.17,-0.21,0.66,287.71,30.82,-2.56,-0.19,0.14,-0,4.09,-90.33,48.22,-75.84,-0.42,-0.27,0.89
0.709,5,0.709,0.22,0.41,0.53,97.64,20.43,53.01,-0.01,-0.07,0.14,4.09,196.84,174.26,113.07,-0.28,0.88,0.56
0.7105,3,-0.553,0.03,-0.21,-0.81,127.74,16.04,18.07,-0.31,0.02,0.07,4.09,90.94,5.34,47.61,-0.19,0.61,0.91
0.714,7,-0.95,-0.09,-0.03,-0.3,48.91,0.13,10.5,-0.31,-0.02,0.08,0,65,83.62,-38.15,-0.22,0.34,1.04
0.7156,4,-0.522,0.38,-0.59,0.49,274.11,14.12,-88.9,-0.13,0.22,-0.35,4.09,-58.44,51.27,67.29,0.09,-0.69,-0.08
0.7991,1,-0.044,0,-0.04,-1,188.96,0.25,4.89,-0.02,-0.03,-0.09,4.09,-9,-3.81,-2.9,0.03,0.05,0.89
0.801,6,0.978,-0.08,-0.06,-0.19,353.15,-8.69,-7.18,-0.17,-0.05,-0.03,4.09,0.61,19.38,-16.17,-0.03,-0.14,0.97
0.8056,0,0.014,-0.01,-0.03,-1,195.61,-1.13,3.73,-0.06,0.1,0.08,4.09,7.32,23.5,27.16,0.07,0.18,1.06
0.8075,2,-0.693,-0.11,-0.29,0.65,283.02,33.07,-15.25,-0.09,0.06,-0.01,4.09,-95.83,27.62,20.9,-0.47,-0.28,0.79
0.8116,5,0.575,0.3,0.56,0.52,113.9,19.26,77.48,-0.32,-0.18,-0.24,4.09,167.24,77.36,7.63,-0.04,0.79,-0.14
0.8131,3,-0.54,-0.01,-0.27,-0.8,129.66,15.58,27.22,-0.19,0.03,-0.09,4.09,85.91,-14.19,-14.8,-0.2,0.57,0.72
0.8175,7,-0.941,-0.12,-0.1,-0.3,50.36,7.16,16.88,0.52,0.04,-0.2,0,47.45,32.04,-22.13,0.27,-0.05,0.9
0.8194,4,-0.528,0.35,-0.62,0.46,271.93,19.48,-91.14,0.03,0.13,-0.38,4.09,25.48,-13.58,11.9,-0.1,-0.65,0.06
0.9001,1,-0.052,-0.01,-0.03,-1,188.1,-0.54,3.37,-0.16,0.18,0.28,4.09,0.61,4.88,-10.07,0.15,0.28,1.21
0.9019,6,0.974,-0.07,-0.05,-0.21,350.31,-7.68,-6.48,-0.13,0.02,0.01,4.09,4.58,7.93,-18.77,0.02,-0.19,1
0.9063,0,0.029,0.01,-0.04,-1,197.47,1.59,4.27,-0.17,0.09,-0.03,4.09,4.43,15.26,14.19,0.12,0.15,0.94
0.9078,2,-0.717,-0.1,-0.34,0.6,287.54,37.33,-18.89,0.18,0.1,0.01,4.09,-42.27,25.63,66.83,-0.53,-0.08,0.87
0.912,5,0.524,0.34,0.63,0.46,117.43,20.27,91.69,-0.3,-0.17,-0.47,4.09,65.16,-18.01,-23.35,0.03,0.56,-0.27
0.9136,3,-0.56,-0.06,-0.32,-0.76,126.47,15.51,34.44,0.06,0.03,-0,4.09,31.59,-21.51,-21.06,-0.32,0.44,0.83
0.9195,7,-0.939,-0.13,-0.11,-0.3,50.48,7.85,17.88,0.08,-0.1,-0.26,0,-6.26,-30.67,-41.05,0,0.28,0.71
0.9217,4,-0.544,0.34,-0.59,0.48,273.57,18.27,-86.33,0.31,0.01,-0.17,4.09,65.92,-13.12,-58.29,-0.3,-0.78,0.37
0.9996,1,-0.052,0,-0.04,-1,188.09,0.39,4.83,-0.14,0.05,-0.13,4.09,9.16,8.7,-6.87,0.14,0.13,0.87
1.0018,6,0.974,-0.07,-0.03,-0.21,349.47,-5.39,-6.61,0.16,0.03,-0.04,4.09,1.68,33.87,-2.29,0.27,-0.06,0.94
1.0064,0,0.027,0.03,-0.04,-1,197.35,3.74,5,-0.05,0.15,0.02,4.09,2.9,31.13,-14.04,0.01,0.21,1.05
1.008,2,-0.728,-0.11,-0.35,0.58,290.47,39.56,-17.88,0.07,-0.15,-0.12,4.09,27.62,10.07,14.65,-0.68,-0.1,0.6
1.0127,5,0.557,0.35,0.63,0.42,112.67,23.79,91.6,0.1,0.01,-0.5,4.09,-42.57,-70.65,-12.21,-0.23,0.45,0.11
1.0143,3,-0.59,-0.02,-0.31,-0.74,122.77,19.3,31.41,0.35,-0.08,-0.11,4.09,-51.57,16.78,-58.75,-0.33,0.12,0.89
1.0199,7,-0.96,-0.13,-0.09,-0.23,42.01,6.87,16.73,-0.55,0.24,-0.02,0,18.62,-23.5,69.73,-0.69,0.35,0.88
1.0219,4,-0.54,0.36,-0.55,0.52,274.68,12.96,-82.4,0.2,-0.04,0.07,4.09,7.48,-34.33,-14.19,-0.3,-0.96,0.33
1.098,1,-0.059,0,-0.03,-1,187.27,0.65,3.72,-0.1,-0.03,-0.01,4.09,-28.69,2.44,-10.99,0.08,0.06,1
1.0997,2,-0.735,-0.15,-0.33,0.57,293.72,41.6,-12.08,0.08,-0.03,0.07,4.09,46.23,14.5,29.6,-0.71,-0.07,0.79
1.1046,0,0.006,0.06,-0.04,-1,195.02,7.26,4.47,-0.07,-0.06,0.04,4.09,-9.46,22.58,-42.27,-0.07,0,1.04
1.1061,6,0.971,-0.06,-0.03,-0.23,347.68,-4.5,-6.04,0.04,0.08,-0,4.09,3.05,3.36,-1.98,0.13,-0.15,0.96
1.1097,5,0.599,0.36,0.57,0.42,105.18,22.31,85.33,0.55,-0.05,0.19,4.09,-8.39,-64.09,-8.24,-0.39,1.04,0.64
1.1112,3,-0.582,0.02,-0.29,-0.76,124.23,21.64,26.66,0.12,-0.07,0.05,4.09,-68.36,34.18,15.26,-0.35,0.34,0.93
1.1149,7,-0.953,-0.13,-0.06,-0.27,45.73,2.64,16.5,-0.24,-0.07,0.22,0,-22.28,38.3,-21.36,-0.09,0.54,0.94
1.1165,4,-0.538,0.4,-0.52,0.53,278.23,7.28,-81.47,0.19,0.07,-0.08,4.09,3.81,-40.59,-118.87,-0.11,-1.06,0.29
1.2002,1,-0.066,0.01,-0.03,-1,186.48,1.57,3.48,0.05,0.16,0.04,4.09,23.8,30.21,4.58,-0.09,0.21,1
1.2023,6,0.973,-0.05,-0.03,-0.22,348.44,-4.42,-5.37,0.03,-0.02,-0.04,4.09,6.71,-6.87,-4.27,0.08,-0.09,0.97
1.2065,0,-0.011,0.1,-0.03,-0.99,193.11,11.17,3.73,0.05,-0.09,0.01,4.09,5.04,34.18,-3.81,-0.25,-0.02,0.99
1.208,2,-0.744,-0.2,-0.31,0.56,298.61,43.28,-4.63,0.12,-0.04,0.02,4.09,31.59,5.65,25.63,-0.7,0.07,0.76
1.2118,5,0.601,0.39,0.56,0.42,102.39,19.93,85.29,0.32,-0.04,0.14,4.09,15.11,3.81,111.39,-0.23,1.22,0.32
1.2132,3,-0.581,0.05,-0.26,-0.77,124.27,22.32,21.01,0.18,-0.03,-0.01,4.09,-41.2,-5.19,6.41,-0.39,0.14,0.88
1.2176,7,-0.958,-0.12,-0.05,-0.26,44.06,1.47,14.92,0.03,0.04,0.18,0,-12.97,-26.09,-48.07,-0.06,0.27,1.15
1.2195,4,-0.523,0.45,-0.48,0.54,281.37,1.01,-82.52,0.31,-0.15,-0.09,4.09,-9,2.29,-51.57,-0.03,-0.81,0.34
1.3024,1,-0.072,0.02,-0.04,-1,185.84,3.06,4.35,0.11,-0.18,0.19,4.09,-1.07,3.2,-16.33,-0.14,-0.1,1.23
1.3039,6,0.973,-0.06,-0.03,-0.22,348.46,-5.27,-5.28,0.12,-0,0,4.09,-1.07,-6.56,13.43,0.2,-0.03,0.99
1.3073,0,-0.01,0.13,-0.03,-0.99,193.39,15.52,3.85,0.08,-0.06,-0.05,4.09,0.15,28.08,5.65,-0.34,-0.01,0.89
1.3087,2,-0.737,-0.23,-0.3,0.56,299.56,44.39,-0.04,-0.19,0.04,0.02,4.09,27.47,0.92,13.43,-0.73,-0.18,0.71
1.3121,5,0.563,0.44,0.54,0.45,102.77,12.41,88.12,-0,0.09,-0.39,4.09,15.26,4.43,191.04,-0.12,0.68,0.01
1.3137,3,-0.566,0.07,-0.23,-0.79,126.15,21.29,18.09,-0.15,-0.03,0.09,4.09,-14.19,-1.22,9.77,-0.34,0.46,0.95
1.3181,7,-0.96,-0.12,-0.03,-0.25,43.46,0.36,14.42,0.07,0.07,0.01,0,-1.07,-4.12,23.8,0.03,0.19,1
1.3199,4,-0.509,0.48,-0.47,0.54,282.81,-1.78,-84.7,-0.01,-0.1,-0.13,4.09,-14.04,-21.06,-3.2,-0.08,-0.85,0.09
1.4017,1,-0.069,0.04,-0.04,-1,186.28,5.15,4.41,0.07,-0.06,-0.18,4.09,2.9,10.38,13.12,-0.15,0,0.84
1.4035,6,0.973,-0.05,-0.04,-0.22,349.06,-6.35,-4.84,0.12,-0.11,-0.01,4.09,2.9,-11.44,-8.39,0.17,0.06,0.99
1.4074,0,-0.001,0.16,-0.03,-0.99,194.64,18.95,3.88,0.05,-0.02,0.02,4.09,-2.29,17.55,15.87,-0.38,0.03,0.96
1.4088,2,-0.741,-0.25,-0.29,0.55,302.78,45.29,4.48,0.1,-0.04,0.05,4.09,18.46,18.46,19.84,-0.72,0.2,0.7
1.4124,5,0.496,0.5,0.5,0.5,104.21,-0.06,90.78,0.02,-0.25,0.1,4.09,19.99,4.43,25.94,-0.06,1.12,0.1
1.4138,3,-0.562,0.08,-0.23,-0.79,126.67,22.29,17.06,0.08,-0.01,0.12,4.09,-8.09,24.72,-14.04,-0.44,0.15,1
1.418,7,-0.955,-0.13,-0.03,-0.27,45.19,-0.74,14.74,0.02,-0.01,0.09,0,1.68,-1.37,10.22,0.04,0.27,1.06
1.4198,4,-0.498,0.51,-0.45,0.53,285.33,-5.51,-86.39,0.26,-0.03,-0.02,4.09,-11.29,-28.84,-43.49,0.06,-0.94,0.31
1.4989,1,-0.061,0.05,-0.04,-1,187.33,6.06,4.62,0.07,-0,0.04,4.09,5.19,9.16,10.53,-0.19,0.06,1
1.5005,6,0.971,-0.05,-0.06,-0.23,347.85,-7.84,-3.51,-0.02,-0,0.03,4.09,10.07,-16.33,-26.09,0.12,-0.07,1.02
1.5062,0,0.011,0.19,-0.03,-0.98,196.1,22.06,4.17,-0.06,0.02,0,4.09,0,29.75,7.63,-0.34,0.08,0.93
1.5078,2,-0.74,-0.28,-0.29,0.54,305.07,46.22,8.2,0.14,-0.02,0.03,4.09,22.58,-0.15,-10.68,-0.72,0.24,0.71
1.5123,5,0.477,0.51,0.51,0.5,105.15,-1.28,92.78,0.13,-0.03,0.21,4.09,9.16,-4.88,9.31,0.04,1.23,0.09
1.514,3,-0.553,0.11,-0.23,-0.79,127.84,25.42,16.05,0.19,-0.04,0.07,4.09,-15.11,32.04,18.31,-0.5,0.08,0.97
1.522,7,-0.954,-0.13,-0.04,-0.27,45.52,0.22,15.55,0.02,0,-0.03,0,10.53,11.9,14.95,0.02,0.25,0.94
1.5237,4,-0.488,0.54,-0.45,0.52,287.96,-7.29,-89.37,0.24,-0.03,-0.02,4.09,-19.68,-17.85,-13.58,0.1,-1.02,0.23
1.6092,1,-0.057,0.06,-0.05,-1,187.82,7.21,4.98,0.04,0.05,0.03,4.09,-2.14,7.93,-8.7,-0.15,0.13,1.02
1.6108,6,0.967,-0.04,-0.07,-0.24,346.4,-9.33,-2.85,-0.01,-0.02,-0.01,4.09,2.75,-13.58,-9.61,0.15,-0.02,0.97
1.6172,0,0.012,0.22,-0.03,-0.98,196.41,25.21,4.47,0.01,-0.02,0.02,4.09,2.29,9.31,-1.37,-0.44,0.06,0.91
1.6199,2,-0.732,-0.29,-0.27,0.55,304.27,46.14,10.21,0.09,-0.05,0.08,4.09,27.31,-0.92,-15.72,-0.79,0.24,0.7
1.6244,5,0.467,0.53,0.51,0.49,104.09,-2.63,94.77,0.25,-0.05,0.19,4.09,17.55,-4.73,1.53,0.11,1.2,0.14
1.6262,3,-0.533,0.14,-0.24,-0.8,130.69,28.48,15.88,0.17,-0.01,0.07,4.09,-6.56,42.27,17.4,-0.57,0.11,0.92
1.6315,7,-0.952,-0.14,-0.05,-0.27,45.86,1.32,16.76,0.01,-0.06,0.01,0,8.24,12.51,-17.7,0.01,0.33,0.96
1.6335,4,-0.479,0.57,-0.44,0.5,290.09,-8.46,-92.17,0.21,-0.05,0.06,4.09,-21.67,-22.28,-26.25,0.12,-1.16,0.17
1.7071,1,-0.066,0.07,-0.05,-0.99,186.84,8.21,4.92,0.01,-0.03,-0.03,4.09,0.61,2.75,-14.34,-0.15,0.05,0.96
1.7085,6,0.964,-0.04,-0.08,-0.25,345.54,-10.6,-2.56,0.03,-0.01,-0.02,4.09,1.07,-14.19,-8.24,0.19,-0.03,0.98
1.712,0,0.005,0.23,-0.03,-0.97,195.64,26.26,4.35,0.02,-0.01,-0.01,4.09,2.59,-7.78,-3.97,-0.46,0.06,0.88
1.7135,2,-0.718,-0.31,-0.27,0.56,303.23,46.99,12.28,0.1,-0.04,0.07,4.09,21.06,9,-6.26,-0.79,0.27,0.69
1.7174,5,0.46,0.54,0.52,0.48,103.67,-2.34,96.75,0.24,-0.03,0.07,4.09,15.72,-4.88,-13.89,0.08,1.07,0.14
1.7201,3,-0.508,0.17,-0.26,-0.8,134.47,32.23,17.43,0.16,-0.03,0.04,4.09,20.6,43.79,40.59,-0.6,0.13,0.87
1.724,7,-0.953,-0.14,-0.06,-0.26,45.07,2.84,17.44,0.08,-0,0,0,6.1,14.04,-1.37,0.02,0.27,0.97
1.7255,4,-0.464,0.6,-0.43,0.48,293.21,-10.32,-96.02,0.13,-0.03,0.21,4.09,-42.11,-33.87,-16.17,0.19,-1.21,0.01
1.8071,1,-0.076,0.07,-0.04,-0.99,185.61,8.51,4.52,0.03,-0.04,-0.03,4.09,0.15,-3.05,-14.04,-0.17,0.03,0.96
1.8086,2,-0.703,-0.32,-0.28,0.57,300.94,48.92,11.58,0.07,0.02,0.04,4.09,-10.83,15.56,-29.45,-0.76,0.18,0.69
1.8123,0,0.002,0.22,-0.03,-0.97,195.26,25.85,4.15,0.01,-0.04,-0,4.09,0.15,-20.9,-0.15,-0.45,0.02,0.89
1.8137,6,0.963,-0.05,-0.09,-0.25,345.33,-11.46,-3.13,0.06,-0.06,0.02,4.09,-9.31,-2.14,-6.87,0.23,0.03,0.99
1.8184,5,0.458,0.55,0.53,0.46,102.83,-1.24,99.07,0.2,-0.04,0.01,4.09,26.7,-6.71,17.24,0.03,1.17,0.02
1.8207,3,-0.475,0.17,-0.31,-0.81,140.56,34.57,23.72,0.14,-0.05,0.01,4.09,44.86,23.04,42.57,-0.6,0.21,0.8
1.8247,7,-0.954,-0.14,-0.08,-0.25,44.66,4.29,17.79,0.13,0,-0.03,0,1.68,13.43,-9.46,0.05,0.23,0.94
1.8261,4,-0.437,0.65,-0.43,0.44,298,-11.79,-103.19,0.14,-0.08,0.13,4.09,-72.02,-45.17,-5.95,0.19,-1.13,-0.11
1.9089,1,-0.084,0.07,-0.04,-0.99,184.67,8.31,4.38,0.06,-0.02,-0.02,4.09,5.19,-8.09,-7.78,-0.2,0.03,0.96
1.9104,6,0.96,-0.06,-0.09,-0.26,343.99,-11.36,-3.71,-0.02,-0.01,0.06,4.09,-8.24,7.93,-6.71,0.19,-0.08,1.03
1.9141,0,0.008,0.21,-0.03,-0.98,195.93,23.94,4.29,-0,0,0.03,4.09,0.31,-33.42,11.29,-0.42,0.08,0.94
1.9156,2,-0.682,-0.3,-0.31,0.59,293.56,50.77,3.22,-0,0.02,-0.05,4.09,-41.05,3.66,-62.41,-0.73,0.04,0.62
1.9204,5,0.444,0.57,0.54,0.44,101.61,-1.06,103.08,0.18,-0.01,0.03,4.09,47.76,-14.95,-13.43,0.05,0.97,-0.05
1.922,3,-0.437,0.15,-0.36,-0.81,147.71,33.84,32.69,0,-0.08,-0.01,4.09,54.47,11.75,61.65,-0.5,0.44,0.76
1.9257,7,-0.954,-0.14,-0.09,-0.25,44.26,5.78,17.96,0.09,-0.03,0.01,0,5.19,21.36,-3.05,-0.01,0.29,0.95
1.9271,4,-0.398,0.7,-0.44,0.39,302.19,-11.69,-112.48,0.07,-0.06,0.02,4.09,-86.98,-28.38,-25.63,0.16,-0.94,-0.32
2.0109,1,-0.084,0.06,-0.04,-0.99,184.66,7.37,4.46,0.03,-0.05,0.02,4.09,-1.53,-18.31,0.15,-0.15,0.04,1.01
2.0125,6,0.959,-0.07,-0.08,-0.26,343.9,-10.68,-5.3,0,0.07,-0.05,4.09,-12.05,3.81,1.22,0.2,-0.18,0.92
2.0205,0,0.011,0.18,-0.03,-0.98,196.14,20.31,4.39,-0.06,0.01,0,4.09,-0.92,-48.98,5.49,-0.27,0.09,0.97
2.0227,2,-0.649,-0.25,-0.35,0.62,281.41,50.82,-10.25,-0.18,0.04,0.05,4.09,-43.64,13.58,-69.43,-0.78,-0.31,0.66
2.0274,5,0.43,0.59,0.56,0.4,100.92,0.99,108.41,0.23,-0.05,-0.03,4.09,61.49,-3.66,-58.75,0.08,0.95,-0.11
2.0289,3,-0.395,0.12,-0.41,-0.82,154.45,31.17,41.34,-0.21,-0.04,-0.06,4.09,50.05,-4.88,32.81,-0.19,0.72,0.53
2.0328,7,-0.953,-0.14,-0.1,-0.25,44.41,7.44,18.41,0.04,-0.06,0.06,0,2.44,13.28,-20.29,-0.07,0.34,0.98
2.0343,4,-0.358,0.75,-0.44,0.35,306.37,-11.65,-120.97,-0.01,-0.05,-0.1,4.09,-62.1,-38.6,-16.63,0.12,-0.8,-0.43
2.109,1,-0.086,0.04,-0.04,-0.99,184.36,5.48,4.2,-0.01,0.07,0.03,4.09,-1.68,-27.47,-3.36,-0.09,0.14,1.03
2.1106,6,0.961,-0.08,-0.07,-0.25,345.09,-10.54,-6.98,-0.11,0.08,-0.02,4.09,-7.63,-0.76,17.24,0.13,-0.22,0.95
2.1146,0,0.013,0.13,-0.04,-0.99,196.16,14.97,4.68,-0.21,0.04,0.02,4.09,3.36,-51.73,-1.68,-0.04,0.12,1.04
2.1161,2,-0.62,-0.22,-0.4,0.64,271.99,51.07,-21.4,-0.36,0.06,0.03,4.09,-37.54,24.41,-52.95,-0.72,-0.6,0.57
2.1209,5,0.399,0.6,0.59,0.36,101.27,2.37,115.29,0.05,-0.08,-0.07,4.09,59.2,-0.15,29.6,0.03,0.85,-0.37
2.1225,3,-0.351,0.07,-0.45,-0.82,159.6,25.52,49.51,-0.3,0.08,0.14,4.09,48.52,-13.43,59.51,-0.32,1.04,0.53
2.1267,7,-0.958,-0.13,-0.11,-0.23,42.46,8.15,17.6,0.2,0.14,-0.11,0,-13.28,-15.72,-5.65,-0.02,0.06,0.92
2.1282,4,-0.336,0.77,-0.45,0.3,309.41,-9.38,-127.06,-0.06,-0.11,-0.08,4.09,-46.39,-38.3,41.35,0.07,-0.79,-0.59
2.2111,1,-0.091,0.03,-0.04,-0.99,183.73,3.41,4.02,-0.04,0.01,0.08,4.09,-2.9,-9,-6.41,0.01,0.1,1.06
2.2126,6,0.962,-0.09,-0.07,-0.25,346.15,-10.52,-8.17,-0.12,0.04,-0.04,4.09,-3.36,-5.34,11.6,0.09,-0.22,0.95
2.2164,0,0.015,0.08,-0.04,-1,196.15,9.27,5,-0.29,0.06,0,4.09,1.07,-54.17,4.88,0.14,0.14,1.04
2.2182,2,-0.594,-0.2,-0.44,0.64,264.31,51.35,-30.8,-0.1,0.06,-0.11,4.09,-24.41,11.14,-38.3,-0.63,-0.36,0.49
2.2226,5,0.368,0.62,0.62,0.31,102.09,4.56,122.81,0.01,0.05,-0.12,4.09,57.53,11.44,31.89,-0.01,0.82,-0.53
2.2241,3,-0.328,0.04,-0.49,-0.81,161.72,22.24,55.73,-0.13,0.02,-0.04,4.09,55.85,-0.31,28.53,-0.25,0.82,0.45
2.2281,7,-0.96,-0.12,-0.08,-0.24,43.04,5.97,15.57,-0.18,0.1,0.19,0,-21.21,-11.9,23.19,-0.37,0.33,1.13
2.2295,4,-0.317,0.78,-0.47,0.25,309.73,-5.8,-132.32,-0.01,-0.03,0.08,4.09,-56.92,-17.4,17.85,0.11,-0.75,-0.7
2.3172,1,-0.087,0.02,-0.04,-1,184.15,2.87,4.34,-0.14,0.04,0.03,4.09,4.43,5.49,14.5,0.08,0.15,1.02
2.3199,6,0.963,-0.1,-0.07,-0.24,346.72,-10.16,-8.95,-0.16,0.03,-0.03,4.09,-5.95,3.2,-0.46,0.07,-0.28,0.96
2.3238,0,0.021,0.03,-0.05,-1,196.61,3.11,5.55,-0.29,0.04,0.03,4.09,4.73,-40.89,16.02,0.25,0.11,1.03
2.3252,2,-0.563,-0.17,-0.47,0.66,256.08,48.71,-40.47,-0.13,0.02,0.02,4.09,-42.57,17.24,-65.61,-0.73,-0.6,0.5
2.3288,5,0.341,0.64,0.63,0.28,101.71,4.07,127.56,-0.08,-0.05,-0.12,4.09,34.18,-10.99,3.81,-0.09,0.6,-0.6
2.3302,3,-0.307,0,-0.53,-0.79,163.27,19.13,62.23,-0.22,-0.04,0.03,4.09,59.66,-5.49,51.12,-0.13,0.97,0.41
2.3338,7,-0.956,-0.12,-0.1,-0.25,44.15,7.47,16.2,-0.18,-0.03,0.04,0,23.96,20.6,-16.02,-0.27,0.33,0.93
2.3373,4,-0.286,0.8,-0.49,0.2,310.45,-2.8,-138.97,-0.02,-0.02,0.06,4.09,-58.75,-34.33,15.72,0.02,-0.63,-0.84
2.4119,1,-0.081,0.01,-0.05,-1,184.9,2.16,5.5,-0.19,0.12,-0.01,4.09,12.36,-4.43,1.68,0.14,0.25,0.98
2.4135,6,0.968,-0.1,-0.06,-0.22,348.9,-9.14,-10.19,-0,0.01,-0,4.09,-3.81,1.07,41.81,0.16,-0.18,0.96
2.4206,0,0.037,-0.02,-0.05,-1,198.2,-2.17,6.05,-0.19,0.12,-0.09,4.09,4.73,-44.25,17.24,0.24,0.2,0.89
2.4224,2,-0.522,-0.13,-0.52,0.66,246.81,45.56,-53.34,-0.25,0.11,0.11,4.09,-77.21,14.04,-44.4,-0.62,-0.83,0.42
2.4275,5,0.326,0.66,0.63,0.25,99.75,4.35,131.28,0.03,0.08,-0.06,4.09,44.4,-18.46,14.95,-0.14,0.76,-0.61
2.4289,3,-0.28,-0.05,-0.58,-0.76,163.86,14.14,70.35,-0.13,-0.07,0.15,4.09,98.11,-36.77,34.03,-0.14,1.09,0.37
2.433,7,-0.955,-0.12,-0.12,-0.24,44.19,9.82,16.9,0.28,0.08,-0.39,0,-14.34,-63.93,-14.65,-0.09,0.1,0.81
2.4351,4,-0.258,0.82,-0.5,0.15,311.84,0.85,-145.37,-0.07,-0.13,-0.01,4.09,-48.22,-25.02,17.55,-0.17,-0.63,-0.81
2.5136,1,-0.087,0.01,-0.07,-0.99,184.17,1.74,7.51,-0.09,-0.01,-0.04,4.09,18.16,8.54,-3.97,0.06,0.1,0.94
2.5154,6,0.972,-0.1,-0.06,-0.21,350.97,-9.13,-9.96,-0.01,-0.06,-0,4.09,7.48,-6.71,-9.61,0.13,-0.14,0.98
2.5209,0,0.044,-0.07,-0.06,-0.99,198.67,-8.21,6.46,-0.21,0.03,0.01,4.09,-0.61,-48.07,6.71,0.35,0.11,0.97
2.5227,2,-0.499,-0.08,-0.58,0.64,242.23,42.76,-64.83,-0.14,0.05,-0.04,4.09,-85.3,9.77,-36.16,-0.56,-0.75,0.27
2.5272,5,0.304,0.68,0.64,0.21,98.23,5.72,136.85,-0.11,0.03,0.11,4.09,58.14,-16.17,9.61,-0.14,0.7,-0.88
2.5296,3,-0.29,-0.1,-0.64,-0.71,160.55,13.1,79.83,0.02,-0.19,-0.08,4.09,100.25,-28.53,1.07,-0.13,0.86,0.29
2.5343,7,-0.965,-0.11,-0.1,-0.22,40.73,7.83,14.75,-0.2,0.16,0.11,0,-3.81,-17.24,-2.44,-0.42,0.16,1.07
2.5368,4,-0.228,0.82,-0.51,0.1,311.8,3.7,-151.28,0.07,-0.06,0.05,4.09,-59.81,-20.9,28.23,-0.09,-0.55,-0.87
2.6139,1,-0.081,0.01,-0.07,-0.99,184.87,1.67,8.47,-0.07,-0.11,0.01,4.09,0,-2.14,12.66,0.06,0.08,1.03
2.6156,2,-0.472,-0.03,-0.64,0.61,238.48,39.24,-75.83,-0.15,0.07,0.05,4.09,-94.6,14.8,-32.65,-0.55,-0.91,0.16
2.6203,0,0.047,-0.11,-0.06,-0.99,198.73,-13.07,6.13,-0.15,0.05,0.03,4.09,-7.63,-39.37,0.46,0.41,0.14,0.94
2.6219,6,0.971,-0.1,-0.07,-0.21,350.69,-9.66,-9.47,-0.1,-0.02,-0.02,4.09,7.17,-5.19,-6.41,0.07,-0.19,0.95
2.6257,5,0.278,0.7,0.64,0.17,97,7.12,142.71,-0.01,-0.15,-0.06,4.09,52.64,-16.48,1.68,0.08,0.6,-0.74
2.6272,3,-0.274,-0.15,-0.69,-0.65,158.65,10.13,89.55,-0.01,-0.08,0.05,4.09,102.84,-18.92,16.63,-0.13,1.04,0.04
2.6309,7,-0.96,-0.11,-0.1,-0.24,43.14,7.66,14.86,-0.08,-0.08,-0.03,0,-0.15,11.14,14.8,-0.16,0.35,0.89
2.6324,4,-0.189,0.83,-0.53,0.06,310.45,6.06,-158.09,-0.02,-0.06,-0.03,4.09,-53.25,-1.68,23.5,-0.16,-0.35,-0.88
2.716,1,-0.067,0.01,-0.08,-0.99,186.42,1.41,8.69,-0.1,0.1,0.01,4.09,4.88,7.63,5.34,0.07,0.28,0.98
2.7176,6,0.97,-0.09,-0.07,-0.21,349.85,-10.59,-8.49,-0.02,0.04,-0.05,4.09,15.41,-19.99,-8.24,0.16,-0.17,0.92
2.7218,0,0.044,-0.16,-0.06,-0.98,198.17,-18.82,5.83,-0.2,0.02,-0.02,4.09,-3.51,-36.93,-1.53,0.48,0.09,0.84
2.7233,2,-0.451,0.02,-0.69,0.56,235.69,37.61,-87.54,-0.09,0.1,0.03,4.09,-106.51,17.4,-6.1,-0.53,-0.89,0.04
2.7269,5,0.246,0.71,0.65,0.12,96.58,8.23,148.97,0.06,0.01,-0.06,4.09,51.12,-3.2,-1.53,-0.11,0.57,-0.81
2.7284,3,-0.257,-0.2,-0.75,-0.58,156.72,8.62,101.4,0,-0.05,-0.07,4.09,112.3,-12.51,3.81,-0.11,0.93,-0.15
2.7322,7,-0.961,-0.11,-0.1,-0.23,42.49,8.06,14.55,-0.1,-0.04,-0.05,0,-2.44,-8.24,-22.58,-0.21,0.31,0.88
2.7337,4,-0.149,0.82,-0.55,0.04,307.73,5.56,-163.06,0.06,-0.08,0.01,4.09,-12.51,27.16,28.23,-0.21,-0.35,-0.88
2.8141,1,-0.07,0.01,-0.09,-0.99,186.18,1.58,9.82,-0.12,0,-0.02,4.09,1.22,4.88,-10.22,0.09,0.19,0.98
2.8155,6,0.967,-0.08,-0.1,-0.22,348.97,-13.34,-6.55,-0.11,0.07,0.03,4.09,20.9,-23.8,-14.95,0.19,-0.26,1.05
2.8191,0,0.046,-0.19,-0.05,-0.98,198.42,-22.43,5.3,-0.11,0.04,-0.05,4.09,-4.88,-36.62,7.32,0.47,0.11,0.82
2.8205,2,-0.421,0.04,-0.75,0.5,230.5,36.83,-100.17,-0.19,0.04,-0.01,4.09,-74.31,48.07,29.45,-0.43,-0.86,-0.28
2.8243,5,0.222,0.71,0.66,0.1,97.21,8.79,153.25,-0.03,-0.16,-0.15,4.09,17.85,2.9,-1.83,-0.01,0.34,-0.79
2.8258,3,-0.237,-0.22,-0.8,-0.51,157.1,8.75,111.88,-0.02,-0.07,0.07,4.09,93.08,-3.81,-34.18,-0.12,0.99,-0.35
2.8294,7,-0.965,-0.11,-0.1,-0.22,40.83,8.23,14.43,-0.12,-0.03,-0.07,0,3.36,-10.53,-6.56,-0.22,0.32,0.86
2.8308,4,-0.135,0.8,-0.58,0.06,303.2,3.32,-163.26,-0.02,-0.18,-0.31,4.09,10.22,36.32,41.5,-0.17,-0.21,-0.74
2.926,1,-0.075,0.01,-0.09,-0.99,185.6,2.09,9.8,-0.16,0.01,-0.04,4.09,-4.43,4.27,-8.85,0.13,0.19,0.95
2.9275,6,0.964,-0.08,-0.12,-0.23,348.37,-14.93,-5.79,0.14,-0.33,0.1,4.09,10.07,7.93,-32.5,0.27,0.24,1.09
2.9311,0,0.049,-0.24,-0.05,-0.97,198.61,-27.8,5.03,-0.13,0.11,0.02,4.09,-3.2,-25.94,0.92,0.6,0.17,0.82
2.9325,2,-0.407,0.03,-0.78,0.47,226.62,37.71,-106.22,-0.07,-0.05,-0.1,4.09,0,5.04,-5.65,-0.53,-0.67,-0.27
2.936,5,0.215,0.71,0.67,0.09,98.43,8.99,154.44,0.18,0.18,-0.03,4.09,-15.72,0.31,-24.87,-0.29,0.58,-0.76
2.9375,3,-0.232,-0.22,-0.83,-0.46,158.27,10.53,117.95,0.01,-0.05,-0,4.09,25.18,-6.26,-31.28,-0.17,0.9,-0.41
2.9411,7,-0.966,-0.11,-0.09,-0.21,39.85,7.09,14.89,-0.15,-0.04,0.01,0,13.58,-33.87,-7.78,-0.28,0.38,1
2.9424,4,-0.126,0.79,-0.6,0.08,299.88,1.46,-162.96,-0.05,-0,-0.22,4.09,6.1,25.63,2.14,0.02,-0.22,-0.77
3.0187,1,-0.079,0.01,-0.08,-0.99,185.14,2.15,8.85,-0.06,0,-0.08,4.09,-17.24,-9.61,-8.39,0.01,0.15,0.93
3.0204,6,0.957,-0.06,-0.11,-0.26,343.83,-14.05,-3.13,0.14,0.09,-0.05,4.09,11.6,11.6,-10.68,0.39,-0.05,0.88
3.0242,0,0.051,-0.25,-0.05,-0.96,198.9,-29.56,4.58,-0.03,-0.15,0.23,4.09,-3.81,-0.15,18.31,0.61,-0.06,1.07
3.0257,2,-0.419,0.04,-0.77,0.48,229.37,37.72,-104.35,0.02,0.01,-0.28,4.09,2.14,-53.71,-10.99,-0.48,-0.49,-0.13
3.0294,5,0.225,0.69,0.68,0.09,101.28,10.48,153.71,0.11,-0.02,-0.18,4.09,-16.94,2.29,-39.37,-0,0.39,-0.71
3.0308,3,-0.239,-0.2,-0.83,-0.46,159.67,12.38,118.22,0.03,-0.07,-0.01,4.09,-24.57,6.1,-29.6,-0.21,0.89,-0.35
3.0346,7,-0.97,-0.12,-0.09,-0.2,37.76,6.85,15.25,0.4,0.16,-0.22,0,-11.14,4.58,9.31,0.23,-0.11,0.78
3.0364,4,-0.114,0.78,-0.6,0.1,298.45,-1.11,-162.62,0.16,-0.07,-0.08,4.09,10.99,22.43,14.8,-0.02,-0.44,-0.83
3.1201,1,-0.079,0.01,-0.08,-0.99,185.03,1.52,9.34,0.13,0.08,0.23,4.09,14.04,10.07,2.44,-0.17,0.23,1.16
3.1217,6,0.955,-0.05,-0.12,-0.27,342.82,-14.6,-1.37,0.02,0.01,0.02,4.09,14.04,-9.16,-16.17,0.28,-0.03,0.98
3.1251,0,0.058,-0.26,-0.04,-0.96,199.99,-29.97,3.73,0.03,0.09,0.05,4.09,-3.51,9.77,-21.21,0.5,0.14,0.92
3.1265,2,-0.431,0.07,-0.75,0.49,235.02,35.19,-100.11,-0.01,0.06,0.21,4.09,13.12,-33.11,16.17,-0.66,-1,-0.15
3.1301,5,0.242,0.67,0.69,0.09,102.91,12.08,152.26,0.08,-0.18,-0.24,4.09,-26.09,-22.89,-17.4,-0.11,0.37,-0.62
3.1316,3,-0.25,-0.17,-0.83,-0.47,161.59,14.61,116.47,0.23,-0.11,0.01,4.09,-15.41,-9.46,-43.95,-0.38,0.86,-0.17
3.1353,7,-0.97,-0.11,-0.06,-0.21,38.53,3.5,13.95,0.04,-0.09,0.02,0,-3.36,-28.23,-1.98,0,0.25,0.97
3.1367,4,-0.127,0.77,-0.62,0.12,296.42,-1.57,-159.91,0.06,-0.31,-0.19,4.09,35.25,5.65,-3.51,-0.44,-0.58,-0.63
3.2324,1,-0.079,0.02,-0.08,-0.99,185.13,2.99,8.61,0.13,-0.14,-0.06,4.09,-18.31,8.85,-0.46,-0.15,-0,0.97
3.234,6,0.952,-0.04,-0.13,-0.27,341.95,-15.72,0.03,0,0.01,-0.04,4.09,8.54,-9,-15.26,0.28,-0.02,0.9
3.2378,0,0.042,-0.24,-0.04,-0.97,197.98,-27.93,3.95,0.06,-0.12,-0.06,4.09,-1.68,24.87,-19.84,0.37,-0.08,0.86
3.2394,2,-0.453,0.06,-0.74,0.49,236.71,37.65,-98.25,-0.21,0.17,0.38,4.09,5.04,-0.76,69.12,-0.61,-1.15,-0.22
3.2432,5,0.273,0.65,0.7,0.09,103.77,15.6,150.16,0.17,0.26,-0.01,4.09,-35.86,-17.09,-18.01,-0.45,0.65,-0.69
3.2447,3,-0.262,-0.14,-0.83,-0.47,163.77,17.6,115.74,0.31,-0.06,-0.18,4.09,-12.66,3.2,-11.9,-0.33,0.92,-0.23
3.2483,7,-0.966,-0.11,-0.03,-0.23,40.98,0.51,13.59,0.02,-0.02,0.07,0,-4.73,-16.94,44.4,-0,0.29,1.04
3.2497,4,-0.141,0.75,-0.63,0.14,293.46,-1.52,-157.45,0.31,0.06,0.1,4.09,24.26,16.94,36.62,0.01,-0.68,-0.77
3.322,1,-0.076,0.04,-0.07,-0.99,185.65,4.92,7.18,0.01,0.04,-0.03,4.09,-10.22,19.84,-1.37,-0.11,0.15,0.94
3.3236,6,0.952,-0.04,-0.15,-0.27,342.59,-17.46,0.36,-0.06,0.01,0,4.09,4.43,-11.75,35.71,0.25,-0,0.97
3.3271,0,0.036,-0.22,-0.04,-0.97,197.34,-25.54,4.07,0.08,-0.06,-0.01,4.09,1.68,31.28,-0.46,0.38,0.03,0.9
3.3286,2,-0.468,0.05,-0.75,0.47,236.6,40.81,-99.34,0.06,0.01,0.04,4.09,-5.34,-4.43,37.54,-0.7,-0.72,-0.05
3.332,5,0.314,0.63,0.7,0.1,104.84,18.32,145.43,0.6,-0.19,-0.14,4.09,-52.34,-17.85,-29.6,-0.13,0.95,-0.39
3.3335,3,-0.277,-0.13,-0.83,-0.47,163.62,19.5,115,0.11,-0.05,0.04,4.09,1.68,-24.72,-17.09,-0.43,0.88,-0.29
3.3374,7,-0.963,-0.11,-0.01,-0.24,42.4,-1.6,12.99,0.11,0.09,-0,0,-11.44,-18.77,22.13,0.07,0.1,1
3.3388,4,-0.153,0.72,-0.66,0.16,288.52,-1.4,-154.67,0.31,-0.13,-0.09,4.09,32.81,19.68,37.69,-0.12,-0.74,-0.62
3.432,1,-0.08,0.06,-0.06,-0.99,185.26,6.86,6.39,-0.01,-0.06,0.06,4.09,-3.2,16.02,-1.22,-0.09,0.03,1.05
3.4335,6,0.956,-0.03,-0.15,-0.25,344.5,-17.6,0.81,0.1,-0.12,0.03,4.09,8.09,9.16,-30.67,0.34,0.15,0.96
3.4383,0,0.053,-0.2,-0.03,-0.98,199.71,-23.3,2.77,0.05,-0.05,0,4.09,-3.05,39.06,26.7,0.32,0.05,0.92
3.4397,2,-0.48,0.03,-0.75,0.46,236.64,43.23,-99.11,0.09,0,-0.01,4.09,4.88,-5.19,-2.59,-0.72,-0.71,-0.06
3.4448,5,0.343,0.6,0.71,0.11,106.61,21.2,142.82,0.03,-0.11,0.03,4.09,-18.31,-10.22,-0.76,-0.29,0.59,-0.79
3.4462,3,-0.288,-0.13,-0.82,-0.47,162.98,20.76,114.91,0.2,-0.01,-0.08,4.09,-2.75,-11.44,-15.11,-0.48,0.76,-0.23
3.4499,7,-0.957,-0.11,-0,-0.27,45.12,-2.94,12.44,0.04,0.1,-0.08,0,4.43,-1.83,61.8,0.04,0.13,0.94
3.452,4,-0.163,0.7,-0.67,0.18,285.6,-1.84,-151.93,0.25,0.02,-0.01,4.09,20.6,7.63,22.13,0.01,-0.69,-0.71
3.5279,1,-0.062,0.07,-0.05,-0.99,187.28,8.2,5.73,0.04,-0.01,0,4.09,-12.36,4.12,26.86,-0.19,0.1,0.99
3.5294,6,0.953,-0.02,-0.15,-0.26,342.7,-17.23,1.97,0.03,0.04,-0.05,4.09,4.43,4.58,3.81,0.33,0.02,0.9
3.5346,0,0.067,-0.18,-0.03,-0.98,201.53,-20.52,1.86,0.11,-0.01,-0.05,4.09,0.61,14.04,7.63,0.21,0.02,0.94
3.536,2,-0.49,0.03,-0.74,0.46,237.11,44.8,-98.39,-0.01,0.07,0.13,4.09,-13.43,-4.73,26.25,-0.77,-0.78,-0.11
3.541,5,0.353,0.6,0.71,0.11,106.2,21.88,141.61,0.13,-0.08,-0.12,4.09,-12.51,-5.95,-12.21,-0.28,0.51,-0.59
3.5428,3,-0.297,-0.13,-0.82,-0.47,162.31,21.59,114.18,0.1,-0.08,-0.01,4.09,1.22,-23.96,-1.37,-0.41,0.87,-0.24
3.5483,7,-0.95,-0.12,-0,-0.29,47.78,-3.84,12.66,0.12,0.05,-0.07,0,-5.65,-9.31,0,0.13,0.09,0.93
3.5506,4,-0.168,0.69,-0.68,0.2,284.72,-2.52,-150.22,0.16,-0.09,-0.08,4.09,21.06,7.32,-2.14,-0.07,-0.63,-0.65
3.6241,1,-0.049,0.08,-0.05,-0.99,188.77,9.06,5.18,0.03,0.11,-0,4.09,2.59,7.93,9.92,-0.2,0.19,0.97
3.6258,6,0.954,-0.02,-0.15,-0.26,343.48,-17.18,2.45,0.03,-0.05,0.01,4.09,2.59,4.27,6.26,0.3,0.1,0.95
3.632,0,0.066,-0.16,-0.03,-0.98,201.39,-19,2.18,0.11,-0.03,-0.03,4.09,5.8,9.46,-3.81,0.21,0.02,0.96
3.6339,2,-0.502,-0,-0.75,0.43,234.85,49.02,-100.99,0.02,-0.01,-0.03,4.09,-6.41,11.9,61.04,-0.75,-0.61,-0.12
3.6388,5,0.367,0.59,0.71,0.11,106.49,23.14,140.11,0.09,0.12,-0.24,4.09,-12.66,-6.56,14.04,-0.42,0.6,-0.48
3.6406,3,-0.311,-0.14,-0.81,-0.47,160.11,22.15,113.18,0.27,-0.01,-0.03,4.09,2.14,-12.36,-8.7,-0.54,0.81,-0.18
3.6458,7,-0.952,-0.11,0.01,-0.29,47.07,-5.1,11.74,0.05,0.05,0.01,0,-2.59,-8.39,-8.39,0.1,0.12,1
3.6478,4,-0.19,0.67,-0.68,0.23,282.33,-2.76,-145.53,0.54,-0.32,-0.07,4.09,70.04,48.83,65,-0.06,-0.73,-0.51
3.724,1,-0.052,0.09,-0.05,-0.99,188.49,10.02,5.04,0.05,-0.09,-0.01,4.09,-2.29,4.43,0.92,-0.21,-0,0.95
3.7256,6,0.956,-0.01,-0.15,-0.25,343.89,-16.75,2.88,0.02,-0.04,0.02,4.09,1.07,6.1,-1.83,0.3,0.09,0.97
3.7317,0,0.07,-0.15,-0.03,-0.99,201.78,-17.25,2.46,0.09,0.02,-0.03,4.09,4.73,13.73,0.46,0.21,0.08,0.96
3.7335,2,-0.507,-0.04,-0.76,0.41,230.2,53.27,-105.15,0.01,0.08,0.03,4.09,-1.53,28.99,74.77,-0.78,-0.63,-0.13
3.7382,5,0.365,0.61,0.69,0.13,103.93,20.61,138.4,0.37,-0.04,-0.08,4.09,-11.9,-0.15,35.71,-0.29,0.89,-0.39
3.74,3,-0.324,-0.15,-0.81,-0.47,158.38,22.94,112.85,0.28,0.03,-0.09,4.09,13.89,-14.04,13.89,-0.56,0.73,-0.15
3.7449,7,-0.95,-0.11,0.02,-0.29,47.43,-5.63,11.57,0.17,0.02,-0.01,0,-2.14,-8.7,12.82,0.23,0.09,0.98
3.7465,4,-0.217,0.6,-0.73,0.24,272.84,1.54,-141.89,0.48,-0.03,-0.23,4.09,20.29,10.22,202.79,-0.15,-0.79,-0.3
3.828,1,-0.049,0.09,-0.04,-0.99,188.86,10.8,4.47,0.01,0.02,0.05,4.09,-3.66,3.05,4.73,-0.2,0.09,1.03
3.8295,6,0.956,-0.01,-0.15,-0.25,343.99,-16.52,3.04,0.02,-0,0.01,4.09,-1.07,2.14,5.65,0.3,0.07,0.96
3.8331,0,0.071,-0.13,-0.03,-0.99,201.95,-15.49,2.77,0.1,-0.03,-0.01,4.09,-0.61,3.66,5.34,0.17,0.04,0.98
3.8346,2,-0.51,-0.07,-0.76,0.4,226.92,55.95,-106.56,0.09,-0.27,-0.43,4.09,63.63,-17.24,-66.38,-0.59,-0.1,-0.19
3.8381,5,0.373,0.6,0.69,0.14,103.92,20.77,137.09,0.45,0.03,0.1,4.09,-7.63,5.65,-12.82,-0.4,1.25,-0.37
3.8397,3,-0.324,-0.16,-0.8,-0.48,156.25,21.31,111.29,0.08,0.1,-0.41,4.09,-51.12,-11.14,69.43,-0.33,0.47,-0.21
3.8433,7,-0.951,-0.11,0.03,-0.29,47.07,-6.62,11.12,0.03,0.01,-0.01,0,-1.37,-1.68,6.26,0.13,0.16,0.97
3.8447,4,-0.224,0.5,-0.81,0.21,260.68,8.99,-145.61,0.55,-0.14,-0.68,4.09,-78.58,21.36,62.56,-0.35,-0.51,0.04
3.9199,1,-0.044,0.1,-0.04,-0.99,189.44,11.54,4.5,0.02,-0.02,-0.02,4.09,-0.92,2.75,3.36,-0.2,0.05,0.96
3.9213,6,0.958,-0.01,-0.14,-0.25,344.41,-16.28,2.72,-0.01,-0.01,-0.01,4.09,-6.41,4.27,3.51,0.26,0.04,0.95
3.9251,0,0.079,-0.13,-0.03,-0.99,202.88,-15.04,2.2,0.06,-0.03,-0.02,4.09,-7.32,-2.29,1.98,0.19,0.01,0.96
3.9265,2,-0.497,-0.04,-0.71,0.5,235.28,48.06,-90.56,0.13,0.02,-0.52,4.09,136.41,-62.87,-136.87,-0.41,-0.31,0.15
3.9301,5,0.357,0.57,0.73,0.11,110.14,23.23,141.59,0.78,0,-0.14,4.09,49.44,25.18,-110.93,-0.43,1.07,-0.09
3.9316,3,-0.284,-0.22,-0.74,-0.57,152.64,9.72,101.51,0.26,-0.21,-0.43,4.09,-135.19,17.85,151.37,-0.15,0.63,0.22
3.9419,7,-0.951,-0.11,0.03,-0.29,47.21,-7.07,10.91,0.02,-0.01,0.04,0,1.07,2.14,0,0.15,0.19,1.01
3.9434,4,-0.139,0.49,-0.85,0.13,254.86,6.19,-158.64,0.28,0.02,-0.81,4.09,-131.99,76.45,5.8,-0.13,-0.28,-0.06
4.034,1,-0.042,0.1,-0.04,-0.99,189.67,11.58,4.06,0,0.01,0.05,4.09,-1.37,0.31,3.66,-0.21,0.09,1.02
4.0357,6,0.961,-0.02,-0.13,-0.24,345.56,-15.46,1,-0.12,0.07,-0.01,4.09,-22.58,15.11,26.86,0.2,-0.1,0.97
4.0392,0,0.071,-0.13,-0.02,-0.99,202.1,-14.6,1.66,0.02,0.05,-0.07,4.09,-8.24,2.75,-26.86,0.22,0.08,0.88
4.0406,2,-0.463,0,-0.59,0.66,240.91,33.21,-69.56,0.21,0.25,0.06,4.09,242,-69.58,-111.54,-0.56,-0.77,0.74
4.0438,5,0.271,0.48,0.84,0.01,130.4,26.53,162.38,0.65,-0.01,-1.01,4.09,180.82,96.89,-250.7,-0.26,0.48,0.3
4.0455,3,-0.241,-0.23,-0.63,-0.7,154.93,-1.23,84.31,0.45,-0.39,-0.17,4.09,-235.44,38.3,44.4,-0.09,0.77,0.7
4.0517,7,-0.952,-0.11,0.03,-0.29,46.82,-6.97,10.96,0.02,-0.03,-0.01,0,-1.07,1.07,-9.16,0.16,0.21,0.95
4.0535,4,-0.039,0.5,-0.86,0.1,254.86,-2.21,-167.32,-0.17,0.13,-0.51,4.09,3.97,86.21,-28.23,0.24,-0.01,-0.48
4.13,1,-0.044,0.1,-0.04,-0.99,189.38,11.65,4.05,-0.01,-0.01,-0.01,4.09,0.31,-4.43,-4.73,-0.19,0.06,0.97
4.1315,6,0.968,-0.05,-0.12,-0.22,348.85,-14.14,-2.32,0.08,-0.09,0.01,4.09,-21.36,15.87,30.21,0.28,0.09,0.96
4.135,0,0.032,-0.12,-0.02,-0.99,197.44,-13.83,2.29,0.02,-0.03,-0.11,4.09,-2.75,11.29,-73.39,0.27,0.01,0.94
4.1364,2,-0.485,-0.06,-0.38,0.79,248.01,27.34,-36.92,0.23,0.07,0.17,4.09,288.54,-76.29,95.67,-0.6,-0.44,0.94
4.1401,5,0.11,0.41,0.9,-0.1,146.17,16.17,-174.66,-0.39,-0.18,-0.7,4.09,131.07,125.58,36.16,0.37,-0.19,-0.52
4.1415,3,-0.296,-0.13,-0.45,-0.83,156.35,2.78,56.37,0.56,-0.45,-0.07,4.09,-372.77,18.31,-89.57,-0.22,0.35,1.2
4.1452,7,-0.954,-0.11,0.03,-0.28,45.91,-6.93,10.83,0.09,0.01,0.01,0,-5.49,-0.76,-9.31,0.19,0.12,0.98
4.1467,4,-0.012,0.56,-0.8,0.24,260.98,-14.03,-156.36,-0.08,0.39,-0.48,4.09,272.37,144.35,-158.08,0.65,-0.26,-0.34
4.242,1,-0.051,0.1,-0.04,-0.99,188.58,11.15,4.01,0.02,-0.06,-0.03,4.09,6.71,-10.83,-2.44,-0.2,-0,0.94
4.2436,2,-0.574,-0.13,-0.15,0.79,264.64,22.55,-5.53,-0.3,-0.28,0.36,4.09,199.28,-112.92,154.11,-0.65,-0.49,1.15
4.2472,0,-0.009,-0.11,-0.03,-0.99,192.62,-13.05,3.29,0.22,-0.08,0.13,4.09,-1.53,10.83,-16.33,0.04,-0.01,1.16
4.2487,6,0.968,-0.05,-0.11,-0.22,348.99,-13.82,-2.71,0.26,-0.04,0.05,4.09,4.73,-16.33,-16.94,0.44,0.07,0.98
4.2521,5,0.044,0.46,0.88,-0.11,140.07,10.35,-170.89,-0.13,-0.24,-0.2,4.09,-64.24,36.77,94.45,0.12,-0.08,-0.83
4.2537,3,-0.381,-0.05,-0.2,-0.9,148.92,3.36,23.41,0.05,0.37,0.94,4.09,-230.71,-57.53,-21.82,-0.43,0.94,1.63
4.2572,7,-0.957,-0.1,0.03,-0.27,44.83,-6.86,10.4,0.04,0.11,0.05,0,-2.9,12.05,7.93,0.1,0.09,1.01
4.2586,4,-0.103,0.54,-0.61,0.56,257.64,-28.99,-113.31,0.79,0.2,0.57,4.09,450.59,97.96,165.86,0.65,-1.94,-0.06
4.332,1,-0.046,0.08,-0.04,-0.99,189.15,9.74,4.39,0.01,-0.06,-0.02,4.09,6.87,-16.63,16.48,-0.18,0.02,0.96
4.3335,6,0.965,-0.05,-0.13,-0.22,348.26,-15.69,-2.46,0.03,-0.03,-0.02,4.09,-3.66,-22.13,-9,0.28,0.02,0.93
4.337,0,-0.014,-0.09,-0.02,-1,192.17,-10.49,2.83,0.08,-0.05,-0.07,4.09,-3.66,36.47,9.77,0.1,0,0.95
4.3384,2,-0.674,-0.12,-0.01,0.73,280.44,10.54,9.04,0.01,-0.17,0.09,4.09,21.67,-64.09,119.78,-0.36,0.15,1.03
4.3417,5,0.126,0.5,0.85,0.08,131.68,7.75,164.75,-0.23,0.01,-0.46,4.09,-477.45,5.19,119.63,-0.03,0.05,-0.47
4.3436,3,-0.414,-0.01,-0.11,-0.9,145.17,4.01,12.39,-0.16,0.07,0.01,4.09,-30.36,37.38,-131.99,-0.02,0.18,1.04
4.3473,7,-0.954,-0.1,0.03,-0.28,46.34,-5.9,10,0.09,0.06,-0.04,0,-1.98,14.95,31.28,0.17,0.08,0.95
4.3487,4,-0.439,0.37,-0.48,0.67,263.62,-4.03,-73.72,0.59,-0.4,0.43,4.09,296.33,-153.5,14.34,-0.49,-1.32,0.83
4.4431,1,-0.034,0.07,-0.05,-1,190.5,7.7,5.06,-0.02,0.03,0.11,4.09,4.27,-14.19,9.46,-0.14,0.13,1.12
4.4446,6,0.96,-0.05,-0.14,-0.24,346.76,-17.48,-1.66,0.06,0.01,0.15,4.09,9.16,-16.17,-7.17,0.4,-0.04,1.05
4.4494,0,0.002,-0.07,-0.03,-1,194.01,-8.14,3.14,0.19,-0.08,0.04,4.09,15.56,49.44,23.04,-0.05,0.01,1.01
4.4508,2,-0.747,-0.09,-0.01,0.66,291.68,7.68,7.34,-0.22,0.09,0.1,4.09,-102.69,0.15,142.97,-0.1,-0.06,1.16
4.4558,5,0.368,0.44,0.69,0.44,124.34,7.41,110.57,0.95,-0.68,0.9,4.09,-537.26,-185.7,-256.5,-0.22,2.5,0.68
4.4573,3,-0.504,0.03,-0.13,-0.85,133.96,10.16,11.4,0.02,-0.15,0.02,4.09,53.86,12.66,-107.27,-0.06,0.12,1.02
4.4613,7,-0.95,-0.09,0.02,-0.3,48.58,-5.47,9.11,0.06,-0.07,-0.01,0,-9.92,1.22,-4.12,0.18,0.18,0.96
4.463,4,-0.676,0.25,-0.32,0.62,286.1,7.05,-47.06,0.37,-0.17,0.44,4.09,242.31,-147.55,383.3,-0.37,-0.7,1.27
4.5395,1,-0.035,0.06,-0.05,-1,190.42,7.33,5.54,0.05,0.05,-0.06,4.09,4.27,-4.27,-7.48,-0.17,0.13,0.9
4.5411,6,0.961,-0.05,-0.16,-0.22,348.53,-18.97,-1.92,-0.17,-0.02,0.05,4.09,6.1,-13.58,30.06,0.16,-0.11,1.07
4.5465,0,-0.012,-0.03,-0.03,-1,192.57,-3.38,3.58,-0.25,0.07,0.04,4.09,14.04,8.7,-17.85,0.27,0.13,1.01
4.5486,2,-0.811,-0.04,-0.06,0.58,302.92,7.94,0.21,0.19,0.05,-0.02,4.09,-38.91,5.49,94.45,-0.02,0.2,0.98
4.554,5,0.692,0.26,0.46,0.49,98.15,22.91,62,0.5,0.07,0.84,4.09,-248.11,-195.77,13.43,-0.72,1.25,1.23
4.5574,3,-0.593,0.03,-0.17,-0.79,121.76,13.97,13.49,0.44,-0.19,-0.08,4.09,28.23,20.29,-108.34,-0.18,-0.27,0.98
4.5616,7,-0.955,-0.09,0.01,-0.28,46.59,-4.16,9.7,-0.11,0.09,0.09,0,16.63,24.11,-10.99,-0.06,0.16,1.08
4.563,4,-0.866,0.12,-0.19,0.45,316.86,12.31,-23,0.24,-0.12,0.22,4.09,96.74,-82.09,150.91,-0.23,-0.23,1.2
4.6351,1,-0.042,0.05,-0.05,-1,189.56,6.38,5.41,-0.03,-0.03,0.1,4.09,-7.48,-12.66,-3.2,-0.09,0.08,1.1
4.6369,6,0.965,-0.06,-0.15,-0.21,350.21,-18.05,-2.77,-0.12,0,0.01,4.09,-7.78,18.31,-3.81,0.22,-0.12,0.99
4.6415,0,-0.019,-0.04,-0.05,-1,191.68,-4.17,5.73,0.11,-0.14,-0,4.09,20.29,19.53,10.99,0.04,-0.04,0.96
4.6431,2,-0.837,-0.05,-0.05,0.54,308.27,7.34,1.49,0.18,0.07,0.12,4.09,40.89,-9.46,-7.48,-0.01,0.13,1.14
4.6468,5,0.821,0.15,0.28,0.47,79.43,18.89,33.21,0.3,0.51,0.49,4.09,-184.78,-103.15,-133.97,-0.96,0.08,1.39
4.6483,3,-0.596,0.04,-0.17,-0.78,121.35,15.29,13.56,-0.05,0.02,0.09,4.09,1.83,6.56,57.07,-0.29,0.36,1.01
4.652,7,-0.952,-0.1,-0.02,-0.29,47.91,-1.3,11.43,0.08,0.06,-0.09,0,22.13,43.18,32.5,0.09,0.14,0.92
4.6534,4,-0.896,0.1,-0.14,0.41,323.41,9.67,-16.97,0.06,-0.04,0.2,4.09,-10.83,9,-65.46,-0.19,-0.3,1.15
4.7352,1,-0.041,0.05,-0.04,-1,189.53,6.17,3.89,-0.02,0.11,-0.05,4.09,-11.14,13.12,-1.37,-0.09,0.17,0.94
4.7369,6,0.966,-0.07,-0.13,-0.21,350.19,-16.76,-4.36,-0.15,-0.03,-0.01,4.09,-11.6,9.46,0.92,0.14,-0.09,0.98
4.7412,0,-0.001,-0.01,-0.07,-1,193.85,-0.77,7.47,-0.03,0.06,0.1,4.09,16.33,40.44,25.48,0.02,0.2,1.08
4.7427,2,-0.828,-0.06,-0.03,0.56,306.54,6.75,4.16,-0.02,0.08,-0.02,4.09,1.07,-4.27,-27.47,-0.05,0.02,0.98
4.7463,5,0.807,0.11,0.25,0.52,84.1,16.24,27.32,0.06,-0.31,0.15,4.09,-6.26,43.79,25.79,0.01,0.56,1.02
4.7477,3,-0.6,0.04,-0.16,-0.78,120.67,14.67,12.49,0.03,-0.08,-0.05,4.09,-1.22,-1.83,-12.51,-0.17,0.16,0.91
4.7513,7,-0.951,-0.11,-0.05,-0.28,47.3,2.12,14.2,-0.08,0,0.1,0,27.16,38.76,-45.01,-0.12,0.29,1.05
4.7527,4,-0.859,0.12,-0.14,0.48,314.44,7.43,-19.7,-0.09,0.15,-0.02,4.09,-22.74,16.02,-42.27,-0.06,-0.46,0.87
4.8351,1,-0.04,0.04,-0.04,-1,189.63,5.11,4.2,-0.27,0.03,0.03,4.09,0.92,-26.4,-3.97,0.18,0.12,1.05
4.8367,6,0.966,-0.07,-0.13,-0.21,349.88,-15.79,-5.02,-0.07,0.1,-0.01,4.09,-1.83,2.75,2.44,0.24,-0.19,0.95
4.8414,0,0.01,0.02,-0.07,-1,195.43,2.37,8.25,-0.08,0.15,-0.04,4.09,-0.15,4.73,-6.56,0.05,0.27,0.93
4.8429,2,-0.815,-0.05,-0.03,0.58,303.65,6.47,3.05,-0.11,0.08,-0.03,4.09,-11.29,0,-16.63,-0.08,-0.08,0.98
4.8467,5,0.81,0.1,0.26,0.52,83.54,18.56,26.72,0.22,-0.11,-0.11,4.09,-0.15,3.81,-45.78,-0.11,0.26,0.86
4.8482,3,-0.615,0.03,-0.16,-0.77,118.45,14.13,11.84,0.02,-0.02,-0.01,4.09,11.14,-11.14,-27.62,-0.24,0.16,0.96
4.8517,7,-0.951,-0.12,-0.08,-0.27,46.94,5.13,15.38,-0.08,0.21,-0.03,0,0.92,14.04,36.93,-0.28,0.13,0.96
4.8531,4,-0.843,0.13,-0.15,0.5,311.41,6.45,-22.01,0.05,-0.03,-0.01,4.09,-29.75,11.9,-38.45,-0.1,-0.33,0.94
4.937,1,-0.044,0.03,-0.04,-1,189.19,3.41,5,-0.18,0.04,-0,4.09,12.51,-10.07,-7.32,0.12,0.15,0.99
4.9388,6,0.968,-0.07,-0.12,-0.21,350.62,-15.42,-5.31,-0.06,-0,0.01,4.09,3.97,0.46,6.26,0.21,-0.12,0.98
4.9429,0,-0.004,0.02,-0.07,-1,193.77,1.79,8.52,-0.07,0.03,-0.04,4.09,-0.15,-12.82,-16.63,0.04,0.17,0.95
4.9445,2,-0.811,-0.04,-0.04,0.58,302.75,6.52,1.11,-0.05,0.06,-0,4.09,-19.68,2.9,-14.8,-0.07,-0.05,1
4.9482,5,0.827,0.1,0.24,0.5,80.27,17.18,24.64,0.12,0.05,-0.05,4.09,-12.82,-30.06,5.34,-0.33,0.23,0.89
4.9497,3,-0.632,0.03,-0.16,-0.76,115.97,13.74,12.28,-0.01,0,0,4.09,21.06,-0.31,-17.7,-0.23,0.21,0.94
4.9532,7,-0.945,-0.11,-0.1,-0.29,49.38,7.38,15.49,0.03,-0.08,-0.13,0,-6.26,15.26,12.36,-0.04,0.27,0.84
4.9548,4,-0.826,0.15,-0.15,0.52,308.21,5.72,-23.91,0.05,-0.06,0.01,4.09,-17.55,14.8,-14.8,-0.12,-0.34,0.96
5.0386,1,-0.049,0.01,-0.06,-1,188.46,1.65,6.28,-0.11,-0,-0.03,4.09,6.71,-9.92,-1.53,0.08,0.11,0.98
5.0454,6,0.969,-0.07,-0.12,-0.2,350.94,-14.87,-5.32,-0.14,0.1,0.07,4.09,2.9,7.63,15.72,0.19,-0.24,1.04
5.0496,0,-0.019,0.01,-0.08,-1,191.89,0.74,8.74,-0.07,0.05,-0.01,4.09,0.31,-13.89,-19.53,0.06,0.19,0.97
5.051,2,-0.802,-0.03,-0.06,0.59,300.86,7.15,-0.99,-0.03,0.03,0.12,4.09,-19.68,12.66,-17.85,-0.14,-0.06,1.14
5.0552,5,0.816,0.1,0.22,0.53,82.68,14.61,24.06,-0,0.01,0.1,4.09,-2.44,6.87,5.8,-0.25,0.41,0.95
5.0573,3,-0.65,0.01,-0.16,-0.74,113.13,12.96,13.11,0.08,-0.08,0.11,4.09,21.67,-12.82,-18.01,-0.18,0.16,1.09
5.0611,7,-0.944,-0.1,-0.1,-0.3,50.08,7.04,14.44,0.14,-0.04,-0.08,0,-15.72,-22.43,-4.88,0.03,0.17,0.91
5.0626,4,-0.819,0.15,-0.16,0.53,306.84,6.05,-24.3,0.14,-0.07,0.14,4.09,-9.92,18.01,-14.04,-0.13,-0.32,1.09
5.1396,1,-0.049,0,-0.06,-1,188.47,0.49,6.45,-0.08,0.02,0.04,4.09,-1.98,4.27,4.88,0.07,0.15,1.03
5.1415,6,0.973,-0.07,-0.11,-0.19,352.76,-13.71,-5.66,0.12,-0.09,-0.07,4.09,2.75,6.71,15.87,0.29,0.04,0.89
5.1451,0,-0.034,-0.01,-0.08,-1,190.05,-0.78,9.19,-0.06,0.04,0.03,4.09,0.76,-26.86,-13.12,0.07,0.2,1.02
5.1465,2,-0.796,-0.03,-0.06,0.6,299.72,7.52,-2.09,-0.04,-0.03,-0.08,4.09,4.27,6.71,-0.15,-0.15,-0.06,0.88
5.1501,5,0.838,0.09,0.22,0.49,78.19,15.85,22.06,0.17,-0.1,-0.01,4.09,-0.61,-5.95,-56.61,-0.11,0.27,0.97
5.1516,3,-0.667,0,-0.15,-0.73,110.54,11.91,13.31,0.17,-0.04,-0.14,4.09,4.27,-3.36,-8.24,-0.15,0.02,0.86
5.1557,7,-0.951,-0.09,-0.06,-0.29,48.57,3.46,11.62,0.31,0.11,0.04,0,-47.45,-72.78,11.44,0.11,-0.03,1.09
5.1574,4,-0.809,0.15,-0.17,0.54,304.92,6.04,-25.25,0.02,-0.02,-0.11,4.09,-16.48,4.73,5.65,-0.1,-0.36,0.81
5.2382,1,-0.043,0,-0.05,-1,189.16,0.5,6.24,-0,-0.03,0.03,4.09,-0.92,0.15,13.73,-0.01,0.08,1.03
5.24,6,0.975,-0.07,-0.11,-0.18,353.56,-13.66,-5.23,-0.09,0.01,0.03,4.09,2.44,-2.75,18.62,0.16,-0.14,1.03
5.2439,0,-0.043,-0.03,-0.08,-1,188.94,-2.77,8.96,-0.02,-0.08,-0.03,4.09,-7.63,-9.61,-2.44,0.11,0.07,0.96
5.2453,2,-0.801,-0.03,-0.07,0.59,300.84,8.53,-2.03,-0.02,0.01,-0,4.09,-8.7,7.32,16.17,-0.15,-0.06,1.02
5.2487,5,0.861,0.09,0.21,0.45,72.67,16.08,20.98,0.16,-0.13,0.01,4.09,23.04,-10.22,-74.92,-0.1,0.29,0.97
5.2502,3,-0.663,-0.01,-0.15,-0.73,111.1,10.95,13.82,0.02,-0.08,0.04,4.09,6.56,-5.19,18.01,-0.12,0.23,1.03
5.2538,7,-0.948,-0.08,-0.03,-0.31,49.82,0.04,9.7,0.14,0.04,-0.25,0,-4.73,-41.2,-2.59,0.07,-0.03,0.81
5.2556,4,-0.819,0.15,-0.17,0.53,306.91,6.65,-24.82,0.12,-0.04,0.05,4.09,4.73,-3.2,16.33,-0.11,-0.33,1.01
5.3519,1,-0.022,0.01,-0.06,-1,191.57,0.76,6.86,-0.01,0.02,-0.12,4.09,-0.46,17.55,21.36,0,0.12,0.86
5.3535,6,0.978,-0.06,-0.1,-0.17,354.72,-13.05,-5.13,-0.04,-0.01,-0.02,4.09,1.83,3.2,-6.87,0.2,-0.09,0.97
5.3577,0,-0.034,-0.04,-0.07,-1,189.8,-4.08,8.25,0,-0.07,-0.04,4.09,-1.22,-9.46,18.31,0.07,0.07,0.96
5.3593,2,-0.811,-0.03,-0.08,0.58,302.82,8.96,-2.55,0.06,-0.06,-0.02,4.09,-3.36,3.2,20.45,-0.19,0.04,0.96
5.363,5,0.893,0.1,0.21,0.38,63.78,17.61,21.21,0.25,0.06,-0.1,4.09,37.69,-5.34,-68.51,-0.16,0.1,0.92
5.3644,3,-0.66,-0.02,-0.14,-0.74,111.56,9.5,13.78,0.06,-0.03,-0.02,4.09,-2.29,-3.97,8.54,-0.14,0.17,0.95
5.368,7,-0.944,-0.08,0,-0.32,51.34,-3.07,8.47,-0.24,-0.15,0.05,0,-7.78,-24.11,-1.07,-0.05,0.41,1.03
5.3694,4,-0.834,0.14,-0.16,0.51,309.69,6.84,-23.23,0.05,-0.08,-0.03,4.09,-2.44,-8.24,36.93,-0.17,-0.3,0.91
5.444,1,-0.01,0.01,-0.05,-1,192.97,1.53,5.92,-0.01,-0.01,0.05,4.09,-3.97,6.71,11.6,-0.01,0.1,1.05
5.4455,6,0.977,-0.06,-0.11,-0.17,354.47,-13.1,-4.83,0.03,0.02,-0.02,4.09,3.05,-4.27,4.73,0.24,-0.08,0.94
5.4504,0,-0.022,-0.04,-0.06,-1,191.24,-4.62,7.37,-0.04,-0.02,0.02,4.09,-5.8,1.98,12.05,0.13,0.11,1
5.4517,2,-0.815,-0.03,-0.08,0.57,303.62,9.49,-2.23,0,-0.01,-0.01,4.09,2.75,3.97,-3.66,-0.17,-0.04,0.98
5.4575,5,0.898,0.11,0.21,0.37,62.25,16.91,22.03,0.24,0.04,-0.01,4.09,0.76,0.61,21.51,-0.18,0.19,0.98
5.4591,3,-0.654,-0.02,-0.14,-0.74,112.44,8.71,13.26,0.02,-0.05,0.01,4.09,-5.34,-1.22,14.5,-0.11,0.2,0.97
5.4632,7,-0.947,-0.08,0.01,-0.31,50.35,-4.16,7.98,-0.04,0.02,-0.01,0,-3.2,-10.22,0.15,0.03,0.16,0.99
5.4646,4,-0.846,0.13,-0.15,0.49,312.24,7.35,-22.4,0.07,-0.07,-0.02,4.09,-0.46,3.51,-7.93,-0.16,-0.29,0.93
5.5442,1,-0.003,0.01,-0.05,-1,193.78,1.67,5.92,-0.02,-0.02,-0.05,4.09,-4.58,-5.65,5.65,-0.01,0.07,0.96
5.5457,6,0.977,-0.06,-0.11,-0.17,354.55,-13.77,-4.24,-0.01,-0.02,-0,4.09,3.97,-5.65,-5.8,0.22,-0.06,0.97
5.5516,0,-0.011,-0.04,-0.06,-1,192.46,-4.88,6.72,-0.01,-0.02,-0,4.09,-5.04,0,5.65,0.1,0.1,0.99
5.5532,2,-0.813,-0.03,-0.08,0.58,303.31,9.7,-2.25,-0.02,0,0,4.09,-1.68,1.98,2.44,-0.18,-0.06,0.98
5.5576,5,0.897,0.11,0.19,0.38,63.13,15.52,20.56,0.16,0.02,-0.03,4.09,-20.45,0.46,8.7,-0.17,0.2,0.95
5.5592,3,-0.645,-0.02,-0.13,-0.75,113.8,7.6,12.73,0.03,-0.01,0.01,4.09,-1.83,-3.66,16.94,-0.13,0.19,0.98
5.5634,7,-0.946,-0.08,0.02,-0.31,50.37,-4.73,7.87,-0,0.04,0,0,-2.29,-3.81,16.78,0.06,0.1,1
5.5652,4,-0.844,0.13,-0.15,0.5,311.44,7.16,-21.34,-0.01,-0.02,-0.01,4.09,9.77,0.31,3.51,-0.14,-0.35,0.91
5.6394,1,0.002,0.01,-0.05,-1,194.29,1.07,5.3,-0.03,0.01,0.02,4.09,-0.46,-0.92,6.56,0.01,0.1,1
5.6414,6,0.976,-0.06,-0.12,-0.17,354.33,-14.32,-3.99,-0.05,0.02,0.02,4.09,3.2,-5.19,7.32,0.21,-0.11,0.99
5.6476,0,-0.008,-0.05,-0.05,-1,192.89,-5.29,6.17,-0.02,-0.02,-0.01,4.09,-2.9,-4.58,5.04,0.12,0.09,0.98
5.6494,2,-0.814,-0.03,-0.08,0.57,303.49,9.89,-2.54,0.02,-0,0.01,4.09,-4.12,0.92,0.92,-0.17,-0.02,1
5.6531,5,0.89,0.09,0.18,0.41,65.84,14.1,18.28,0.11,-0.04,0,4.09,-27.31,3.51,54.47,-0.15,0.27,0.97
5.6545,3,-0.638,-0.02,-0.12,-0.76,114.84,6.78,12.56,0,0,0.06,4.09,1.07,0.92,6.41,-0.13,0.23,1.03
5.6587,7,-0.94,-0.07,0.02,-0.33,52.84,-5.18,6.93,0.06,0.03,-0.03,0,-11.9,12.82,37.54,0.12,0.06,0.96
5.6606,4,-0.847,0.12,-0.14,0.5,311.85,7.03,-20.19,-0.03,-0.02,0.05,4.09,2.14,2.59,-5.34,-0.16,-0.37,0.97
5.7411,1,0.005,0.01,-0.05,-1,194.64,1.14,5.32,0,0.02,0.04,4.09,-0.61,5.19,2.29,-0.02,0.12,1.03
5.7427,6,0.977,-0.05,-0.12,-0.17,354.91,-14.49,-3.95,-0.01,-0.03,-0.01,4.09,1.22,-0.76,0.92,0.22,-0.04,0.97
5.7462,0,-0.004,-0.05,-0.05,-1,193.26,-5.72,5.85,-0.03,-0,0.01,4.09,0,-5.19,4.88,0.13,0.1,1
5.7476,2,-0.814,-0.03,-0.08,0.57,303.51,9.71,-2.54,-0.02,-0,0,4.09,3.05,-1.53,4.27,-0.18,-0.06,0.98
5.765,5,0.876,0.08,0.16,0.45,70.16,12.31,16.59,0,-0.07,0.06,4.09,-16.63,1.22,19.53,-0.17,0.33,1
5.7665,3,-0.64,-0.02,-0.12,-0.76,114.42,6.71,12.43,0.07,0.01,-0.01,4.09,0.46,1.83,-1.53,-0.13,0.15,0.97
5.7705,7,-0.935,-0.06,0.04,-0.35,54.41,-6.37,5.56,-0.08,-0.02,0.02,0,-8.39,-7.93,-2.44,0.06,0.17,1.01
5.7721,4,-0.845,0.12,-0.14,0.5,311.45,6.75,-20.35,-0.04,0.02,-0.02,4.09,-7.48,-4.73,9.31,-0.12,-0.38,0.89
5.8614,1,0.007,0.02,-0.05,-1,194.9,1.87,5.25,0.01,-0.02,0,4.09,0.61,7.93,6.87,-0.05,0.07,1
5.8624,6,0.977,-0.05,-0.12,-0.17,354.81,-14.59,-3.72,0.01,0.02,0,4.09,1.53,-2.44,3.51,0.26,-0.08,0.97
5.8664,0,-0.001,-0.06,-0.05,-1,193.62,-6.31,5.84,-0.01,-0.03,0.05,4.09,0.31,-3.05,4.88,0.12,0.08,1.03
5.8684,2,-0.821,-0.03,-0.08,0.56,304.77,9.62,-2.33,0.02,0.01,-0,4.09,-4.73,-1.68,12.66,-0.15,-0.02,0.98
5.8714,5,0.875,0.07,0.16,0.45,70.43,11.93,15.99,0.05,-0.04,0.06,4.09,3.97,2.29,-9.46,-0.16,0.27,1.01
5.8734,3,-0.641,-0.02,-0.12,-0.76,114.34,6.75,12.17,0.02,0.01,0.01,4.09,4.43,1.37,2.59,-0.13,0.2,0.99
5.8764,7,-0.934,-0.06,0.04,-0.35,54.84,-6.51,5.53,0.02,0.02,0,0,2.75,4.12,18.31,0.12,0.06,0.99
5.8784,4,-0.854,0.12,-0.14,0.49,313.46,6.58,-20.24,0.01,-0.03,0.02,4.09,-4.12,-6.56,15.56,-0.14,-0.33,0.96
5.9514,1,0.014,0.02,-0.05,-1,195.83,2.54,5.28,-0.02,0.03,-0.02,4.09,-0.46,2.44,7.17,-0.02,0.12,0.96
5.9524,6,0.977,-0.05,-0.12,-0.17,355.02,-14.81,-3.57,-0.04,-0.02,0,4.09,0.31,-0.46,-1.37,0.22,-0.05,0.98
5.9564,0,0.007,-0.05,-0.05,-1,194.56,-6.32,5.83,0,-0.01,-0.01,4.09,3.51,4.27,10.53,0.1,0.09,0.98
5.9584,2,-0.825,-0.03,-0.08,0.56,305.63,9.26,-2.63,0.03,-0.02,0.02,4.09,-4.88,-2.29,4.43,-0.17,-0.01,1.01
5.9624,5,0.876,0.08,0.16,0.45,70.04,12.01,16.97,0.08,-0,-0.01,4.09,21.67,3.81,-3.97,-0.16,0.22,0.96
5.9634,3,-0.641,-0.03,-0.12,-0.76,114.33,6.66,12.55,0.02,0.01,0,4.09,5.04,0,-0.46,-0.13,0.2,0.98
5.9674,7,-0.93,-0.07,0.04,-0.36,55.93,-6.6,5.53,0.02,-0.02,-0.02,0,-0.46,-3.2,-0.92,0.13,0.1,0.98
5.9684,4,-0.859,0.12,-0.13,0.48,314.67,6.37,-20.16,-0,-0.05,0.03,4.09,-6.56,-3.36,9.31,-0.16,-0.32,0.96
6.0634,1,0.017,0.02,-0.05,-1,196.11,2.57,5.4,-0.01,-0,0.02,4.09,1.53,1.22,3.2,-0.04,0.09,1.02
6.0644,2,-0.827,-0.03,-0.08,0.56,306.06,9.23,-2.76,0.03,-0,-0,4.09,-0.76,1.22,0.76,-0.15,-0.02,0.99
6.0684,0,0.014,-0.06,-0.05,-1,195.34,-6.46,6.1,-0.01,0,0,4.09,3.51,-4.73,5.8,0.12,0.11,0.99
6.0694,6,0.977,-0.05,-0.12,-0.17,354.78,-14.86,-3.5,-0,0.01,0,4.09,0,-0.46,0.31,0.26,-0.06,0.97
6.0734,5,0.877,0.09,0.17,0.44,69.49,12.14,18.25,0.11,0.03,0,4.09,10.53,3.66,-6.41,-0.17,0.2,0.97
